{
"lowlevel": {
    "average_loudness": 0.862018406391,
    "barkbands_crest": {
        "dmean": 3.12743377686,
        "dmean2": 4.98572063446,
        "dvar": 8.79544830322,
        "dvar2": 18.8697338104,
        "max": 26.9223632812,
        "mean": 12.8871440887,
        "median": 11.8750963211,
        "min": 2.07183361053,
        "var": 23.4698295593
    },
    "barkbands_flatness_db": {
        "dmean": 0.0439245663583,
        "dmean2": 0.0667394399643,
        "dvar": 0.0021952483803,
        "dvar2": 0.00431176740676,
        "max": 0.804938137531,
        "mean": 0.314780503511,
        "median": 0.31562051177,
        "min": 0.0303027015179,
        "var": 0.0136001156643
    },
    "barkbands_kurtosis": {
        "dmean": 23.4837837219,
        "dmean2": 36.4579582214,
        "dvar": 172015.484375,
        "dvar2": 378744.25,
        "max": 31752.4785156,
        "mean": 28.8884830475,
        "median": 8.55806255341,
        "min": -1.91201126575,
        "var": 205347.34375
    },
    "barkbands_skewness": {
        "dmean": 1.07230353355,
        "dmean2": 1.6659450531,
        "dvar": 5.23391771317,
        "dvar2": 11.1437110901,
        "max": 154.987426758,
        "mean": 2.63894414902,
        "median": 2.15724754333,
        "min": -2.44282221794,
        "var": 11.4364080429
    },
    "barkbands_spread": {
        "dmean": 1.97910451889,
        "dmean2": 3.19703412056,
        "dvar": 17.253118515,
        "dvar2": 41.8307609558,
        "max": 143.263504028,
        "mean": 4.92579364777,
        "median": 2.96207690239,
        "min": 0.0133687714115,
        "var": 48.0487251282
    },
    "dissonance": {
        "dmean": 0.035965539515,
        "dmean2": 0.0604776628315,
        "dvar": 0.00114634656347,
        "dvar2": 0.00323203834705,
        "max": 0.500000238419,
        "mean": 0.417304605246,
        "median": 0.430809497833,
        "min": 0.153317347169,
        "var": 0.00342128262855
    },
    "dynamic_complexity": 6.99003314972,
    "erbbands_crest": {
        "dmean": 2.35389709473,
        "dmean2": 3.87948274612,
        "dvar": 4.8876709938,
        "dvar2": 12.5197668076,
        "max": 29.2717437744,
        "mean": 9.6714553833,
        "median": 9.10152816772,
        "min": 2.40752625465,
        "var": 13.6476831436
    },
    "erbbands_flatness_db": {
        "dmean": 0.031127717346,
        "dmean2": 0.0490608029068,
        "dvar": 0.00103109469637,
        "dvar2": 0.00241512386128,
        "max": 0.502663493156,
        "mean": 0.236556604505,
        "median": 0.227948412299,
        "min": 0.0371232740581,
        "var": 0.00648289220408
    },
    "erbbands_kurtosis": {
        "dmean": 2.30954527855,
        "dmean2": 3.81342673302,
        "dvar": 37.8081207275,
        "dvar2": 99.2098617554,
        "max": 385.570922852,
        "mean": 3.13606762886,
        "median": 1.63275814056,
        "min": -1.78256261349,
        "var": 47.3521385193
    },
    "erbbands_skewness": {
        "dmean": 0.481877237558,
        "dmean2": 0.779452681541,
        "dvar": 0.235845327377,
        "dvar2": 0.589484572411,
        "max": 11.5852441788,
        "mean": 1.11485147476,
        "median": 1.02340149879,
        "min": -1.49688339233,
        "var": 0.779389858246
    },
    "erbbands_spread": {
        "dmean": 6.4466676712,
        "dmean2": 9.89100170135,
        "dvar": 85.3156814575,
        "dvar2": 211.282287598,
        "max": 195.599655151,
        "mean": 21.8141670227,
        "median": 15.8487501144,
        "min": 0.641172111034,
        "var": 272.053894043
    },
    "hfc": {
        "dmean": 3.30862307549,
        "dmean2": 5.38899850845,
        "dvar": 43.1687164307,
        "dvar2": 107.633735657,
        "max": 64.1275177002,
        "mean": 7.05489444733,
        "median": 3.6570250988,
        "min": 1.11521456331e-16,
        "var": 79.7710952759
    },
    "melbands_crest": {
        "dmean": 4.1172504425,
        "dmean2": 6.4500336647,
        "dvar": 14.6315069199,
        "dvar2": 34.7382316589,
        "max": 39.9964027405,
        "mean": 18.8632526398,
        "median": 17.908285141,
        "min": 1.19437456131,
        "var": 46.8439941406
    },
    "melbands_flatness_db": {
        "dmean": 0.0499334819615,
        "dmean2": 0.0750859901309,
        "dvar": 0.00300920009613,
        "dvar2": 0.00588974589482,
        "max": 0.96716183424,
        "mean": 0.439196765423,
        "median": 0.442369490862,
        "min": 0.000165989811649,
        "var": 0.019638447091
    },
    "melbands_kurtosis": {
        "dmean": 36.2201423645,
        "dmean2": 54.8198738098,
        "dvar": 1019565.1875,
        "dvar2": 2403259,
        "max": 76847.4609375,
        "mean": 47.8370094299,
        "median": 14.3781375885,
        "min": -1.5074133873,
        "var": 1108968.875
    },
    "melbands_skewness": {
        "dmean": 1.0482301712,
        "dmean2": 1.61798071861,
        "dvar": 11.2349100113,
        "dvar2": 24.7364311218,
        "max": 259.920471191,
        "mean": 3.29924273491,
        "median": 2.71067333221,
        "min": -0.506744205952,
        "var": 22.2282161713
    },
    "melbands_spread": {
        "dmean": 1.88930475712,
        "dmean2": 3.08418416977,
        "dvar": 20.35871315,
        "dvar2": 47.2236785889,
        "max": 201.230712891,
        "mean": 5.10180234909,
        "median": 2.87310099602,
        "min": 0.010480795987,
        "var": 117.371582031
    },
    "pitch_salience": {
        "dmean": 0.10328746587,
        "dmean2": 0.16266913712,
        "dvar": 0.00988773722202,
        "dvar2": 0.0226365979761,
        "max": 0.993806302547,
        "mean": 0.519177496433,
        "median": 0.548638641834,
        "min": 0.00165600376204,
        "var": 0.0286106169224
    },
    "silence_rate_20dB": {
        "dmean": 0.000263713067397,
        "dmean2": 0.00052749569295,
        "dvar": 0.000263645808445,
        "dvar2": 0.000790974241681,
        "max": 1,
        "mean": 0.999868154526,
        "median": 1,
        "min": 0,
        "var": 0.00013182098337
    },
    "silence_rate_30dB": {
        "dmean": 0.0804324895144,
        "dmean2": 0.160886198282,
        "dvar": 0.0739636048675,
        "dvar2": 0.152404293418,
        "max": 1,
        "mean": 0.860909700394,
        "median": 1,
        "min": 0,
        "var": 0.119745202363
    },
    "silence_rate_60dB": {
        "dmean": 0.0266350209713,
        "dmean2": 0.0532770678401,
        "dvar": 0.0259217210114,
        "dvar2": 0.0601967722178,
        "max": 1,
        "mean": 0.213315755129,
        "median": 0,
        "min": 0,
        "var": 0.167830660939
    },
    "spectral_centroid": {
        "dmean": 100.102966309,
        "dmean2": 162.938049316,
        "dvar": 58576.1289062,
        "dvar2": 128687.117188,
        "max": 11420.0351562,
        "mean": 413.664428711,
        "median": 283.370635986,
        "min": 50.2976913452,
        "var": 387287.5
    },
    "spectral_complexity": {
        "dmean": 2.02109694481,
        "dmean2": 2.9977581501,
        "dvar": 10.9725828171,
        "dvar2": 16.5225925446,
        "max": 42,
        "mean": 7.54647350311,
        "median": 6,
        "min": 0,
        "var": 49.2405128479
    },
    "spectral_decrease": {
        "dmean": 5.51533085869e-09,
        "dmean2": 8.46794012688e-09,
        "dvar": 9.2389126105e-17,
        "dvar2": 2.07369097369e-16,
        "max": 3.79533115571e-20,
        "mean": -1.15641336507e-08,
        "median": -5.07665420812e-09,
        "min": -1.00133583203e-07,
        "var": 2.2706661033e-16
    },
    "spectral_energy": {
        "dmean": 0.0210688263178,
        "dmean2": 0.0323945693672,
        "dvar": 0.0013430591207,
        "dvar2": 0.00302210263908,
        "max": 0.380612075329,
        "mean": 0.0442855246365,
        "median": 0.0195786226541,
        "min": 1.02912609623e-20,
        "var": 0.00329842045903
    },
    "spectral_energyband_high": {
        "dmean": 1.93991309061e-05,
        "dmean2": 2.79167052213e-05,
        "dvar": 1.9822874453e-09,
        "dvar2": 3.98547639335e-09,
        "max": 0.000622549443506,
        "mean": 2.90837633656e-05,
        "median": 1.03516447325e-06,
        "min": 7.17593236998e-21,
        "var": 4.8002455344e-09
    },
    "spectral_energyband_low": {
        "dmean": 0.0178592167795,
        "dmean2": 0.0253297816962,
        "dvar": 0.00116491829976,
        "dvar2": 0.00239675934426,
        "max": 0.379375427961,
        "mean": 0.0320023521781,
        "median": 0.00959232635796,
        "min": 2.83270200744e-23,
        "var": 0.0027254470624
    },
    "spectral_energyband_middle_high": {
        "dmean": 0.000420376949478,
        "dmean2": 0.000670826178975,
        "dvar": 1.77544814051e-06,
        "dvar2": 4.37311791757e-06,
        "max": 0.0147880893201,
        "mean": 0.000660674006213,
        "median": 7.57158632041e-05,
        "min": 1.35839141771e-21,
        "var": 2.73578461929e-06
    },
    "spectral_energyband_middle_low": {
        "dmean": 0.0085011087358,
        "dmean2": 0.0147045375779,
        "dvar": 0.000309679715429,
        "dvar2": 0.000810503493994,
        "max": 0.151293799281,
        "mean": 0.0140866227448,
        "median": 0.00519619137049,
        "min": 1.77077450174e-22,
        "var": 0.000437054492068
    },
    "spectral_entropy": {
        "dmean": 0.314517825842,
        "dmean2": 0.500831365585,
        "dvar": 0.130161777139,
        "dvar2": 0.285856693983,
        "max": 9.81619739532,
        "mean": 6.24659967422,
        "median": 6.19968652725,
        "min": 3.45193958282,
        "var": 0.815113246441
    },
    "spectral_flux": {
        "dmean": 0.0402822978795,
        "dmean2": 0.0630311369896,
        "dvar": 0.00369961070828,
        "dvar2": 0.00783686991781,
        "max": 0.531795144081,
        "mean": 0.0909587070346,
        "median": 0.0508133471012,
        "min": 6.4594392335e-11,
        "var": 0.00892355572432
    },
    "spectral_kurtosis": {
        "dmean": 20.7899913788,
        "dmean2": 34.1806144714,
        "dvar": 1290.36791992,
        "dvar2": 3458.38623047,
        "max": 976.207397461,
        "mean": 45.189239502,
        "median": 21.993024826,
        "min": -1.25091278553,
        "var": 3754.57446289
    },
    "spectral_rms": {
        "dmean": 0.00126879487652,
        "dmean2": 0.00194098160136,
        "dvar": 3.32831587002e-06,
        "dvar2": 6.69708015266e-06,
        "max": 0.0192698948085,
        "mean": 0.0052537242882,
        "median": 0.00437047984451,
        "min": 3.1686361434e-12,
        "var": 1.56038368004e-05
    },
    "spectral_rolloff": {
        "dmean": 109.004196167,
        "dmean2": 181.789764404,
        "dvar": 145059.953125,
        "dvar2": 317153.78125,
        "max": 18992.2851562,
        "mean": 382.780151367,
        "median": 236.865234375,
        "min": 21.533203125,
        "var": 1434809.375
    },
    "spectral_skewness": {
        "dmean": 1.10538983345,
        "dmean2": 1.76390814781,
        "dvar": 1.68288218975,
        "dvar2": 4.11339235306,
        "max": 24.0334854126,
        "mean": 4.54410076141,
        "median": 3.67212843895,
        "min": -0.052124120295,
        "var": 8.64848136902
    },
    "spectral_spread": {
        "dmean": 764297.0625,
        "dmean2": 1273530.875,
        "dvar": 1.52689075814e+12,
        "dvar2": 3.79311541453e+12,
        "max": 43150868,
        "mean": 2594722,
        "median": 2236882.25,
        "min": 104804.359375,
        "var": 5.67127415194e+12
    },
    "spectral_strongpeak": {
        "dmean": 0.198159113526,
        "dmean2": 0.327462226152,
        "dvar": 0.0730101242661,
        "dvar2": 0.184905365109,
        "max": 3.25640463829,
        "mean": 0.442589789629,
        "median": 0.344511181116,
        "min": 0,
        "var": 0.162445127964
    },
    "zerocrossingrate": {
        "dmean": 0.00385493668728,
        "dmean2": 0.00471629574895,
        "dvar": 0.000103863902041,
        "dvar2": 0.000122376499348,
        "max": 0.85986328125,
        "mean": 0.0168933086097,
        "median": 0.0107421875,
        "min": 0,
        "var": 0.00163665879518
    },
    "barkbands": {
        "dmean": [0.00215633423068, 0.0148493507877, 0.00576046854258, 0.00444477656856, 0.00357472687028, 0.00094167055795, 0.000723710691091, 0.000538681983016, 0.000255043472862, 9.54737697612e-05, 8.7846594397e-05, 7.70427141106e-05, 8.44815149321e-05, 5.86128771829e-05, 3.80031888199e-05, 4.07386942243e-05, 2.88453175017e-05, 3.05300964101e-05, 1.49980141941e-05, 1.08971435111e-05, 7.02752140569e-06, 2.65385210696e-06, 1.65092023963e-06, 1.30228772832e-06, 1.59162300406e-06, 9.82672872851e-07, 1.17415225986e-07],
        "dmean2": [0.00335788913071, 0.0206590052694, 0.0102244121954, 0.00779983215034, 0.00628018099815, 0.0015423753066, 0.00114579254296, 0.000973194895778, 0.00042648910312, 0.000162459371495, 0.000147800106788, 0.000135704132845, 0.000150152831338, 9.41793186939e-05, 5.83485161769e-05, 6.71719171805e-05, 4.24434692832e-05, 5.16692416568e-05, 2.12185968849e-05, 1.41405134855e-05, 1.00598790596e-05, 3.72896806766e-06, 2.65777089226e-06, 2.18046966438e-06, 2.72997021966e-06, 1.72343584381e-06, 2.0928607114e-07],
        "dvar": [3.45501139236e-05, 0.00126591545995, 0.000201151095098, 8.51310323924e-05, 6.19747806923e-05, 3.87105865229e-06, 3.30760394718e-06, 4.6486188694e-06, 4.98780366343e-07, 7.04952114461e-08, 1.00110895573e-07, 6.43872795081e-08, 1.10265595765e-07, 3.73962016909e-08, 1.15064580086e-08, 1.20935963466e-08, 8.44826253399e-09, 1.07147313244e-08, 2.01254746202e-09, 8.38762004296e-10, 3.16156711921e-10, 4.26580853974e-11, 1.85064984171e-11, 1.7027570326e-11, 3.0511461413e-11, 2.04039441593e-11, 2.59065230206e-13],
        "dvar2": [8.42196968733e-05, 0.00264781131409, 0.000565070193261, 0.000222452770686, 0.000172222571564, 1.00313664007e-05, 7.69875168771e-06, 1.3446578123e-05, 1.34951551445e-06, 1.90396548305e-07, 2.56945753563e-07, 1.7574093647e-07, 3.08954497541e-07, 8.92051303936e-08, 2.62172505927e-08, 3.08826528794e-08, 1.7164571986e-08, 2.86448749165e-08, 3.45711415051e-09, 1.21644305739e-09, 6.08680994496e-10, 8.84292361558e-11, 4.66517935394e-11, 4.57433327328e-11, 8.53117923527e-11, 5.91903401292e-11, 7.33216384743e-13],
        "max": [0.075267791748, 0.359285444021, 0.188444897532, 0.106672495604, 0.10367795825, 0.0352283269167, 0.0267005190253, 0.0298533570021, 0.0121631678194, 0.00479581672698, 0.00414669187739, 0.00325885950588, 0.00424083974212, 0.00279680173844, 0.00192362337839, 0.00185376091395, 0.00135099841282, 0.00129847379867, 0.000612925563473, 0.000483042793348, 0.000269072275842, 0.000134051340865, 6.03915686952e-05, 6.51084046694e-05, 0.000114287548058, 0.000100622120954, 1.58693310368e-05],
        "mean": [0.00238163466565, 0.0201784800738, 0.00697853974998, 0.00501913856715, 0.00504849664867, 0.00174995244015, 0.00117357610725, 0.000607271678746, 0.000410983309848, 0.000156304638949, 9.61652331171e-05, 8.03730872576e-05, 8.88356807991e-05, 7.15582427802e-05, 5.21030160598e-05, 5.59248765057e-05, 4.02552104788e-05, 3.58504366886e-05, 2.23832357733e-05, 1.72790769284e-05, 9.89200907497e-06, 3.90937520933e-06, 2.28224598686e-06, 1.62286858085e-06, 1.78668767603e-06, 9.37247762067e-07, 9.66801323443e-08],
        "median": [0.000128816362121, 0.00330382678658, 0.00217271596193, 0.000921205501072, 0.00162240571808, 0.000565335038118, 0.000229469078477, 0.000104051694507, 5.248098023e-05, 1.97996760107e-05, 1.08584999907e-05, 6.91701097821e-06, 5.2260566008e-06, 3.14107865051e-06, 1.85021826837e-06, 1.8094084453e-06, 1.27938722017e-06, 6.87951853706e-07, 4.69660164981e-07, 3.17493487501e-07, 2.03932899012e-07, 1.14309330002e-07, 9.12780606654e-08, 6.89623149697e-08, 9.13864752761e-08, 7.25825728409e-08, 1.06256710097e-08],
        "min": [2.69934948903e-24, 7.90804500719e-24, 4.1317393563e-25, 3.92978396342e-24, 1.40975155116e-23, 8.58763053324e-24, 8.16894339665e-24, 1.48916870284e-23, 2.22009093002e-23, 1.83290001171e-23, 2.16698654937e-23, 3.86526476548e-23, 3.4693856487e-23, 4.42879607282e-23, 4.08458103445e-23, 4.76478676294e-23, 8.02660985461e-23, 1.5656829095e-22, 1.67175554496e-22, 2.08133288425e-22, 3.65960601381e-22, 3.97801753819e-22, 4.36303340921e-22, 5.37772966681e-22, 1.05568814605e-21, 1.2713566086e-21, 2.00553796728e-21],
        "var": [4.13522102463e-05, 0.00203111651354, 0.000172748812474, 0.000118498668598, 6.96105707902e-05, 9.27954988583e-06, 6.79166214468e-06, 3.15434431286e-06, 7.94728350684e-07, 1.5472015491e-07, 9.15322786454e-08, 5.7752263416e-08, 9.63110835528e-08, 5.16048004329e-08, 1.97870591023e-08, 2.11944737316e-08, 1.67502438586e-08, 1.53753187959e-08, 4.94887775204e-09, 2.61140398194e-09, 7.57667761864e-10, 9.59584495197e-11, 3.10491632405e-11, 2.13150348066e-11, 2.80671631769e-11, 1.2829261091e-11, 1.64197648533e-13]
    },
    "erbbands": {
        "dmean": [0.571012020111, 2.93333411217, 5.5882563591, 11.9395465851, 11.2390146255, 13.3592433929, 10.9027776718, 7.81501722336, 10.5564231873, 10.3170690536, 10.1741533279, 6.58304643631, 3.84141921997, 2.85639619827, 3.89236998558, 3.23411774635, 3.90372109413, 3.018450737, 2.09357690811, 2.17177677155, 1.80004990101, 1.79056715965, 1.63692271709, 0.830519616604, 0.77307510376, 0.558925449848, 0.335651487112, 0.225795596838, 0.103489428759, 0.0620823539793, 0.0468758754432, 0.0355655662715, 0.0178735665977, 0.0174478534609, 0.0108485082164, 0.00519533781335, 0.00154831877444, 0.000307462090859, 2.40603076236e-05, 2.29996949201e-05],
        "dmean2": [0.803357005119, 4.39004421234, 9.47123336792, 21.0279197693, 19.6770153046, 23.7326488495, 18.3254108429, 12.6925487518, 16.6048622131, 17.6619701385, 18.1473560333, 11.2284221649, 6.26638317108, 4.83594894409, 6.52389955521, 5.79381418228, 6.97943639755, 4.72677183151, 3.33502960205, 3.30528712273, 2.98075032234, 2.64084863663, 2.6938431263, 1.24228346348, 0.976454913616, 0.790203511715, 0.434606075287, 0.329344600439, 0.144891366363, 0.0965380817652, 0.0767649710178, 0.0594399869442, 0.0298412777483, 0.0298322811723, 0.0187479946762, 0.00907452497631, 0.00275899516419, 0.00054376909975, 4.05123537348e-05, 3.54111980414e-05],
        "dvar": [2.04290008545, 54.8377456665, 186.098892212, 615.241027832, 535.924682617, 899.696594238, 698.908569336, 250.140487671, 763.290344238, 856.512329102, 1646.14416504, 389.63885498, 109.161994934, 67.196105957, 204.700485229, 125.863204956, 229.374740601, 98.0535812378, 36.7882728577, 37.1447525024, 26.1764221191, 33.2407798767, 29.8269958496, 6.06936359406, 5.23683452606, 2.21982145309, 0.631469130516, 0.353390395641, 0.0670464634895, 0.0235537942499, 0.0155609324574, 0.0136864604428, 0.00267467601225, 0.00321097066626, 0.00184567971155, 0.000551812699996, 5.73073593841e-05, 1.68922053945e-06, 3.98405486379e-09, 1.5766428163e-09],
        "dvar2": [3.52834129333, 127.995277405, 502.952911377, 1706.27819824, 1433.52416992, 2518.68432617, 1917.09619141, 621.573974609, 1713.80944824, 2333.72143555, 4672.61621094, 1077.27929688, 268.101928711, 179.613845825, 535.387023926, 350.24786377, 647.30480957, 224.261947632, 80.5242919922, 83.6407852173, 66.4052810669, 68.7056427002, 76.3240585327, 11.0342540741, 9.0906791687, 3.94440555573, 1.09086239338, 0.651405453682, 0.133193835616, 0.0571527443826, 0.0397220887244, 0.0368252359331, 0.00706159463152, 0.00890386477113, 0.00524599570781, 0.0015935896663, 0.00016730412608, 4.84166048409e-06, 1.09526023806e-08, 3.5576424029e-09],
        "max": [12.5767288208, 76.7170639038, 178.449035645, 244.134902954, 305.719329834, 327.527893066, 375.809265137, 333.454711914, 465.109832764, 645.262939453, 602.207885742, 358.741851807, 287.086547852, 178.803726196, 204.011032104, 132.807983398, 188.704803467, 136.0521698, 104.24521637, 93.2037200928, 85.3670883179, 90.0360183716, 65.7125549316, 33.4071540833, 37.0904884338, 23.2673568726, 12.4346656799, 9.39230918884, 6.51675033569, 2.13036322594, 1.77843809128, 1.90927100182, 0.859196305275, 1.16388320923, 1.16373491287, 0.606449127197, 0.196219757199, 0.0420491322875, 0.00151248252951, 0.000410970038502],
        "mean": [0.803227365017, 3.65836071968, 7.80571651459, 13.5400075912, 14.8941259384, 18.2012786865, 16.8851242065, 14.6616401672, 17.0550498962, 15.7456216812, 11.279967308, 9.35974788666, 7.84806156158, 4.09775876999, 4.36752462387, 3.23242330551, 4.06599283218, 3.8064661026, 2.94490289688, 3.12181377411, 2.58603310585, 2.4992609024, 2.00965547562, 1.28422856331, 1.09864628315, 0.827941477299, 0.495841920376, 0.330083787441, 0.153751894832, 0.0872893556952, 0.0631676539779, 0.0442240834236, 0.0221681036055, 0.0196811649948, 0.0117873130366, 0.005162185058, 0.00142687221523, 0.000282517197775, 3.38708268828e-05, 4.85557065986e-05],
        "median": [0.0481889247894, 0.894333362579, 2.68109822273, 3.9152097702, 4.16680288315, 5.58079099655, 4.69404602051, 4.62178039551, 3.29686903954, 3.20188212395, 2.00399184227, 1.23318982124, 0.856339097023, 0.549398303032, 0.501589417458, 0.318410515785, 0.260691076517, 0.197573199868, 0.114443950355, 0.102772943676, 0.0911064520478, 0.075312525034, 0.0417986661196, 0.0278828311712, 0.0203727986664, 0.0152493054047, 0.0103010516614, 0.00657425541431, 0.00438877148554, 0.00344346044585, 0.0024444849696, 0.00163494830485, 0.00110300793312, 0.00106500147376, 0.00062028382672, 0.00035044181277, 0.000128764702822, 3.28805072058e-05, 1.48511235238e-05, 2.17718807107e-05],
        "min": [2.90883585693e-22, 1.53508848546e-21, 1.81197184744e-21, 5.70663543937e-21, 1.15924144503e-20, 3.98943619503e-20, 6.74259991204e-20, 5.57114737478e-20, 1.43784230537e-19, 3.04790206332e-19, 4.85768018576e-19, 4.06733418438e-19, 7.22629894511e-19, 1.13579125594e-18, 1.15106886826e-18, 1.68423350876e-18, 2.34728173885e-18, 2.44253696305e-18, 4.30431331317e-18, 3.99465163341e-18, 3.04380152222e-18, 4.82053233163e-18, 8.36375469524e-18, 1.14119417223e-17, 8.21292823671e-18, 1.06847746904e-17, 1.22652761314e-17, 1.31537417284e-17, 1.38658036151e-17, 1.18375716424e-17, 1.26815862076e-17, 1.13351123598e-17, 9.76317968274e-18, 9.672870585e-18, 7.06638725172e-18, 3.94755527806e-18, 2.39862132395e-18, 9.88221097289e-19, 2.8728750401e-19, 2.93648535845e-20],
        "var": [3.85938405991, 65.7459411621, 184.56288147, 627.310241699, 692.636962891, 989.125793457, 942.356140137, 734.362060547, 1482.91503906, 1286.96276855, 1130.73864746, 428.046264648, 521.744384766, 102.232078552, 184.140045166, 104.101493835, 197.076217651, 144.434524536, 64.2314605713, 70.1812210083, 45.116268158, 66.2674255371, 46.5833015442, 15.485253334, 12.7477645874, 5.94964551926, 1.71828019619, 0.912933290005, 0.1567645818, 0.0413470454514, 0.0250483565032, 0.0168736502528, 0.00354265677743, 0.00318022374995, 0.00147057091817, 0.000363936647773, 3.41988161381e-05, 1.06806680833e-06, 3.41144423821e-09, 3.87889897979e-09]
    },
    "gfcc": {
        "mean": [-174.578933716, 176.792663574, -55.1533889771, 18.0630130768, -34.2552185059, -3.86503243446, -27.4485797882, 1.8676533699, -15.5090732574, -2.13120651245, -11.9951610565, -5.13220500946, -6.24768400192],
        "cov": [[21020.0976562, 464.578094482, -2408.50439453, 435.097015381, -541.895690918, -68.793548584, -349.773101807, -208.120391846, -226.532394409, 95.7850418091, -312.483673096, -199.866073608, -90.7034606934], [464.578094482, 2314.95385742, 817.384765625, -555.449157715, 283.453552246, -407.684051514, 275.189941406, -210.189483643, 268.710205078, -202.620300293, 157.95022583, -128.868682861, 152.80859375], [-2408.50439453, 817.384765625, 1697.43908691, -231.299102783, 162.901687622, -80.5342025757, 190.036422729, 81.6482772827, 157.050201416, -21.6353149414, 152.366333008, 33.8810119629, 66.5914916992], [435.097015381, -555.449157715, -231.299102783, 426.902893066, 0.382446110249, 54.588218689, -40.6572113037, 32.3742752075, -49.5992164612, 58.9395370483, -18.8551902771, 9.52897262573, -27.5496864319], [-541.895690918, 283.453552246, 162.901687622, 0.382446110249, 419.113647461, 27.9825878143, 105.171646118, -17.871471405, 120.021972656, -1.17354750633, 55.1945571899, -6.02735519409, 57.0115318298], [-68.793548584, -407.684051514, -80.5342025757, 54.588218689, 27.9825878143, 254.463058472, 0.673523247242, 72.8042602539, -1.28648769855, 45.5593528748, -0.158530160785, 40.5733070374, 1.38361465931], [-349.773101807, 275.189941406, 190.036422729, -40.6572113037, 105.171646118, 0.673523247242, 203.765594482, 3.71189856529, 85.8582763672, -15.9601259232, 67.5656204224, -16.7807044983, 44.9205780029], [-208.120391846, -210.189483643, 81.6482772827, 32.3742752075, -17.871471405, 72.8042602539, 3.71189856529, 129.197418213, 8.65552520752, 32.9687728882, -6.289727211, 35.766242981, -7.90767002106], [-226.532394409, 268.710205078, 157.050201416, -49.5992164612, 120.021972656, -1.28648769855, 85.8582763672, 8.65552520752, 148.297027588, -3.68465995789, 55.7234382629, -4.20743083954, 57.4595451355], [95.7850418091, -202.620300293, -21.6353149414, 58.9395370483, -1.17354750633, 45.5593528748, -15.9601259232, 32.9687728882, -3.68465995789, 82.4400634766, 7.88272190094, 20.9726753235, -9.73456764221], [-312.483673096, 157.95022583, 152.366333008, -18.8551902771, 55.1945571899, -0.158530160785, 67.5656204224, -6.289727211, 55.7234382629, 7.88272190094, 88.881729126, 12.34263134, 32.8092536926], [-199.866073608, -128.868682861, 33.8810119629, 9.52897262573, -6.02735519409, 40.5733070374, -16.7807044983, 35.766242981, -4.20743083954, 20.9726753235, 12.34263134, 63.5345573425, 10.071726799], [-90.7034606934, 152.80859375, 66.5914916992, -27.5496864319, 57.0115318298, 1.38361465931, 44.9205780029, -7.90767002106, 57.4595451355, -9.73456764221, 32.8092536926, 10.071726799, 81.3488693237]],
        "icov": [[8.67172784638e-05, -0.00027157983277, 0.0001490785653, -0.000239109707763, 0.000166089695995, -0.000237885193201, 7.47897283873e-05, -6.23270316282e-05, 7.94889929239e-05, -0.000401238736231, 0.000296778132906, -2.27846667258e-05, 2.30772438954e-05], [-0.00027157983277, 0.00286808260716, -0.000847589340992, 0.00227700918913, -0.00106216664426, 0.00271213892847, -0.00065391761018, 0.00118583883159, -0.00142101955134, 0.00291940732859, -0.00210398086347, 0.00192383758258, -0.00108728010673], [0.0001490785653, -0.000847589340992, 0.00119952135719, -0.00030893512303, 0.000176342902705, -0.000284596491838, -2.82197252091e-05, -0.00127991044428, 0.000321682018694, -0.000793262501247, -0.000457237445517, -0.000620805891231, 0.000383374193916], [-0.000239109707763, 0.00227700918913, -0.00030893512303, 0.00477413879707, -0.00133426580578, 0.00215897383168, -0.00043159184861, 4.45967853011e-05, -1.19841070045e-06, 0.00067318911897, -0.00222196080722, 0.00200745905749, -0.000804073410109], [0.000166089695995, -0.00106216664426, 0.000176342902705, -0.00133426580578, 0.00390512216836, -0.00168034515809, -0.000552241457626, 0.00102513679303, -0.00196367548779, -0.001358456444, 0.00139435240999, -0.000763653544709, 3.71795831597e-05], [-0.000237885193201, 0.00271213892847, -0.000284596491838, 0.00215897383168, -0.00168034515809, 0.00806278921664, -0.00110870518256, -0.00152281532064, -0.000761592469644, 0.00123824726325, -0.00203851726837, -7.28888790036e-06, -0.00138181610964], [7.47897283873e-05, -0.00065391761018, -2.82197252091e-05, -0.00043159184861, -0.000552241457626, -0.00110870518256, 0.00882964488119, -0.00209201918915, -0.00098838203121, 0.00103280693293, -0.00468271784484, 0.00385580584407, -0.0012515593553], [-6.23270316282e-05, 0.00118583883159, -0.00127991044428, 4.45967853011e-05, 0.00102513679303, -0.00152281532064, -0.00209201918915, 0.0139045901597, -0.00397810060531, -0.00146906019654, 0.00440876558423, -0.00539373233914, 0.00210384232923], [7.94889929239e-05, -0.00142101955134, 0.000321682018694, -1.19841070045e-06, -0.00196367548779, -0.000761592469644, -0.00098838203121, -0.00397810060531, 0.0150968758389, -0.00207367748953, -0.0035982360132, 0.00277141365223, -0.00576107250527], [-0.000401238736231, 0.00291940732859, -0.000793262501247, 0.00067318911897, -0.001358456444, 0.00123824726325, 0.00103280693293, -0.00146906019654, -0.00207367748953, 0.0200042575598, -0.0061010136269, -0.000641665537842, 0.00156249816064], [0.000296778132906, -0.00210398086347, -0.000457237445517, -0.00222196080722, 0.00139435240999, -0.00203851726837, -0.00468271784484, 0.00440876558423, -0.0035982360132, -0.0061010136269, 0.0234848316759, -0.00771261146292, -0.000728706305381], [-2.27846667258e-05, 0.00192383758258, -0.000620805891231, 0.00200745905749, -0.000763653544709, -7.28888790036e-06, 0.00385580584407, -0.00539373233914, 0.00277141365223, -0.000641665537842, -0.00771261146292, 0.026555461809, -0.00678085489199], [2.30772438954e-05, -0.00108728010673, 0.000383374193916, -0.000804073410109, 3.71795831597e-05, -0.00138181610964, -0.0012515593553, 0.00210384232923, -0.00576107250527, 0.00156249816064, -0.000728706305381, -0.00678085489199, 0.0200574286282]]
    },
    "melbands": {
        "dmean": [0.00455012684688, 0.00271968683228, 0.00201424444094, 0.000823904119898, 0.000437510752818, 0.000173531530891, 0.000151231841301, 0.000116313596664, 7.53513813834e-05, 3.95526549255e-05, 1.80393089977e-05, 1.09741558845e-05, 1.28988767756e-05, 9.40737027122e-06, 9.22024810279e-06, 7.99450208433e-06, 5.82200618737e-06, 3.65707319361e-06, 3.0179114674e-06, 3.19126502291e-06, 1.96334781322e-06, 1.81048210379e-06, 1.79519975063e-06, 1.3678356936e-06, 7.22377649254e-07, 6.09645553595e-07, 4.84942518142e-07, 4.25776789825e-07, 2.2945441458e-07, 1.59662903343e-07, 1.20380121871e-07, 6.42868585032e-08, 3.89586070071e-08, 3.4210707156e-08, 3.05805976097e-08, 2.00456007349e-08, 2.32270753742e-08, 1.13970015647e-08, 1.5662243058e-08, 1.46432697079e-08],
        "dmean2": [0.00640075886622, 0.00436776038259, 0.00352775561623, 0.00145469896961, 0.000745992350858, 0.000278708292171, 0.00023777098977, 0.000203392788535, 0.000132699424285, 6.67587883072e-05, 2.93723041978e-05, 1.86468787433e-05, 2.14935971599e-05, 1.65059154824e-05, 1.69882805494e-05, 1.39372205012e-05, 9.31791146286e-06, 5.95673191128e-06, 4.60307637695e-06, 5.24878441865e-06, 3.28672149408e-06, 2.70616737907e-06, 2.84810880657e-06, 2.31432977671e-06, 1.15712714432e-06, 8.44633348152e-07, 6.23097491825e-07, 6.57766292989e-07, 2.99809528315e-07, 2.28528548973e-07, 1.79207063411e-07, 9.05734154344e-08, 5.8216141241e-08, 5.49526717464e-08, 5.10774214035e-08, 3.26326841105e-08, 3.92323755705e-08, 1.91267108818e-08, 2.68753694854e-08, 2.52043292903e-08],
        "dvar": [0.000123366495245, 3.7211804738e-05, 1.6376547137e-05, 3.19733521792e-06, 1.0703887483e-06, 1.24820246583e-07, 1.49277070705e-07, 1.33064986585e-07, 8.43925747063e-08, 1.25583694555e-08, 2.49389153772e-09, 1.0107150672e-09, 2.18130269403e-09, 9.90843185278e-10, 1.17484066919e-09, 9.60242885206e-10, 3.83493792278e-10, 1.19363241513e-10, 7.27868806893e-11, 7.54242224232e-11, 3.31233721007e-11, 3.36593843075e-11, 3.77437872623e-11, 2.25871092663e-11, 4.75340556846e-12, 3.48918832195e-12, 2.19097830156e-12, 1.34059126647e-12, 3.02503302355e-13, 1.63876426535e-13, 1.01997010555e-13, 2.6491253581e-14, 9.66013547773e-15, 7.51326779247e-15, 6.79413216157e-15, 3.14737050881e-15, 6.57319759333e-15, 1.19144173168e-15, 2.09624116127e-15, 2.53909878522e-15],
        "dvar2": [0.000244910246693, 8.62343440531e-05, 4.4191350753e-05, 8.83749726199e-06, 2.95650102089e-06, 3.041052139e-07, 3.39698459584e-07, 3.76054430262e-07, 2.36806670273e-07, 3.47037136805e-08, 6.10178707561e-09, 2.72306510674e-09, 5.52184475922e-09, 2.68705746542e-09, 3.35748739921e-09, 2.67027688849e-09, 9.13453146456e-10, 2.71560690601e-10, 1.55033902383e-10, 1.89687821006e-10, 8.59131793485e-11, 6.8178879209e-11, 8.76109532144e-11, 6.55023119078e-11, 1.05672181075e-11, 6.81841432273e-12, 3.86727412247e-12, 3.20899470191e-12, 5.40844441715e-13, 2.98466221356e-13, 1.96956640992e-13, 5.33673955451e-14, 2.20940633004e-14, 1.89827588192e-14, 1.77788336218e-14, 8.07523264836e-15, 1.78276108611e-14, 3.1903371021e-15, 5.70855567813e-15, 7.1018461023e-15],
        "max": [0.107975907624, 0.0776126459241, 0.0393855907023, 0.0271292198449, 0.0152257373556, 0.00654208473861, 0.00596331059933, 0.00649064593017, 0.00438849674538, 0.00196872046217, 0.00138528307434, 0.00072060333332, 0.000659436511341, 0.000401432509534, 0.000381192949135, 0.000394104921725, 0.000279742380371, 0.000171368010342, 0.000138320436236, 0.000176226923941, 9.16771969059e-05, 8.96871206351e-05, 7.63050920796e-05, 6.20930295554e-05, 2.67358609563e-05, 2.97045098705e-05, 3.16916994052e-05, 1.78623085958e-05, 8.51650656841e-06, 5.91719481235e-06, 4.88519299324e-06, 3.76129082724e-06, 2.21480263463e-06, 1.28101817154e-06, 1.2030908465e-06, 9.35983621275e-07, 1.36026653763e-06, 7.58311728077e-07, 6.11682423823e-07, 1.13806879654e-06],
        "mean": [0.00631636753678, 0.00434648199007, 0.00242695631459, 0.00117023021448, 0.000659690238535, 0.000326743436744, 0.000253432954196, 0.000161422416568, 8.37845655042e-05, 5.97624530201e-05, 3.70946254407e-05, 1.53077871801e-05, 1.43985316754e-05, 1.00172128441e-05, 8.32392834127e-06, 8.61582066136e-06, 7.03114073985e-06, 4.85836199005e-06, 4.18818035541e-06, 4.24836252932e-06, 2.69249107987e-06, 2.57153601524e-06, 2.26191923502e-06, 1.48104902564e-06, 9.85530505204e-07, 8.20025604753e-07, 6.95940684636e-07, 5.25430834841e-07, 3.30417975647e-07, 2.29044701427e-07, 1.75061160235e-07, 9.37552115943e-08, 5.43019424981e-08, 4.54367707903e-08, 3.92703682905e-08, 2.67516018226e-08, 2.70655338142e-08, 1.359970625e-08, 1.79790085042e-08, 1.58541464401e-08],
        "median": [0.000741546798963, 0.00160086154938, 0.000768508412875, 0.00037656724453, 0.000186625286005, 0.000103883081465, 4.79356203869e-05, 3.16006771754e-05, 1.20688273455e-05, 7.32844728191e-06, 3.938185273e-06, 1.9370913833e-06, 1.64808488989e-06, 9.34213460368e-07, 6.50297806715e-07, 4.5509622737e-07, 3.26808702766e-07, 1.79961986646e-07, 1.43215373782e-07, 1.26914997622e-07, 9.08607162842e-08, 7.93517642705e-08, 4.61404816576e-08, 2.98101134888e-08, 2.11359125757e-08, 1.63367896988e-08, 1.09431379514e-08, 9.31400911952e-09, 6.40363495563e-09, 4.65550620277e-09, 3.4117348946e-09, 2.41520980993e-09, 1.99474325946e-09, 1.76282544118e-09, 1.42945000281e-09, 1.0352936286e-09, 9.25815146768e-10, 6.6952193789e-10, 8.34495361701e-10, 8.53704829051e-10],
        "min": [3.41575864771e-24, 1.72720700768e-24, 2.31193043215e-24, 1.54395402775e-24, 2.55919691074e-24, 1.32883077143e-24, 2.35164228176e-24, 3.43884111222e-24, 4.18216068296e-24, 2.75164860047e-24, 2.42085654316e-24, 3.35363861243e-24, 3.18834286772e-24, 3.87116134297e-24, 4.56066876706e-24, 4.72185474367e-24, 3.89285896217e-24, 5.75875402787e-24, 3.34523763822e-24, 4.02228382102e-24, 2.98856187132e-24, 4.07169570154e-24, 5.541351851e-24, 8.3033936939e-24, 8.17085086232e-24, 5.81127165378e-24, 6.33737127451e-24, 6.90854640736e-24, 7.0433075158e-24, 8.71998956022e-24, 6.69002799231e-24, 7.37176316433e-24, 6.83730122357e-24, 5.88837925739e-24, 7.14114046755e-24, 6.72730245895e-24, 6.51950663575e-24, 6.05759702131e-24, 6.69802783075e-24, 7.69047085865e-24],
        "var": [0.000213106672163, 5.12820479344e-05, 1.880434138e-05, 3.55923998541e-06, 1.35389018396e-06, 3.50145029415e-07, 3.27163775182e-07, 1.50495168327e-07, 6.09693771025e-08, 1.68540008616e-08, 1.22449295148e-08, 1.57052815197e-09, 2.03108241337e-09, 9.15116926681e-10, 8.59612714343e-10, 8.87914963776e-10, 5.23591947577e-10, 1.88106308308e-10, 1.34850783318e-10, 1.24581456262e-10, 5.22237739164e-11, 6.86276452333e-11, 6.2657837252e-11, 2.68788238195e-11, 9.36785284761e-12, 7.11980387841e-12, 5.31915917562e-12, 2.44942737967e-12, 7.74857066531e-13, 4.10421859259e-13, 2.56642553346e-13, 6.06035878491e-14, 1.74370185581e-14, 1.18864463831e-14, 1.02963707235e-14, 5.01825855447e-15, 7.21871716726e-15, 1.44021922582e-15, 2.43171321871e-15, 2.27566666818e-15]
    },
    "mfcc": {
        "mean": [-825.348388672, 202.794754028, 43.2880134583, 32.8454055786, 16.2699184418, 4.7014169693, 0.935225844383, 1.89534342289, 2.68435096741, 1.12251281738, -0.599733769894, 0.609025061131, 0.210821717978],
        "cov": [[13253.1933594, 815.014282227, -2604.62084961, 387.596984863, -465.649414062, 147.643463135, -160.386810303, -325.515106201, -50.0055999756, 19.5578956604, -107.669937134, -72.6043167114, -162.306793213], [815.014282227, 2633.80712891, 637.680053711, -31.0436058044, 80.5600967407, -67.423286438, -40.5826034546, 39.8012504578, 59.9893302917, -12.1825656891, 9.97249317169, 35.0603294373, 9.0611333847], [-2604.62084961, 637.680053711, 1486.36523438, 9.28730678558, 78.0718231201, -95.1126861572, 40.6668281555, 109.753051758, -6.66893768311, 24.3525676727, 52.9528045654, 37.9409255981, 62.8009376526], [387.596984863, -31.0436058044, 9.28730678558, 304.758300781, 51.8215179443, 16.7578277588, 16.703912735, -12.5859146118, 1.23944711685, 7.08548688889, 9.91551113129, 11.6516418457, 3.25867152214], [-465.649414062, 80.5600967407, 78.0718231201, 51.8215179443, 246.996856689, 82.1278533936, 19.1875915527, 38.3699111938, 42.1386795044, 17.5124320984, 23.4397392273, 27.6432552338, 25.6897029877], [147.643463135, -67.423286438, -95.1126861572, 16.7578277588, 82.1278533936, 141.523422241, 56.2601776123, 14.0796699524, 26.818561554, 26.2448310852, 17.0393981934, 17.9802818298, 12.536567688], [-160.386810303, -40.5826034546, 40.6668281555, 16.703912735, 19.1875915527, 56.2601776123, 99.4822769165, 45.0980491638, 15.4769821167, 23.7002105713, 21.8047542572, 13.6236724854, 13.8104305267], [-325.515106201, 39.8012504578, 109.753051758, -12.5859146118, 38.3699111938, 14.0796699524, 45.0980491638, 94.0015792847, 45.4457130432, 16.5853481293, 23.5615406036, 20.4137763977, 13.5005264282], [-50.0055999756, 59.9893302917, -6.66893768311, 1.23944711685, 42.1386795044, 26.818561554, 15.4769821167, 45.4457130432, 83.3425292969, 38.1390266418, 10.6270923615, 14.6642847061, 11.7859754562], [19.5578956604, -12.1825656891, 24.3525676727, 7.08548688889, 17.5124320984, 26.2448310852, 23.7002105713, 16.5853481293, 38.1390266418, 77.0169830322, 22.7937831879, 7.03223085403, 16.5472335815], [-107.669937134, 9.97249317169, 52.9528045654, 9.91551113129, 23.4397392273, 17.0393981934, 21.8047542572, 23.5615406036, 10.6270923615, 22.7937831879, 56.2919273376, 30.7293796539, 10.3921976089], [-72.6043167114, 35.0603294373, 37.9409255981, 11.6516418457, 27.6432552338, 17.9802818298, 13.6236724854, 20.4137763977, 14.6642847061, 7.03223085403, 30.7293796539, 53.6793746948, 25.4650745392], [-162.306793213, 9.0611333847, 62.8009376526, 3.25867152214, 25.6897029877, 12.536567688, 13.8104305267, 13.5005264282, 11.7859754562, 16.5472335815, 10.3921976089, 25.4650745392, 50.2203140259]],
