{
"lowlevel": {
    "average_loudness": 0.790727078915,
    "barkbands_crest": {
        "dmean": 2.53497076035,
        "dmean2": 4.07097578049,
        "dvar": 4.65644550323,
        "dvar2": 11.4090013504,
        "max": 24.2329692841,
        "mean": 9.84341812134,
        "median": 9.19245433807,
        "min": 2.75354719162,
        "var": 13.4020786285
    },
    "barkbands_flatness_db": {
        "dmean": 0.0243328157812,
        "dmean2": 0.034531712532,
        "dvar": 0.000511514837854,
        "dvar2": 0.000951260561123,
        "max": 0.340321213007,
        "mean": 0.167641848326,
        "median": 0.167512357235,
        "min": 0.0209756772965,
        "var": 0.00240758946165
    },
    "barkbands_kurtosis": {
        "dmean": 2.01997375488,
        "dmean2": 3.19353556633,
        "dvar": 7.44828271866,
        "dvar2": 16.9934253693,
        "max": 83.0590362549,
        "mean": 3.15790963173,
        "median": 1.91461801529,
        "min": -1.57729947567,
        "var": 24.6148586273
    },
    "barkbands_skewness": {
        "dmean": 0.453427791595,
        "dmean2": 0.701924860477,
        "dvar": 0.149062901735,
        "dvar2": 0.356930464506,
        "max": 7.26783466339,
        "mean": 1.25333571434,
        "median": 1.19586908817,
        "min": -2.05850625038,
        "var": 0.885315835476
    },
    "barkbands_spread": {
        "dmean": 3.13181829453,
        "dmean2": 4.64580774307,
        "dvar": 10.3493261337,
        "dvar2": 22.2759380341,
        "max": 57.1778182983,
        "mean": 12.1809358597,
        "median": 11.1195640564,
        "min": 1.20771837234,
        "var": 36.011592865
    },
    "dissonance": {
        "dmean": 0.0280563309789,
        "dmean2": 0.0467336252332,
        "dvar": 0.00060052855406,
        "dvar2": 0.00162447150797,
        "max": 0.500000119209,
        "mean": 0.44125983119,
        "median": 0.448197573423,
        "min": 0.263039201498,
        "var": 0.00144083437044
    },
    "dynamic_complexity": 4.53283214569,
    "erbbands_crest": {
        "dmean": 2.95172476768,
        "dmean2": 4.79068422318,
        "dvar": 6.87260293961,
        "dvar2": 16.7503147125,
        "max": 29.5254573822,
        "mean": 10.1354436874,
        "median": 9.25331497192,
        "min": 2.34651088715,
        "var": 17.9375419617
    },
    "erbbands_flatness_db": {
        "dmean": 0.0230146516114,
        "dmean2": 0.0321354791522,
        "dvar": 0.000480690301629,
        "dvar2": 0.000867622205988,
        "max": 0.36641895771,
        "mean": 0.213235214353,
        "median": 0.213248938322,
        "min": 0.077523984015,
        "var": 0.00265201996081
    },
    "erbbands_kurtosis": {
        "dmean": 1.06831455231,
        "dmean2": 1.69742751122,
        "dvar": 1.75048518181,
        "dvar2": 4.21153497696,
        "max": 25.8865814209,
        "mean": 0.971249401569,
        "median": 0.408479094505,
        "min": -1.67410719395,
        "var": 4.30593061447
    },
    "erbbands_skewness": {
        "dmean": 0.371569901705,
        "dmean2": 0.579818546772,
        "dvar": 0.10039357841,
        "dvar2": 0.243899121881,
        "max": 4.1425318718,
        "mean": 0.555610179901,
        "median": 0.536774158478,
        "min": -2.19547438622,
        "var": 0.398742169142
    },
    "erbbands_spread": {
        "dmean": 5.3957400322,
        "dmean2": 8.17457771301,
        "dvar": 32.0652008057,
        "dvar2": 65.5331268311,
        "max": 100.52620697,
        "mean": 22.5938453674,
        "median": 20.8388404846,
        "min": 3.13467478752,
        "var": 108.708099365
    },
    "hfc": {
        "dmean": 4.79579401016,
        "dmean2": 6.81928539276,
        "dvar": 37.4876937866,
        "dvar2": 72.8237991333,
        "max": 95.9716644287,
        "mean": 15.4645900726,
        "median": 11.989408493,
        "min": 1.08410714598e-16,
        "var": 180.123153687
    },
    "melbands_crest": {
        "dmean": 3.15296459198,
        "dmean2": 5.04258108139,
        "dvar": 7.32249212265,
        "dvar2": 17.3548049927,
        "max": 32.2637329102,
        "mean": 12.559794426,
        "median": 11.8258714676,
        "min": 1.64315211773,
        "var": 21.6442928314
    },
    "melbands_flatness_db": {
        "dmean": 0.0265515223145,
        "dmean2": 0.0371985472739,
        "dvar": 0.000645756197628,
        "dvar2": 0.00119714904577,
        "max": 0.429078996181,
        "mean": 0.220548465848,
        "median": 0.222196340561,
        "min": 0.00310698663816,
        "var": 0.00339640746824
    },
    "melbands_kurtosis": {
        "dmean": 3.246530056,
        "dmean2": 5.16261577606,
        "dvar": 20.6997318268,
        "dvar2": 50.5260696411,
        "max": 113.977615356,
        "mean": 5.89868927002,
        "median": 3.67010712624,
        "min": -1.62122881413,
        "var": 68.1749954224
    },
    "melbands_skewness": {
        "dmean": 0.529114305973,
        "dmean2": 0.817441284657,
        "dvar": 0.213333323598,
        "dvar2": 0.512357950211,
        "max": 8.47995090485,
        "mean": 1.66275691986,
        "median": 1.55093193054,
        "min": -1.08694767952,
        "var": 1.1307258606
    },
    "melbands_spread": {
        "dmean": 4.0950884819,
        "dmean2": 6.26270771027,
        "dvar": 16.9426078796,
        "dvar2": 39.9323272705,
        "max": 159.415618896,
        "mean": 16.9885807037,
        "median": 14.6932601929,
        "min": 1.21134960651,
        "var": 198.244659424
    },
    "pitch_salience": {
        "dmean": 0.0693482980132,
        "dmean2": 0.111619956791,
        "dvar": 0.00350194098428,
        "dvar2": 0.00865715648979,
        "max": 0.962872445583,
        "mean": 0.57885915041,
        "median": 0.579610228539,
        "min": 0.199044540524,
        "var": 0.0094062006101
    },
    "silence_rate_20dB": {
        "dmean": 0,
        "dmean2": 0,
        "dvar": 0,
        "dvar2": 0,
        "max": 1,
        "mean": 1,
        "median": 1,
        "min": 1,
        "var": 0
    },
    "silence_rate_30dB": {
        "dmean": 0.00165755010676,
        "dmean2": 0.00331564992666,
        "dvar": 0.00165484135505,
        "dvar2": 0.00429942645133,
        "max": 1,
        "mean": 0.998839914799,
        "median": 1,
        "min": 0,
        "var": 0.0011587565532
    },
    "silence_rate_60dB": {
        "dmean": 0.0238687228411,
        "dmean2": 0.0477453581989,
        "dvar": 0.0232988055795,
        "dvar2": 0.0514370426536,
        "max": 1,
        "mean": 0.0924759730697,
        "median": 0,
        "min": 0,
        "var": 0.0839192941785
    },
    "spectral_centroid": {
        "dmean": 158.424957275,
        "dmean2": 238.564834595,
        "dvar": 60382.03125,
        "dvar2": 112446.601562,
        "max": 11926.6357422,
        "mean": 994.513000488,
        "median": 851.099853516,
        "min": 280.258758545,
        "var": 1135020.625
    },
    "spectral_complexity": {
        "dmean": 3.07276654243,
        "dmean2": 4.63958883286,
        "dvar": 12.5699481964,
        "dvar2": 23.9589977264,
        "max": 46,
        "mean": 15.303612709,
        "median": 15,
        "min": 0,
        "var": 58.5681648254
    },
    "spectral_decrease": {
        "dmean": 1.76084036241e-09,
        "dmean2": 2.61530241907e-09,
        "dvar": 5.24858382297e-18,
        "dvar2": 1.17456619501e-17,
        "max": 1.18081244525e-28,
        "mean": -5.62315083386e-09,
        "median": -4.4721879533e-09,
        "min": -3.96159585137e-08,
        "var": 2.2231507975e-17
    },
    "spectral_energy": {
        "dmean": 0.00702648563311,
        "dmean2": 0.0104005690664,
        "dvar": 8.27560506877e-05,
        "dvar2": 0.000183644573553,
        "max": 0.154840633273,
        "mean": 0.0226258095354,
        "median": 0.018009154126,
        "min": 1.01067722207e-20,
        "var": 0.000357019453077
    },
    "spectral_energyband_high": {
        "dmean": 0.00012831906497,
        "dmean2": 0.000170659302967,
        "dvar": 6.0644637756e-08,
        "dvar2": 1.06279699708e-07,
        "max": 0.00323734618723,
        "mean": 0.000192032530322,
        "median": 6.80176744936e-05,
        "min": 7.06353920425e-21,
        "var": 1.09943634641e-07
    },
    "spectral_energyband_low": {
        "dmean": 0.00109475397039,
        "dmean2": 0.00164159457199,
        "dvar": 7.64608194004e-06,
        "dvar2": 1.79658072739e-05,
        "max": 0.0542679093778,
        "mean": 0.00204084743746,
        "median": 0.000538847234566,
        "min": 1.25442807325e-23,
        "var": 1.80414754141e-05
    },
    "spectral_energyband_middle_high": {
        "dmean": 0.00225370866247,
        "dmean2": 0.00337350787595,
        "dvar": 1.11920826384e-05,
        "dvar2": 2.39422879531e-05,
        "max": 0.0820631459355,
        "mean": 0.00605678698048,
        "median": 0.00375951034948,
        "min": 1.27019227515e-21,
        "var": 5.25949399162e-05
    },
    "spectral_energyband_middle_low": {
        "dmean": 0.00570083782077,
        "dmean2": 0.00862577278167,
        "dvar": 5.93915319769e-05,
        "dvar2": 0.000138392148074,
        "max": 0.147489696741,
        "mean": 0.0149471573532,
        "median": 0.0117230545729,
        "min": 1.48253835849e-22,
        "var": 0.000182114396011
    },
    "spectral_entropy": {
        "dmean": 0.205950781703,
        "dmean2": 0.288690745831,
        "dvar": 0.0428147315979,
        "dvar2": 0.0782191306353,
        "max": 9.82766246796,
        "mean": 7.22793149948,
        "median": 7.18558216095,
        "min": 5.78142118454,
        "var": 0.23880495131
    },
    "spectral_flux": {
        "dmean": 0.0188880041242,
        "dmean2": 0.0303826872259,
        "dvar": 0.000450106424978,
        "dvar2": 0.00104718690272,
        "max": 0.265326946974,
        "mean": 0.0702484622598,
        "median": 0.0661859810352,
        "min": 6.38302397049e-11,
        "var": 0.00154056400061
    },
    "spectral_kurtosis": {
        "dmean": 3.3596842289,
        "dmean2": 5.59552049637,
        "dvar": 14.7184095383,
        "dvar2": 40.7700386047,
        "max": 52.9296188354,
        "mean": 8.79758262634,
        "median": 7.745033741,
        "min": -1.25252377987,
        "var": 30.7662277222
    },
    "spectral_rms": {
        "dmean": 0.000679666816723,
        "dmean2": 0.00098862266168,
        "dvar": 5.16541319939e-07,
        "dvar2": 1.06629181573e-06,
        "max": 0.0122908111662,
        "mean": 0.00423848954961,
        "median": 0.00419164728373,
        "min": 3.14010601375e-12,
        "var": 4.10916209148e-06
    },
    "spectral_rolloff": {
        "dmean": 242.312713623,
        "dmean2": 407.282623291,
        "dvar": 129679.625,
        "dvar2": 275874.09375,
        "max": 19509.0820312,
        "mean": 1313.88964844,
        "median": 1055.12695312,
        "min": 86.1328125,
        "var": 3794757
    },
    "spectral_skewness": {
        "dmean": 0.347261041403,
        "dmean2": 0.550571501255,
        "dvar": 0.112372785807,
        "dvar2": 0.280630677938,
        "max": 5.41723632812,
        "mean": 2.14526677132,
        "median": 2.13581991196,
        "min": -0.0726380050182,
        "var": 0.347261309624
    },
    "spectral_spread": {
        "dmean": 507270.5625,
        "dmean2": 707620.3125,
        "dvar": 945053171712,
        "dvar2": 1.65269812019e+12,
        "max": 42969956,
        "mean": 3750646.25,
        "median": 3218817.5,
        "min": 1146896,
        "var": 1.51276958515e+13
    },
    "spectral_strongpeak": {
        "dmean": 0.581403017044,
        "dmean2": 0.953220844269,
        "dvar": 0.558490991592,
        "dvar2": 1.40949082375,
        "max": 9.96591663361,
        "mean": 1.28331005573,
        "median": 0.920918822289,
        "min": 0,
        "var": 1.55433547497
    },
    "zerocrossingrate": {
        "dmean": 0.00687009189278,
        "dmean2": 0.00812455639243,
        "dvar": 9.26861903281e-05,
        "dvar2": 0.000105837090814,
        "max": 0.8681640625,
        "mean": 0.0506300069392,
        "median": 0.0419921875,
        "min": 0.0029296875,
        "var": 0.00335604185238
    },
    "barkbands": {
        "dmean": [8.46099555929e-06, 0.000468694517622, 0.000638878322206, 0.000380446144845, 0.00205334275961, 0.0020598412957, 0.00135456724092, 0.0014738261234, 0.00120453187265, 0.00127467396669, 0.000550204073079, 0.000662828737404, 0.000488915247843, 0.00030996996793, 0.000258156767813, 0.000185375785804, 9.83586724033e-05, 5.76756101509e-05, 6.42244776827e-05, 3.53756004188e-05, 3.66244494217e-05, 2.67552914011e-05, 2.19726334763e-05, 1.60134641192e-05, 1.20842678371e-05, 5.35212120667e-06, 2.49182812695e-06],
        "dmean2": [1.52437887664e-05, 0.000704449601471, 0.00101775361691, 0.000613794021774, 0.00329324253835, 0.00319660152309, 0.00216825329699, 0.00224658544175, 0.00189325318206, 0.00192253454588, 0.000871311465744, 0.00106645619962, 0.00080390041694, 0.000503266230226, 0.000416917959228, 0.000293340708595, 0.000151743588503, 8.95860939636e-05, 0.000102228004835, 5.438847802e-05, 5.16690961376e-05, 3.69336339645e-05, 3.1453124393e-05, 2.27915734285e-05, 1.68701444636e-05, 7.49450236981e-06, 4.08758978665e-06],
        "dvar": [4.949992638e-10, 1.86284137271e-06, 3.322976454e-06, 7.62362617479e-07, 2.06188124139e-05, 1.11894823931e-05, 6.5273106884e-06, 7.14620273357e-06, 5.54086955162e-06, 7.26582538846e-06, 1.7948804043e-06, 2.16267972064e-06, 1.2041342643e-06, 3.84717679935e-07, 2.83151052827e-07, 2.01578345127e-07, 3.44758994686e-08, 8.97206042794e-09, 1.79575305737e-08, 3.71227204532e-09, 5.34110400352e-09, 2.68426947336e-09, 2.29368479765e-09, 1.23772858629e-09, 6.71115940598e-10, 2.59993498952e-10, 1.00099366296e-10],
        "dvar2": [1.45158807197e-09, 4.28781277151e-06, 8.51552704262e-06, 1.87250498129e-06, 5.1341678045e-05, 2.76220980595e-05, 1.55925499712e-05, 1.56693986355e-05, 1.26082823044e-05, 1.46506527017e-05, 4.01407578465e-06, 5.10131167175e-06, 3.12695283355e-06, 9.27970006614e-07, 7.05937281964e-07, 4.97414987422e-07, 7.93280676703e-08, 2.07253787465e-08, 4.42524523692e-08, 7.88425325027e-09, 1.00463637409e-08, 4.86871076788e-09, 4.17423740018e-09, 2.65278399247e-09, 1.30734378878e-09, 5.4059023924e-10, 2.48235487721e-10],
        "max": [0.000372867361875, 0.0249463077635, 0.0436341390014, 0.0191301442683, 0.130400776863, 0.0634370297194, 0.0414242222905, 0.056029483676, 0.0488108322024, 0.0709611773491, 0.0373022966087, 0.0542626529932, 0.0172822475433, 0.0182777922601, 0.0110448561609, 0.0106368139386, 0.0040591750294, 0.00235713110305, 0.00290527683683, 0.000829695432913, 0.00091588817304, 0.000715555623174, 0.000723927863874, 0.000540908309631, 0.000335775461281, 0.000504951342009, 0.000122930970974],
        "mean": [7.89889691077e-06, 0.000735790061299, 0.0010230934713, 0.000557724619284, 0.00337946973741, 0.0040930067189, 0.00202926364727, 0.00225534988567, 0.00189980992582, 0.00209891214035, 0.000916163087822, 0.00106375769246, 0.000747266807593, 0.000507112941705, 0.000444933393737, 0.000281450775219, 0.000168497412233, 0.000104174978333, 9.24016785575e-05, 5.62333661946e-05, 5.44984941371e-05, 3.47005370713e-05, 2.76442278846e-05, 2.05793749046e-05, 1.7284803107e-05, 6.80517132423e-06, 1.98810403162e-06],
        "median": [2.14579222302e-06, 7.14007182978e-05, 0.000144207966514, 0.000114511734864, 0.00128124817275, 0.00209783995524, 0.000801800750196, 0.000810442899819, 0.000702677411027, 0.000601862266194, 0.000263663358055, 0.000377144489903, 0.000292317272397, 0.000214107625652, 0.000183020805707, 0.000119968695799, 7.84012299846e-05, 5.00451860717e-05, 3.9719074266e-05, 2.30789228226e-05, 1.9962364604e-05, 7.85897100286e-06, 6.64749450152e-06, 5.91201569478e-06, 4.91681566928e-06, 1.23859638279e-06, 2.95216189272e-08],
        "min": [1.26543120376e-24, 3.49390794214e-24, 1.53955247972e-24, 3.5996302425e-25, 9.87048875908e-24, 6.08748577771e-24, 1.00129696603e-23, 6.7406996837e-24, 9.29408545058e-24, 2.57243723106e-23, 1.1500645365e-23, 1.83683043228e-23, 3.89531342399e-23, 2.57328636094e-23, 4.6018314502e-23, 7.17791795181e-23, 8.57242776365e-23, 1.00467923872e-22, 1.50928528701e-22, 2.07164213824e-22, 2.49106193728e-22, 3.21189324508e-22, 3.41930661274e-22, 5.05397155876e-22, 8.59559906968e-22, 1.22559308355e-21, 2.00526028824e-21],
        "var": [4.12278100548e-10, 3.63073240806e-06, 6.42751047053e-06, 1.63350443927e-06, 3.28435198753e-05, 3.10380310111e-05, 1.20382810564e-05, 1.47289701999e-05, 1.14128642963e-05, 2.25746262004e-05, 5.26249687027e-06, 5.87304793953e-06, 2.11917335946e-06, 9.44793782764e-07, 5.35811011559e-07, 2.59995715624e-07, 6.59840253547e-08, 2.14308162327e-08, 2.29115855177e-08, 6.9672925207e-09, 9.20762133205e-09, 4.6237729201e-09, 3.39883654554e-09, 1.65338220892e-09, 1.11713804873e-09, 3.58054752514e-10, 8.32139357421e-11]
    },
    "erbbands": {
        "dmean": [0.00479700695723, 0.13771148026, 0.682897388935, 0.901153087616, 3.27484273911, 7.48429489136, 15.4089136124, 16.2145500183, 20.90467453, 22.9734630585, 27.8313827515, 28.8125190735, 33.5791549683, 32.7547302246, 23.5826530457, 27.9727172852, 23.7218971252, 15.1922655106, 13.2167015076, 12.6005706787, 9.2936258316, 4.64818954468, 3.25247120857, 3.40234851837, 2.61503100395, 1.71671640873, 1.41892373562, 1.49810147285, 0.970978319645, 0.807025074959, 0.596529901028, 0.397613555193, 0.239016458392, 0.175244271755, 0.0652691796422, 0.0323056094348, 0.00712960353121, 0.00351741164923, 0.000329528411385, 1.17701565614e-05],
        "dmean2": [0.00716800848022, 0.206207558513, 1.05885183811, 1.43921220303, 5.51192426682, 12.1662502289, 24.2015399933, 25.0515708923, 33.3420219421, 35.3822441101, 42.7801780701, 44.7605285645, 53.1636390686, 48.2673339844, 36.9668502808, 45.201210022, 38.8394241333, 24.7640209198, 21.3892211914, 19.9658699036, 14.5764513016, 7.06118488312, 4.96390485764, 5.34683132172, 4.22110700607, 2.63460850716, 2.02368044853, 2.12153744698, 1.32529687881, 1.12636458874, 0.86464035511, 0.575037121773, 0.334749609232, 0.243013054132, 0.0956149995327, 0.0465990416706, 0.00988466106355, 0.00540692219511, 0.000535542611033, 1.74091474037e-05],
        "dvar": [0.000174078071723, 0.156117126346, 3.75478839874, 4.34481811523, 63.8154716492, 337.45324707, 710.025512695, 772.697021484, 1624.73657227, 1830.66333008, 2753.49072266, 3530.37255859, 5765.76318359, 6228.76123047, 2281.64599609, 3759.94238281, 2954.00756836, 970.276550293, 755.770263672, 834.498535156, 585.995178223, 71.4080734253, 27.558637619, 51.7877883911, 23.9174003601, 8.65054321289, 6.29216861725, 11.1555376053, 3.54018807411, 2.87095880508, 1.73866474628, 0.714022517204, 0.293366491795, 0.18561719358, 0.0208674948663, 0.0169401988387, 0.000199877817067, 0.00015793145576, 1.68473741269e-06, 4.33669933297e-10],
        "dvar2": [0.000386125873774, 0.357554554939, 9.48404979706, 10.4229135513, 170.136245728, 857.04876709, 1733.69714355, 1900.14501953, 3938.86865234, 4144.95947266, 6146.26513672, 7999.76269531, 13515.5507812, 11246.7841797, 5197.75390625, 9091.88085938, 7638.78662109, 2369.22485352, 1935.26330566, 1991.20080566, 1488.2199707, 163.880889893, 61.3078575134, 129.789016724, 58.8155822754, 18.660774231, 11.775560379, 21.5254383087, 6.46546268463, 5.35326242447, 3.3080265522, 1.53147065639, 0.612396538258, 0.372837781906, 0.047362267971, 0.0379810333252, 0.000381770951208, 0.000376121752197, 4.21647837356e-06, 9.98456650692e-10],
        "max": [0.171374157071, 7.78694057465, 44.4201622009, 55.2788963318, 121.530082703, 555.756774902, 410.604675293, 651.040771484, 659.914978027, 930.325378418, 1111.40405273, 1318.53259277, 2139.33203125, 2604.02197266, 1438.85339355, 1613.68469238, 879.839660645, 1025.08044434, 575.573242188, 706.984802246, 708.044250488, 140.781402588, 108.970161438, 160.790313721, 71.6558685303, 40.5871353149, 32.1461181641, 40.2335395813, 31.6587848663, 23.4825248718, 20.6247901917, 13.8723554611, 8.31310176849, 5.45258522034, 2.9426715374, 4.18659448624, 0.258522987366, 0.175329327583, 0.021863438189, 0.000319056853186],
        "mean": [0.00846318807453, 0.218756049871, 1.10732448101, 1.61814415455, 4.45790863037, 11.7900066376, 27.0501976013, 32.9141349792, 33.1140136719, 35.817035675, 45.7916374207, 47.3025970459, 52.6518211365, 59.4706916809, 43.5611114502, 46.5314788818, 37.7647209167, 26.1934165955, 24.931640625, 20.3595504761, 14.8930330276, 8.57615089417, 6.25905418396, 5.25809574127, 4.00306177139, 2.7456703186, 2.22811675072, 2.0949215889, 1.25588214397, 1.00572192669, 0.755334496498, 0.521755039692, 0.301509350538, 0.239208698273, 0.0914577096701, 0.0405905582011, 0.00920445565134, 0.00335417781025, 0.000279437546851, 3.05121629935e-05],
        "median": [0.00103614467662, 0.0253920070827, 0.173738762736, 0.447301149368, 1.07286953926, 3.99172830582, 12.3442573547, 15.4086608887, 14.4111995697, 13.4933443069, 19.9470481873, 18.8118972778, 19.0859489441, 18.0648708344, 18.1718559265, 20.7291297913, 16.4025840759, 12.5514812469, 10.9310817719, 8.81162261963, 6.96030712128, 4.31190109253, 3.16958475113, 2.50169920921, 1.71335172653, 1.15873646736, 0.904048204422, 0.646843194962, 0.287524819374, 0.191166833043, 0.197650283575, 0.156342148781, 0.0819294080138, 0.0603480637074, 0.02544141002, 0.00723875919357, 0.0017899859231, 0.000269112642854, 2.03623785637e-05, 2.25472340389e-05],
        "min": [6.0158147668e-23, 8.78828408869e-22, 1.39579225986e-21, 3.7315660318e-21, 9.85718985795e-21, 4.50316996227e-20, 5.52951563304e-20, 4.94536423875e-20, 1.37519048256e-19, 1.85513321092e-19, 2.37692494517e-19, 2.04705022827e-19, 5.76373195274e-19, 9.30072161382e-19, 9.30546446066e-19, 8.83623902036e-19, 1.96319117475e-18, 2.18356821996e-18, 2.67721037758e-18, 2.5057399725e-18, 4.29343464734e-18, 5.62180275227e-18, 5.15164445903e-18, 6.80571038066e-18, 8.95303237336e-18, 8.84181132256e-18, 8.42849067716e-18, 9.46907065286e-18, 1.14200902785e-17, 1.1505351093e-17, 1.07083121147e-17, 9.43811672716e-18, 1.00390179472e-17, 8.05620398041e-18, 5.75920779177e-18, 4.03828789227e-18, 2.3951248315e-18, 9.34977032222e-19, 2.5631894755e-19, 2.68373612176e-20],
        "var": [0.000398426811444, 0.321333825588, 8.01953315735, 10.3686437607, 84.7033920288, 492.897338867, 1555.23962402, 2277.0078125, 2956.33105469, 3718.13061523, 5608.76367188, 7256.26074219, 11088.9257812, 23905.2011719, 7419.703125, 8185.88330078, 5173.85693359, 1939.93005371, 1676.18225098, 1293.00756836, 703.237304688, 150.509735107, 71.8953857422, 68.0004272461, 36.7292480469, 15.9897518158, 12.1590528488, 17.5194721222, 6.02468967438, 4.57972860336, 2.44089984894, 0.982056200504, 0.391214758158, 0.284352988005, 0.0297900941223, 0.0200038440526, 0.000344468629919, 0.000146658436279, 1.41186524161e-06, 8.83126127782e-10]
    },
    "gfcc": {
        "mean": [-67.2408294678, 112.471092224, -142.54498291, -7.34763669968, -69.3079452515, -1.42244708538, -44.9956703186, -2.1948568821, -25.9617900848, -0.0959187224507, -11.8110332489, -1.93571782112, -5.76169586182],
        "cov": [[30480.484375, 1495.2121582, -1187.88952637, 821.80291748, -1261.68164062, 574.006713867, -513.481750488, 302.252563477, -685.906677246, 6.90538549423, -421.04586792, 11.1105079651, -301.9480896], [1495.2121582, 1438.10961914, -278.008392334, 63.5435409546, 301.191436768, -24.0458908081, 72.4170074463, -88.8597793579, 59.5444412231, -124.369392395, 63.0017776489, -156.473297119, 58.3052902222], [-1187.88952637, -278.008392334, 1009.82977295, 305.438171387, 143.188919067, 216.674545288, 132.837753296, 92.1515655518, -49.5039787292, 8.0850610733, -47.3823509216, 45.1049079895, -41.0669975281], [821.80291748, 63.5435409546, 305.438171387, 449.73739624, 110.31678772, 144.548477173, 62.8774452209, 31.7812290192, -3.86889386177, -26.8507289886, -62.570941925, 2.26221823692, -60.6966362], [-1261.68164062, 301.191436768, 143.188919067, 110.31678772, 403.202056885, 67.1802215576, 105.261146545, 14.010969162, 94.9203033447, -32.7695007324, 4.2001581192, -46.9286880493, -5.12642240524], [574.006713867, -24.0458908081, 216.674545288, 144.548477173, 67.1802215576, 243.117233276, 95.932723999, 105.409805298, -13.3174581528, 21.5119609833, -22.1668548584, 3.54035806656, -36.2883529663], [-513.481750488, 72.4170074463, 132.837753296, 62.8774452209, 105.261146545, 95.932723999, 191.184906006, 57.9581565857, 41.0815124512, -1.9374396801, 18.0623588562, -16.0727806091, -2.62553095818], [302.252563477, -88.8597793579, 92.1515655518, 31.7812290192, 14.010969162, 105.409805298, 57.9581565857, 145.269760132, 24.0184326172, 42.332660675, -2.30921316147, 14.7619981766, -14.1236352921], [-685.906677246, 59.5444412231, -49.5039787292, -3.86889386177, 94.9203033447, -13.3174581528, 41.0815124512, 24.0184326172, 138.990005493, 35.520816803, 36.0281906128, -3.51965308189, 6.98644113541], [6.90538549423, -124.369392395, 8.0850610733, -26.8507289886, -32.7695007324, 21.5119609833, -1.9374396801, 42.332660675, 35.520816803, 101.835983276, 38.8630638123, 30.3185157776, 2.44243073463], [-421.04586792, 63.0017776489, -47.3823509216, -62.570941925, 4.2001581192, -22.1668548584, 18.0623588562, -2.30921316147, 36.0281906128, 38.8630638123, 107.710800171, 29.7294616699, 40.9884681702], [11.1105079651, -156.473297119, 45.1049079895, 2.26221823692, -46.9286880493, 3.54035806656, -16.0727806091, 14.7619981766, -3.51965308189, 30.3185157776, 29.7294616699, 95.7263717651, 28.2106208801], [-301.9480896, 58.3052902222, -41.0669975281, -60.6966362, -5.12642240524, -36.2883529663, -2.62553095818, -14.1236352921, 6.98644113541, 2.44243073463, 40.9884681702, 28.2106208801, 93.1044387817]],
        "icov": [[9.87180392258e-05, -0.000277513521723, 0.000160877534654, -0.000200000678888, 0.000365681917174, -0.000202455819817, 0.000170309445821, -0.000289805233479, 0.000334825774189, -0.000297477672575, 0.000415304471971, -0.000371983333025, 0.000249139964581], [-0.000277513521723, 0.00223298883066, 4.30841937487e-05, -6.36504555587e-05, -0.00177828292362, 0.0002345990506, -0.000327479763655, 0.000999162904918, -0.000752239662688, 0.0021079252474, -0.00292040151544, 0.00334938359447, -0.00191304692999], [0.000160877534654, 4.30841937487e-05, 0.00202095578425, -0.00120799266733, -0.000250065437285, -0.000723092292901, -0.000432287662989, -0.000586701091379, 0.00180229044054, -0.000721934251487, 0.000570742646232, -0.000860218831804, 9.49485838646e-05], [-0.000200000678888, -6.36504555587e-05, -0.00120799266733, 0.00434875395149, -0.000764834927395, -0.00120625935961, -0.000388036190998, 0.00156939786393, -0.00170269142836, 0.00106942863204, 0.0011667808285, -0.0014369469136, 0.00142975512426], [0.000365681917174, -0.00177828292362, -0.000250065437285, -0.000764834927395, 0.00606324104592, -0.00175219913945, 4.84490155941e-05, -0.000393553375034, -0.00245940801688, 0.000477260939078, 0.00182998320088, -0.000778088637162, 0.000885393004864], [-0.000202455819817, 0.0002345990506, -0.000723092292901, -0.00120625935961, -0.00175219913945, 0.0100834220648, -0.00308084953576, -0.00448218313977, 0.00292403367348, -0.00190882571042, -9.17991274036e-05, 0.000170747400261, 0.000977326766588], [0.000170309445821, -0.000327479763655, -0.000432287662989, -0.000388036190998, 4.84490155941e-05, -0.00308084953576, 0.00921679846942, -0.00227933353744, -0.00175616715569, 0.00231745094061, -0.00237345066853, 0.0017460641684, -0.000383388862247], [-0.000289805233479, 0.000999162904918, -0.000586701091379, 0.00156939786393, -0.000393553375034, -0.00448218313977, -0.00227933353744, 0.0135203795508, -0.00349232158624, -0.00224078330211, 0.000956129457336, -0.000113023044833, -0.000649008783512], [0.000334825774189, -0.000752239662688, 0.00180229044054, -0.00170269142836, -0.00245940801688, 0.00292403367348, -0.00175616715569, -0.00349232158624, 0.0144306849688, -0.00619889609516, -0.000312763790134, -0.000897281686775, 0.00115618179552], [-0.000297477672575, 0.0021079252474, -0.000721934251487, 0.00106942863204, 0.000477260939078, -0.00190882571042, 0.00231745094061, -0.00224078330211, -0.00619889609516, 0.0193076301366, -0.00824561715126, 0.000931754184421, 0.000408064370276], [0.000415304471971, -0.00292040151544, 0.000570742646232, 0.0011667808285, 0.00182998320088, -9.17991274036e-05, -0.00237345066853, 0.000956129457336, -0.000312763790134, -0.00824561715126, 0.0197770036757, -0.0077819195576, -0.00177774264012], [-0.000371983333025, 0.00334938359447, -0.000860218831804, -0.0014369469136, -0.000778088637162, 0.000170747400261, 0.0017460641684, -0.000113023044833, -0.000897281686775, 0.000931754184421, -0.0077819195576, 0.0205754134804, -0.00732981879264], [0.000249139964581, -0.00191304692999, 9.49485838646e-05, 0.00142975512426, 0.000885393004864, 0.000977326766588, -0.000383388862247, -0.000649008783512, 0.00115618179552, 0.000408064370276, -0.00177774264012, -0.00732981879264, 0.0169471148401]]
    },
    "melbands": {
        "dmean": [8.54491154314e-05, 0.000293632823741, 0.000208942117752, 0.000361128943041, 0.000506742100697, 0.000372572481865, 0.000310090807034, 0.000272339093499, 0.000222065878916, 0.000174592016265, 0.000169330523931, 0.000138702976983, 8.31481302157e-05, 8.35308237583e-05, 6.03477601544e-05, 3.59717560059e-05, 3.14833487209e-05, 2.29174747801e-05, 1.54868175741e-05, 1.62288888532e-05, 1.05501867438e-05, 5.32319609192e-06, 3.87034651794e-06, 2.89804620479e-06, 2.97086967294e-06, 2.25461531045e-06, 1.50139908328e-06, 1.14150134323e-06, 9.82342839961e-07, 8.60091063259e-07, 8.68160668688e-07, 5.76080083192e-07, 4.80611674902e-07, 4.44294499857e-07, 3.46856438682e-07, 3.15151680752e-07, 2.24854133535e-07, 1.76604800117e-07, 1.52485455374e-07, 1.50700458335e-07],
        "dmean2": [0.000128270257846, 0.000446171092335, 0.000340283062542, 0.000590401468799, 0.000796922890004, 0.000575878249947, 0.000494150794111, 0.000417390430812, 0.000343135528965, 0.000273632758763, 0.000267985888058, 0.000203782532481, 0.000130848449771, 0.000134150279337, 9.88377432805e-05, 5.92516953475e-05, 5.14191997354e-05, 3.73625625798e-05, 2.47099978878e-05, 2.57393967331e-05, 1.67622856679e-05, 8.23997106636e-06, 6.1023561102e-06, 4.52203994428e-06, 4.77040703117e-06, 3.60331955562e-06, 2.47879279414e-06, 1.75941931957e-06, 1.44781222389e-06, 1.24623784359e-06, 1.25847714116e-06, 7.96880385678e-07, 6.82403197061e-07, 6.27419979082e-07, 4.98712040553e-07, 4.82050097617e-07, 3.22676157793e-07, 2.52807581091e-07, 2.16704677314e-07, 2.13359854229e-07],
        "dvar": [6.05261618603e-08, 6.57029943341e-07, 1.991226668e-07, 7.65933521052e-07, 8.32501484638e-07, 3.90742883383e-07, 3.46557612829e-07, 2.52228915087e-07, 1.60527960702e-07, 1.16936405448e-07, 1.43277418374e-07, 1.223719579e-07, 3.88691212549e-08, 3.43506521006e-08, 1.34025937015e-08, 5.59945112499e-09, 4.50453274681e-09, 2.38448660816e-09, 1.03083908076e-09, 1.47484036095e-09, 7.31884219896e-10, 1.10131612163e-10, 5.03933006435e-11, 2.5468458939e-11, 4.5787627162e-11, 1.75632251798e-11, 7.86220914761e-12, 4.00408569148e-12, 3.19255277596e-12, 3.08943560838e-12, 3.76821534046e-12, 1.29488423022e-12, 8.9503561897e-13, 9.84159368583e-13, 5.7511244031e-13, 4.86103616127e-13, 2.2381241012e-13, 1.53206670983e-13, 1.38332392958e-13, 1.51057470569e-13],
        "dvar2": [1.37599698746e-07, 1.58829334396e-06, 4.96362474678e-07, 2.00858107746e-06, 2.02680166694e-06, 9.53531241521e-07, 8.29170573979e-07, 5.63172875445e-07, 3.65657854218e-07, 2.66355698386e-07, 3.34985742256e-07, 2.20348638891e-07, 8.65989022714e-08, 7.95234456064e-08, 3.42506787376e-08, 1.45274192676e-08, 1.07965503204e-08, 6.13632922253e-09, 2.52661980227e-09, 3.48066420131e-09, 1.84640602807e-09, 2.53383675153e-10, 1.2505774194e-10, 5.97987978579e-11, 1.18845239205e-10, 4.19549846253e-11, 2.00811693662e-11, 8.72921006312e-12, 6.24823760439e-12, 6.21658583985e-12, 7.53578536378e-12, 2.48409105785e-12, 1.71194568938e-12, 1.89441864973e-12, 1.06939045293e-12, 1.05893180509e-12, 4.86286737874e-13, 3.26534399563e-13, 2.85493362891e-13, 3.12186664323e-13],
        "max": [0.00362377986312, 0.0173519514501, 0.00828119181097, 0.0204942896962, 0.0209630113095, 0.013146485202, 0.00956222228706, 0.0107444003224, 0.00732205063105, 0.00719712069258, 0.0105594359338, 0.0116078155115, 0.00550573552027, 0.00773321138695, 0.00178485084325, 0.00119358557276, 0.0023123123683, 0.00111524516251, 0.000872570846695, 0.000567584764212, 0.000764938886277, 0.000183449141332, 0.000153413566295, 0.000112565794552, 0.000155074463692, 7.61617702665e-05, 2.7325899282e-05, 3.36517841788e-05, 2.68353651336e-05, 2.6079984309e-05, 2.34683029703e-05, 2.09346235351e-05, 1.2265035366e-05, 1.59883275046e-05, 1.06366487671e-05, 1.206187153e-05, 7.35882895242e-06, 5.55583346795e-06, 5.55528595214e-06, 5.30681381861e-06],
        "mean": [0.000139855081216, 0.000491278653499, 0.000344196421793, 0.000550640223082, 0.000906886241864, 0.000751203042455, 0.0004875184095, 0.000424046884291, 0.000370568537619, 0.000278724299278, 0.000259640393779, 0.000245931441896, 0.000144898338476, 0.00013567651331, 9.84127691481e-05, 5.63707581023e-05, 5.05959760631e-05, 4.16000912082e-05, 2.62378871412e-05, 2.46055406024e-05, 1.61217049026e-05, 9.04490843823e-06, 6.81912297296e-06, 4.96301254316e-06, 4.18469880969e-06, 3.30749298882e-06, 2.18554214371e-06, 1.73215903487e-06, 1.4463921616e-06, 1.26178861137e-06, 1.16117337257e-06, 7.28821476059e-07, 5.95210451593e-07, 5.38036942999e-07, 4.31551796964e-07, 3.90613621448e-07, 2.92219198172e-07, 2.18681648789e-07, 1.92234551832e-07, 2.04855325592e-07],
        "median": [1.46523379954e-05, 8.70916555868e-05, 0.000102351521491, 0.000165989855304, 0.000410670036217, 0.00036206052755, 0.000206636002986, 0.000154886743985, 0.000164250988746, 0.000106979976408, 8.39894782985e-05, 6.46792250336e-05, 4.80456474179e-05, 5.18199813087e-05, 4.59825823782e-05, 2.50958764809e-05, 2.0954554202e-05, 1.66339668795e-05, 1.16173250717e-05, 9.88678857539e-06, 7.06107448423e-06, 4.00171302317e-06, 3.38002473654e-06, 2.27180134971e-06, 1.87793580153e-06, 1.36748622026e-06, 8.99020051293e-07, 7.15973612841e-07, 5.59011994028e-07, 4.57474072846e-07, 3.37388456728e-07, 1.70147941958e-07, 1.09976788565e-07, 9.50482927919e-08, 1.00117183877e-07, 1.20149039162e-07, 8.34369089375e-08, 5.83941996979e-08, 4.72430059517e-08, 4.69352734456e-08],
        "min": [1.49548454019e-24, 1.38450670057e-24, 9.52739461317e-25, 1.97265989505e-24, 2.12430223243e-24, 1.23832742218e-24, 2.20302009836e-24, 2.40885856043e-24, 2.25748739399e-24, 1.20692612359e-24, 2.46004143369e-24, 3.75009998744e-24, 1.9190201145e-24, 2.78229702993e-24, 1.89988491274e-24, 4.68211508671e-24, 3.34102945972e-24, 3.55684405402e-24, 3.35399636085e-24, 2.4512430708e-24, 4.22885454323e-24, 4.10640518694e-24, 3.62201816429e-24, 4.57462292761e-24, 4.9370260219e-24, 5.00693290317e-24, 4.66070382402e-24, 5.24873849214e-24, 4.80229015701e-24, 4.50911394589e-24, 4.72449190567e-24, 6.03840876865e-24, 5.76035462665e-24, 5.59816916327e-24, 5.45399576094e-24, 4.55632135461e-24, 5.15682830807e-24, 5.80055024521e-24, 6.87216256469e-24, 6.22182405671e-24],
        "var": [1.13792694378e-07, 1.49619143031e-06, 3.94211298271e-07, 1.03058641798e-06, 1.80430401997e-06, 1.14191402645e-06, 6.45324860216e-07, 5.25159009612e-07, 3.31284383037e-07, 2.39040247152e-07, 2.78730567516e-07, 4.71374022482e-07, 1.1831702551e-07, 1.00160740146e-07, 2.57211105748e-08, 9.68190860817e-09, 9.32530674902e-09, 5.62007329563e-09, 1.92930182941e-09, 2.07161732213e-09, 8.99709140523e-10, 2.10292686043e-10, 9.32752278193e-11, 5.56264305451e-11, 5.14575985988e-11, 2.71128813845e-11, 1.10886222079e-11, 6.98030478904e-12, 5.62738701124e-12, 4.9832095915e-12, 5.66384829662e-12, 2.0943973552e-12, 1.44830588494e-12, 1.47037557911e-12, 8.32965424066e-13, 5.90087928607e-13, 3.14956096143e-13, 2.01272023137e-13, 1.92047685263e-13, 2.22101728827e-13]
    },
    "mfcc": {
        "mean": [-691.787109375, 147.947158813, -22.5608978271, -4.62587308884, -11.6747283936, -8.45823383331, -10.1657142639, -10.0301847458, -9.10632514954, -4.82787084579, -7.83965063095, -1.20719790459, -4.01438856125],
        "cov": [[12306.0566406, 1610.17919922, -78.0733337402, 154.730529785, -282.259979248, 6.14170503616, -1.24258208275, 35.4545402527, 11.5155029297, -22.762260437, -8.14780235291, -114.52835083, -5.61141777039], [1610.17919922, 1776.93188477, -343.090545654, 61.333152771, 146.562347412, 20.6626625061, 60.7057113647, -25.9099464417, 9.5314207077, 14.4589366913, -47.6255378723, 45.4565467834, -41.9066734314], [-78.0733337402, -343.090545654, 691.069519043, 142.24357605, 53.4260406494, 118.288391113, 139.853988647, 99.3444595337, 35.0547828674, 12.8266448975, -2.61892461777, -10.5679244995, -20.3517780304], [154.730529785, 61.333152771, 142.24357605, 282.141021729, 124.641174316, 116.063491821, 39.7081832886, 75.6199569702, 36.4697875977, 8.09701538086, 17.5682811737, -22.2513160706, 1.38125693798], [-282.259979248, 146.562347412, 53.4260406494, 124.641174316, 247.278411865, 103.459381104, 50.6047019958, 67.3748626709, 57.6734695435, 28.5485534668, 20.7518177032, 16.3765411377, -2.00971293449], [6.14170503616, 20.6626625061, 118.288391113, 116.063491821, 103.459381104, 166.938430786, 75.5005264282, 77.8940811157, 43.0921134949, 32.0073928833, 28.9804878235, -3.44118833542, 5.9715423584], [-1.24258208275, 60.7057113647, 139.853988647, 39.7081832886, 50.6047019958, 75.5005264282, 185.513565063, 79.5392456055, 59.6203842163, 26.1428604126, 27.9553184509, 8.45592594147, 0.949901223183], [35.4545402527, -25.9099464417, 99.3444595337, 75.6199569702, 67.3748626709, 77.8940811157, 79.5392456055, 147.188354492, 60.4069709778, 42.7858963013, 19.3848342896, 9.3900680542, 4.77882051468], [11.5155029297, 9.5314207077, 35.0547828674, 36.4697875977, 57.6734695435, 43.0921134949, 59.6203842163, 60.4069709778, 116.729042053, 36.6036949158, 49.7005233765, -0.542533993721, 19.9093322754], [-22.762260437, 14.4589366913, 12.8266448975, 8.09701538086, 28.5485534668, 32.0073928833, 26.1428604126, 42.7858963013, 36.6036949158, 95.9895782471, 28.9759235382, 27.0272846222, 5.62583780289], [-8.14780235291, -47.6255378723, -2.61892461777, 17.5682811737, 20.7518177032, 28.9804878235, 27.9553184509, 19.3848342896, 49.7005233765, 28.9759235382, 106.052276611, 19.9676074982, 38.7470970154], [-114.52835083, 45.4565467834, -10.5679244995, -22.2513160706, 16.3765411377, -3.44118833542, 8.45592594147, 9.3900680542, -0.542533993721, 27.0272846222, 19.9676074982, 100.812187195, 32.350025177], [-5.61141777039, -41.9066734314, -20.3517780304, 1.38125693798, -2.00971293449, 5.9715423584, 0.949901223183, 4.77882051468, 19.9093322754, 5.62583780289, 38.7470970154, 32.350025177, 93.7519302368]],
