{
"lowlevel": {
    "average_loudness": 0.449904292822,
    "barkbands_crest": {
        "dmean": 2.52060198784,
        "dmean2": 4.15528678894,
        "dvar": 4.82758808136,
        "dvar2": 12.8753356934,
        "max": 25.030216217,
        "mean": 10.6866455078,
        "median": 10.0660591125,
        "min": 2.17112755775,
        "var": 15.2702550888
    },
    "barkbands_flatness_db": {
        "dmean": 0.0240092277527,
        "dmean2": 0.0348226986825,
        "dvar": 0.00062566541601,
        "dvar2": 0.00126800884027,
        "max": 0.451211869717,
        "mean": 0.186269134283,
        "median": 0.173213690519,
        "min": 0.02920938842,
        "var": 0.00577604863793
    },
    "barkbands_kurtosis": {
        "dmean": 4.00367641449,
        "dmean2": 6.15803194046,
        "dvar": 41.7324523926,
        "dvar2": 86.9259033203,
        "max": 141.040023804,
        "mean": 8.68867588043,
        "median": 5.08769035339,
        "min": -1.90860939026,
        "var": 141.648651123
    },
    "barkbands_skewness": {
        "dmean": 0.548245608807,
        "dmean2": 0.845817804337,
        "dvar": 0.316724091768,
        "dvar2": 0.689797282219,
        "max": 9.10311698914,
        "mean": 1.95382082462,
        "median": 1.80151987076,
        "min": -2.94456720352,
        "var": 1.67191815376
    },
    "barkbands_spread": {
        "dmean": 3.42210459709,
        "dmean2": 5.32070159912,
        "dvar": 27.4000854492,
        "dvar2": 61.8034896851,
        "max": 143.854873657,
        "mean": 12.6836023331,
        "median": 10.0998897552,
        "min": 0.445397526026,
        "var": 115.988769531
    },
    "dissonance": {
        "dmean": 0.0263574328274,
        "dmean2": 0.0445030890405,
        "dvar": 0.000616242759861,
        "dvar2": 0.00172532396391,
        "max": 0.500000059605,
        "mean": 0.444140613079,
        "median": 0.453355371952,
        "min": 0.0861130654812,
        "var": 0.00174000859261
    },
    "dynamic_complexity": 4.57366514206,
    "erbbands_crest": {
        "dmean": 2.63296890259,
        "dmean2": 4.27609968185,
        "dvar": 6.08853673935,
        "dvar2": 15.3724241257,
        "max": 31.1692428589,
        "mean": 9.97792720795,
        "median": 8.9044418335,
        "min": 2.39330077171,
        "var": 22.0532493591
    },
    "erbbands_flatness_db": {
        "dmean": 0.0186039246619,
        "dmean2": 0.0264984834939,
        "dvar": 0.000349241454387,
        "dvar2": 0.000707563303877,
        "max": 0.428210258484,
        "mean": 0.182496458292,
        "median": 0.172017008066,
        "min": 0.056937802583,
        "var": 0.00378036079928
    },
    "erbbands_kurtosis": {
        "dmean": 1.58428049088,
        "dmean2": 2.52161931992,
        "dvar": 6.86607027054,
        "dvar2": 17.0956115723,
        "max": 96.6054916382,
        "mean": 2.30174040794,
        "median": 0.727855682373,
        "min": -1.87964999676,
        "var": 23.2867088318
    },
    "erbbands_skewness": {
        "dmean": 0.384404689074,
        "dmean2": 0.607696771622,
        "dvar": 0.147076398134,
        "dvar2": 0.358541995287,
        "max": 8.06095123291,
        "mean": 0.984852552414,
        "median": 0.83614563942,
        "min": -2.98376464844,
        "var": 0.871552824974
    },
    "erbbands_spread": {
        "dmean": 7.03162765503,
        "dmean2": 10.6497917175,
        "dvar": 67.366394043,
        "dvar2": 138.748291016,
        "max": 137.348632812,
        "mean": 30.6497650146,
        "median": 28.2815093994,
        "min": 1.20445203781,
        "var": 281.414398193
    },
    "hfc": {
        "dmean": 3.46141266823,
        "dmean2": 4.99673604965,
        "dvar": 47.1830749512,
        "dvar2": 95.8940200806,
        "max": 167.210876465,
        "mean": 11.2726659775,
        "median": 7.20511388779,
        "min": 1.09602748035e-16,
        "var": 171.935089111
    },
    "melbands_crest": {
        "dmean": 3.0152220726,
        "dmean2": 5.0030837059,
        "dvar": 6.90149450302,
        "dvar2": 18.2936973572,
        "max": 33.1114387512,
        "mean": 13.4879074097,
        "median": 12.986946106,
        "min": 1.57983613014,
        "var": 19.3583927155
    },
    "melbands_flatness_db": {
        "dmean": 0.0274962056428,
        "dmean2": 0.0402800962329,
        "dvar": 0.000907764595468,
        "dvar2": 0.00181419949513,
        "max": 0.565707445145,
        "mean": 0.26485645771,
        "median": 0.254506587982,
        "min": 0.00319016561843,
        "var": 0.00900879688561
    },
    "melbands_kurtosis": {
        "dmean": 6.8130402565,
        "dmean2": 10.5335540771,
        "dvar": 123.528839111,
        "dvar2": 262.687408447,
        "max": 245.714599609,
        "mean": 15.3109521866,
        "median": 9.41327667236,
        "min": -1.76251220703,
        "var": 395.647827148
    },
    "melbands_skewness": {
        "dmean": 0.678614258766,
        "dmean2": 1.05657148361,
        "dvar": 0.505876064301,
        "dvar2": 1.1115000248,
        "max": 12.5525531769,
        "mean": 2.50806474686,
        "median": 2.26651716232,
        "min": -2.055560112,
        "var": 2.24620914459
    },
    "melbands_spread": {
        "dmean": 3.61858820915,
        "dmean2": 5.78309726715,
        "dvar": 30.5970993042,
        "dvar2": 78.2832107544,
        "max": 192.25138855,
        "mean": 14.2693967819,
        "median": 9.83021259308,
        "min": 0.503456234932,
        "var": 342.748382568
    },
    "pitch_salience": {
        "dmean": 0.0700537860394,
        "dmean2": 0.114758685231,
        "dvar": 0.00363240530714,
        "dvar2": 0.00943607836962,
        "max": 0.966382861137,
        "mean": 0.581382155418,
        "median": 0.586594104767,
        "min": 0.1387386024,
        "var": 0.0121489539742
    },
    "silence_rate_20dB": {
        "dmean": 0,
        "dmean2": 0,
        "dvar": 0,
        "dvar2": 0,
        "max": 1,
        "mean": 1,
        "median": 1,
        "min": 1,
        "var": 0
    },
    "silence_rate_30dB": {
        "dmean": 0.0127436285838,
        "dmean2": 0.0254884511232,
        "dvar": 0.0125811100006,
        "dvar2": 0.0284940972924,
        "max": 1,
        "mean": 0.983883798122,
        "median": 1,
        "min": 0,
        "var": 0.0158582869917
    },
    "silence_rate_60dB": {
        "dmean": 0.0319527722895,
        "dmean2": 0.0639085397124,
        "dvar": 0.0309349130839,
        "dvar2": 0.0814566537738,
        "max": 1,
        "mean": 0.136893883348,
        "median": 0,
        "min": 0,
        "var": 0.118171393871
    },
    "spectral_centroid": {
        "dmean": 151.714035034,
        "dmean2": 238.59375,
        "dvar": 65475.8554688,
        "dvar2": 145126.265625,
        "max": 11737.8105469,
        "mean": 815.913452148,
        "median": 635.460510254,
        "min": 138.212203979,
        "var": 691881.625
    },
    "spectral_complexity": {
        "dmean": 2.52670550346,
        "dmean2": 3.95820641518,
        "dvar": 12.4421644211,
        "dvar2": 24.7179927826,
        "max": 62,
        "mean": 12.9273834229,
        "median": 11,
        "min": 0,
        "var": 77.3943862915
    },
    "spectral_decrease": {
        "dmean": 2.01770888886e-09,
        "dmean2": 3.0680005203e-09,
        "dvar": 1.1360472063e-17,
        "dvar2": 2.49929230642e-17,
        "max": 2.66829815676e-22,
        "mean": -6.40051522893e-09,
        "median": -4.68829552958e-09,
        "min": -7.49124424715e-08,
        "var": 4.30680287866e-17
    },
    "spectral_energy": {
        "dmean": 0.00786413345486,
        "dmean2": 0.0119363628328,
        "dvar": 0.000171678228071,
        "dvar2": 0.000375913368771,
        "max": 0.290639102459,
        "mean": 0.0251794513315,
        "median": 0.0184637513012,
        "min": 1.00991975405e-20,
        "var": 0.000661169004161
    },
    "spectral_energyband_high": {
        "dmean": 0.000156823647558,
        "dmean2": 0.000223283699597,
        "dvar": 2.39776852595e-07,
        "dvar2": 4.97641394759e-07,
        "max": 0.0144951948896,
        "mean": 0.000289063085802,
        "median": 7.27706064936e-05,
        "min": 7.15291994684e-21,
        "var": 4.51966542414e-07
    },
    "spectral_energyband_low": {
        "dmean": 0.00438654702157,
        "dmean2": 0.00677923345938,
        "dvar": 7.64897122281e-05,
        "dvar2": 0.000177747366251,
        "max": 0.232666432858,
        "mean": 0.00947735831141,
        "median": 0.00482302438468,
        "min": 1.03543862935e-23,
        "var": 0.000165961464518
    },
    "spectral_energyband_middle_high": {
        "dmean": 0.000949061359279,
        "dmean2": 0.00146671023685,
        "dvar": 3.46523233929e-06,
        "dvar2": 7.95159394329e-06,
        "max": 0.0490911006927,
        "mean": 0.00267605762929,
        "median": 0.00113593344577,
        "min": 1.22849164882e-21,
        "var": 1.51668155013e-05
    },
    "spectral_energyband_middle_low": {
        "dmean": 0.00519480137154,
        "dmean2": 0.0080638229847,
        "dvar": 8.48668132676e-05,
        "dvar2": 0.000201163857128,
        "max": 0.207693681121,
        "mean": 0.0140349101275,
        "median": 0.00845878850669,
        "min": 1.71371877993e-22,
        "var": 0.000272968492936
    },
    "spectral_entropy": {
        "dmean": 0.189414069057,
        "dmean2": 0.277802079916,
        "dvar": 0.0433020219207,
        "dvar2": 0.0893984362483,
        "max": 9.82605266571,
        "mean": 7.11894321442,
        "median": 7.19384860992,
        "min": 4.72928524017,
        "var": 0.454169094563
    },
    "spectral_flux": {
        "dmean": 0.0203538388014,
        "dmean2": 0.0333149246871,
        "dvar": 0.000727274629753,
        "dvar2": 0.00187481730245,
        "max": 0.445036649704,
        "mean": 0.067489720881,
        "median": 0.060020133853,
        "min": 6.44310438336e-11,
        "var": 0.00203991518356
    },
    "spectral_kurtosis": {
        "dmean": 3.97639775276,
        "dmean2": 6.63375997543,
        "dvar": 56.5237960815,
        "dvar2": 158.970687866,
        "max": 221.132919312,
        "mean": 10.4123744965,
        "median": 5.80749416351,
        "min": -1.25338411331,
        "var": 244.76121521
    },
    "spectral_rms": {
        "dmean": 0.000709537649527,
        "dmean2": 0.00107024644967,
        "dvar": 7.64045012147e-07,
        "dvar2": 1.48298352087e-06,
        "max": 0.016838952899,
        "mean": 0.00434598792344,
        "median": 0.00424422137439,
        "min": 3.13892900387e-12,
        "var": 5.67752795178e-06
    },
    "spectral_rolloff": {
        "dmean": 218.560150146,
        "dmean2": 371.426574707,
        "dvar": 240779.703125,
        "dvar2": 601791.9375,
        "max": 19466.015625,
        "mean": 968.441223145,
        "median": 538.330078125,
        "min": 86.1328125,
        "var": 4029719
    },
    "spectral_skewness": {
        "dmean": 0.365314930677,
        "dmean2": 0.587923049927,
        "dvar": 0.232211813331,
        "dvar2": 0.628657400608,
        "max": 11.886349678,
        "mean": 2.22977304459,
        "median": 1.97046995163,
        "min": -0.071281760931,
        "var": 1.31843996048
    },
    "spectral_spread": {
        "dmean": 479160,
        "dmean2": 688783.1875,
        "dvar": 731847983104,
        "dvar2": 1.34317604864e+12,
        "max": 43781968,
        "mean": 4008508.5,
        "median": 3819696.75,
        "min": 465004,
        "var": 7.37268465664e+12
    },
    "spectral_strongpeak": {
        "dmean": 0.341687262058,
        "dmean2": 0.579439580441,
        "dvar": 0.30026859045,
        "dvar2": 0.737627923489,
        "max": 10.393532753,
        "mean": 0.648470699787,
        "median": 0.373173475266,
        "min": 0,
        "var": 0.606016457081
    },
    "zerocrossingrate": {
        "dmean": 0.00682557420805,
        "dmean2": 0.00831320416182,
        "dvar": 9.32661132538e-05,
        "dvar2": 0.000135421476443,
        "max": 0.7236328125,
        "mean": 0.0430845022202,
        "median": 0.03173828125,
        "min": 0.00244140625,
        "var": 0.00338447955437
    },
    "barkbands": {
        "dmean": [0.00010711869254, 0.00223851483315, 0.00218696473166, 0.00171935197432, 0.00285681360401, 0.00158066104632, 0.000731819367502, 0.000570756790694, 0.000605334818829, 0.000294729135931, 0.000392768590245, 0.000221224894631, 0.000145814221469, 0.000111720117275, 0.000128910498461, 9.68182066572e-05, 7.49513856135e-05, 6.22599691269e-05, 5.94341254327e-05, 5.0382099289e-05, 4.37696689914e-05, 3.87145919376e-05, 2.2073261789e-05, 2.15805321204e-05, 1.62260184879e-05, 1.37169699883e-05, 9.36796993756e-07],
        "dmean2": [0.000171915249666, 0.00350642297417, 0.00337629579008, 0.00274992431514, 0.00465038930997, 0.00250826822594, 0.00118320412003, 0.000924620719161, 0.000914416508749, 0.000477293739095, 0.000615469005425, 0.000367648084648, 0.000246561481617, 0.00018497389101, 0.000210340702324, 0.00015485228505, 0.000125409584143, 0.00010140278755, 9.57999873208e-05, 8.14740851638e-05, 6.79853692418e-05, 5.92519645579e-05, 3.32523486577e-05, 3.13922464557e-05, 2.34286126215e-05, 1.96902183234e-05, 1.50850462433e-06],
        "dvar": [5.15768050491e-08, 1.65995297721e-05, 2.85287751467e-05, 2.35489260376e-05, 2.90348871204e-05, 1.03898883026e-05, 2.09469430956e-06, 1.84926318525e-06, 4.12017152485e-06, 6.29345549896e-07, 1.06831703306e-06, 3.75131094188e-07, 1.94981922164e-07, 7.37021963459e-08, 9.45479570191e-08, 5.0104691951e-08, 3.97898602955e-08, 2.2740646699e-08, 4.2191970806e-08, 3.86466112445e-08, 1.90744415818e-08, 1.76389143292e-08, 4.45052350528e-09, 8.04665933885e-09, 4.79656980801e-09, 4.35320179903e-09, 7.38034078296e-11],
        "dvar2": [1.34842537136e-07, 3.87946092815e-05, 6.93908004905e-05, 5.94909324718e-05, 7.97105240053e-05, 2.34872131841e-05, 5.14596695211e-06, 4.63970263809e-06, 8.38171490614e-06, 1.33218736664e-06, 2.39328551288e-06, 9.92749392026e-07, 5.2728682931e-07, 1.92946245647e-07, 2.43758734086e-07, 1.17681345557e-07, 1.05810229911e-07, 5.38841007369e-08, 1.06635248187e-07, 1.02905275412e-07, 4.33887059614e-08, 3.88153971187e-08, 9.59040935555e-09, 1.85241155748e-08, 1.07030064811e-08, 9.88187576212e-09, 2.01342151285e-10],
        "max": [0.00586516177282, 0.0984059497714, 0.143504559994, 0.115135684609, 0.127666413784, 0.111398994923, 0.0353420078754, 0.0344157889485, 0.137177973986, 0.0471340864897, 0.0277482159436, 0.0167207941413, 0.0191463511437, 0.00989305973053, 0.0101731065661, 0.00486321095377, 0.00666170287877, 0.00321498559788, 0.00535356858745, 0.00466179288924, 0.00315394252539, 0.00284805591218, 0.00222551450133, 0.00406260043383, 0.00238932669163, 0.00168869586196, 0.000780520611443],
        "mean": [0.000159407471074, 0.00456350948662, 0.00349199236371, 0.00230223336257, 0.00545529602095, 0.00291792768985, 0.00117991992738, 0.000922034319956, 0.00116165622603, 0.000512829108629, 0.000668444787152, 0.000348946778104, 0.000229767625569, 0.000176003493834, 0.000247885211138, 0.000187934376299, 0.000121235083498, 0.000110203633085, 9.64492792264e-05, 7.60767798056e-05, 6.8219647801e-05, 5.95619203523e-05, 4.41617739853e-05, 3.68033433915e-05, 2.41035995714e-05, 1.60336239787e-05, 8.3190280975e-07],
        "median": [4.69301085104e-05, 0.00240859715268, 0.000983036705293, 0.000562290893868, 0.00242015952244, 0.0011275310535, 0.000545418064576, 0.000339775055181, 0.000308389746351, 0.000147376849782, 0.000127307110233, 8.52466764627e-05, 6.17397454334e-05, 5.05856296513e-05, 6.66143023409e-05, 4.98113113281e-05, 3.95471761294e-05, 3.48174617102e-05, 2.63401161646e-05, 1.60993113241e-05, 1.18392717923e-05, 1.11205354187e-05, 1.0432223462e-05, 7.18985074855e-06, 3.70649809156e-06, 1.04074047158e-06, 1.10983897628e-08],
        "min": [2.35384803546e-25, 1.36390983816e-24, 4.57048357722e-25, 1.21103894853e-24, 7.54402119817e-24, 4.55364987715e-24, 4.27046380053e-24, 1.02473781006e-23, 1.59439154577e-23, 1.16572145332e-23, 1.36928756211e-23, 1.7803030264e-23, 2.79912146088e-23, 3.36545669543e-23, 4.75168536103e-23, 5.60673863817e-23, 7.70582934938e-23, 1.03590254268e-22, 1.20388327803e-22, 1.67549537674e-22, 2.8240218238e-22, 3.08606223142e-22, 3.36920195457e-22, 6.06402300335e-22, 8.95311537576e-22, 1.37020873077e-21, 1.99509158087e-21],
        "var": [8.39955447418e-08, 3.73452348867e-05, 4.81480019516e-05, 3.08404050884e-05, 6.76026174915e-05, 2.48708602157e-05, 3.81089580515e-06, 3.39608118338e-06, 1.17377348943e-05, 2.76317041426e-06, 2.60830142906e-06, 7.15712474175e-07, 3.44042092593e-07, 1.32106194428e-07, 2.17638145728e-07, 1.47194882061e-07, 5.69691103181e-08, 4.09503613241e-08, 5.50820082879e-08, 4.156181177e-08, 2.95472801781e-08, 2.65851447523e-08, 9.28783538967e-09, 1.08673150478e-08, 7.29902405183e-09, 5.34875033154e-09, 5.22915460932e-11]
    },
    "erbbands": {
        "dmean": [0.0657181069255, 0.524918138981, 1.9708750248, 4.55211305618, 5.77954006195, 13.0650749207, 10.8965263367, 15.0755939484, 11.1146154404, 13.0802774429, 10.5352916718, 9.23178005219, 14.080206871, 10.8742589951, 14.07833004, 7.10555934906, 6.61850309372, 6.59920358658, 5.56661653519, 6.54382228851, 4.10143375397, 3.99946379662, 3.35838198662, 3.04105377197, 2.84802985191, 2.36378860474, 1.98009359837, 1.72989976406, 1.3215700388, 0.906226933002, 0.63131248951, 0.494989752769, 0.328601807356, 0.20615054667, 0.111584216356, 0.0764857530594, 0.0190773252398, 0.00297744967975, 0.000149523184518, 1.11751105578e-05],
        "dmean2": [0.100006602705, 0.834984779358, 3.07788825035, 7.13858747482, 9.39875602722, 21.2738342285, 18.1636352539, 23.5156536102, 17.9686393738, 21.0193805695, 16.7829494476, 14.1737642288, 21.7075862885, 17.2313117981, 22.2592220306, 11.7066879272, 11.0476579666, 11.024102211, 9.23132324219, 10.3751125336, 6.63881969452, 6.67179298401, 5.45487070084, 4.89947462082, 4.54540729523, 3.79003167152, 3.11615085602, 2.68214178085, 2.00752258301, 1.38781321049, 0.953868687153, 0.726900994778, 0.488102346659, 0.299586355686, 0.16399808228, 0.110876731575, 0.0272807534784, 0.00428506825119, 0.000235184605117, 1.64970097103e-05],
        "dvar": [0.0168148390949, 0.941881418228, 22.3229808807, 134.62840271, 198.640487671, 686.706542969, 452.884185791, 1139.87988281, 478.464355469, 1037.85559082, 616.609558105, 693.671447754, 2419.73095703, 755.536499023, 1146.21630859, 379.393920898, 438.141204834, 295.312133789, 204.790222168, 259.688995361, 88.2593002319, 119.153411865, 69.5464096069, 107.130714417, 95.5839233398, 75.702911377, 41.8073768616, 29.69647789, 20.7329788208, 8.63744926453, 3.65089464188, 3.51331710815, 2.67762899399, 0.751896381378, 0.291163951159, 0.133964896202, 0.0072169448249, 0.000310731411446, 1.88982494365e-06, 6.69515887175e-10],
        "dvar2": [0.0369595177472, 2.29425930977, 54.0802726746, 336.716217041, 517.872924805, 1886.89916992, 1233.78808594, 2451.6262207, 1172.48486328, 2459.91821289, 1516.08496094, 1489.20007324, 5187.75292969, 1551.89013672, 2610.06542969, 1008.05291748, 1161.125, 786.285461426, 546.857910156, 649.524963379, 220.437545776, 317.493652344, 172.068222046, 271.614379883, 235.855804443, 195.657440186, 96.3776779175, 68.8540649414, 45.4547386169, 19.4397411346, 7.93871164322, 8.0468044281, 6.26482915878, 1.59885334969, 0.701097011566, 0.301405221224, 0.0161146614701, 0.000737454276532, 5.15485362484e-06, 1.57374313581e-09],
        "max": [2.47308826447, 25.5860233307, 126.829528809, 308.527893066, 475.043457031, 675.620056152, 435.326477051, 1341.95678711, 515.753295898, 965.530883789, 939.348876953, 1528.89477539, 3228.93457031, 1719.60229492, 892.355102539, 586.20501709, 963.901000977, 672.279541016, 412.006317139, 663.554443359, 190.990127563, 366.618988037, 168.547424316, 328.878753662, 264.566162109, 245.767089844, 128.80796814, 108.673683167, 106.713371277, 71.880279541, 76.2645263672, 93.7780838013, 71.9604110718, 29.6584148407, 19.4744377136, 8.70046806335, 2.80428123474, 0.749998927116, 0.119738571346, 0.00156972336117],
        "mean": [0.137692123652, 1.02752327919, 3.38916325569, 6.78315114975, 9.07168579102, 23.9628200531, 18.6192398071, 27.8777046204, 19.6136035919, 20.8336391449, 19.1628799438, 18.3646373749, 25.9864139557, 21.5898208618, 25.7063865662, 12.4939508438, 11.2496910095, 10.8193187714, 10.6769561768, 13.2518634796, 7.71093416214, 6.74802207947, 6.15773963928, 5.33149337769, 4.49791240692, 3.65878582001, 3.08269000053, 2.54414153099, 2.08180713654, 1.64406299591, 1.23259103298, 0.88898563385, 0.532416939735, 0.309572219849, 0.155860602856, 0.0910796374083, 0.0224118456244, 0.00333409802988, 0.000149977640831, 3.20780454786e-05],
        "median": [0.0493906959891, 0.548457622528, 1.11516439915, 2.0393679142, 3.77005648613, 8.89563560486, 8.82464885712, 9.28439044952, 9.29268264771, 8.56322288513, 7.46057367325, 5.74031162262, 7.54963302612, 6.55044317245, 6.85598516464, 3.76077270508, 3.14071822166, 3.19798159599, 3.22518467903, 3.72425818443, 2.62306594849, 2.27262949944, 2.01655030251, 1.61252558231, 1.20330584049, 0.792644202709, 0.559887170792, 0.379886329174, 0.389423817396, 0.361237168312, 0.297914117575, 0.193308979273, 0.0914211496711, 0.0516015179455, 0.0203879717737, 0.00697605824098, 0.00136790657416, 0.000160512441653, 1.84964701475e-05, 2.26647225645e-05],
        "min": [3.91477904014e-23, 2.68222098375e-22, 1.6013934941e-21, 4.12265645996e-21, 1.09224409672e-20, 1.30221937157e-20, 3.69963896042e-20, 4.58112915006e-20, 9.94974070562e-20, 1.10743974384e-19, 2.30787733601e-19, 4.13092136753e-19, 4.20141163138e-19, 6.12659075506e-19, 9.1829011093e-19, 7.60390637775e-19, 1.84026014161e-18, 1.59589558242e-18, 1.9349400617e-18, 3.09921311069e-18, 4.13359605604e-18, 4.31597821417e-18, 5.19096366227e-18, 7.56392977273e-18, 6.37382077128e-18, 8.4477143546e-18, 1.05133779044e-17, 1.06183719396e-17, 1.04945463106e-17, 1.24174111897e-17, 1.159251525e-17, 1.15104953292e-17, 9.66261189105e-18, 8.11159364859e-18, 6.4194724557e-18, 3.93736813522e-18, 2.32418209985e-18, 9.29263902526e-19, 2.36466509451e-19, 2.71209549207e-20],
        "var": [0.043722409755, 1.88726115227, 38.71251297, 191.071228027, 281.356323242, 1660.04907227, 829.012817383, 2857.015625, 967.09967041, 1595.52697754, 1469.01818848, 2012.02319336, 5814.99072266, 3746.3425293, 2889.41235352, 739.397583008, 807.748352051, 535.743591309, 444.509033203, 602.647888184, 181.752090454, 170.069366455, 121.191581726, 146.767974854, 118.576332092, 89.9801330566, 63.3663139343, 43.9593048096, 32.6056137085, 14.9009485245, 7.28911685944, 5.08351802826, 3.40663099289, 1.13729679585, 0.392214179039, 0.170850917697, 0.00930720288306, 0.000329534173943, 1.35209836571e-06, 1.41291578437e-09]
    },
    "gfcc": {
        "mean": [-77.0233612061, 130.483535767, -101.78855896, 27.1874904633, -59.5078697205, 6.66256570816, -37.2376213074, 3.53069448471, -20.1591320038, -2.51038980484, -10.8648443222, -0.643777310848, -5.20534467697],
        "cov": [[25760.5039062, 670.072692871, -1108.64160156, 850.841186523, -424.67767334, 1287.94458008, -492.228790283, 523.309387207, -384.890472412, -52.6804847717, -406.484222412, 168.902053833, -246.865753174], [670.072692871, 2235.28369141, -32.2960090637, -206.291625977, 256.233764648, -334.669464111, 122.446998596, -232.123336792, 199.378005981, -209.324798584, 171.267791748, -208.642669678, 178.549453735], [-1108.64160156, -32.2960090637, 798.435241699, 96.418258667, 159.503631592, -21.6922473907, 14.7156181335, 2.83177399635, -26.6678752899, 42.8325538635, -15.2317657471, 38.5125007629, -30.11211586], [850.841186523, -206.291625977, 96.418258667, 538.71862793, 17.2293739319, 128.734909058, 38.6423149109, 64.0435028076, 34.5148506165, 23.256685257, 26.9497013092, 18.6220493317, -0.825597405434], [-424.67767334, 256.233764648, 159.503631592, 17.2293739319, 413.022827148, -11.5003452301, 49.8726119995, -18.4841480255, 37.8602867126, -21.3219261169, -40.6266212463, -25.0038452148, 35.5585021973], [1287.94458008, -334.669464111, -21.6922473907, 128.734909058, -11.5003452301, 352.490356445, 32.3882751465, 123.393409729, -12.9615850449, 22.0422611237, -9.7227678299, 24.5130767822, -28.6893863678], [-492.228790283, 122.446998596, 14.7156181335, 38.6423149109, 49.8726119995, 32.3882751465, 182.432327271, 25.9224376678, 57.5860939026, -3.70746803284, 35.9518051147, -20.2872505188, 18.8032054901], [523.309387207, -232.123336792, 2.83177399635, 64.0435028076, -18.4841480255, 123.393409729, 25.9224376678, 142.056060791, 9.47184753418, 34.6593437195, -15.0624046326, 26.188117981, -28.8212661743], [-384.890472412, 199.378005981, -26.6678752899, 34.5148506165, 37.8602867126, -12.9615850449, 57.5860939026, 9.47184753418, 134.390304565, 1.58148562908, 58.0596961975, -29.3478355408, 32.3033676147], [-52.6804847717, -209.324798584, 42.8325538635, 23.256685257, -21.3219261169, 22.0422611237, -3.70746803284, 34.6593437195, 1.58148562908, 121.735710144, 5.99896001816, 31.2612476349, -23.075056076], [-406.484222412, 171.267791748, -15.2317657471, 26.9497013092, -40.6266212463, -9.7227678299, 35.9518051147, -15.0624046326, 58.0596961975, 5.99896001816, 145.894714355, 6.05514764786, 28.6621570587], [168.902053833, -208.642669678, 38.5125007629, 18.6220493317, -25.0038452148, 24.5130767822, -20.2872505188, 26.188117981, -29.3478355408, 31.2612476349, 6.05514764786, 105.441986084, -9.41515731812], [-246.865753174, 178.549453735, -30.11211586, -0.825597405434, 35.5585021973, -28.6893863678, 18.8032054901, -28.8212661743, 32.3033676147, -23.075056076, 28.6621570587, -9.41515731812, 94.0010147095]],
        "icov": [[0.000145402387716, -0.00044712916133, 0.000241686429945, -0.000322855514241, 0.000204662035685, -0.000612853153143, 0.000473125168355, -0.000357665034244, 0.000412253924878, -0.000286643364234, 0.000678937358316, -0.000585232279263, 0.000359302852303], [-0.00044712916133, 0.0024212684948, -0.000808443874121, 0.0012611852726, -0.00107510492671, 0.00236386014149, -0.00163410999812, 0.00156418979168, -0.00184643128887, 0.00198534922674, -0.00311761116609, 0.00299590872601, -0.00171404634602], [0.000241686429945, -0.000808443874121, 0.00193249841686, -0.000857277191244, -0.00035271703382, -0.000739902665373, 0.00062773009995, -0.000591623480432, 0.00125971098896, -0.00098543940112, 0.000972074223682, -0.0014855141053, 0.00126248807646], [-0.000322855514241, 0.0012611852726, -0.000857277191244, 0.00296424305998, -0.000541268265806, 0.000759137270506, -0.0011525102891, 0.000603623164352, -0.00161145045422, 0.00086378317792, -0.00200493610464, 0.00143644539639, -0.0011189437937], [0.000204662035685, -0.00107510492671, -0.00035271703382, -0.000541268265806, 0.00370162539184, -0.00132324080914, 6.05830755376e-05, 5.29496082891e-06, -0.000475492415717, -0.000559475913178, 0.00316806370392, -0.00122047646437, -0.000414917769376], [-0.000612853153143, 0.00236386014149, -0.000739902665373, 0.000759137270506, -0.00132324080914, 0.00728226592764, -0.00248918845318, -0.00197866396047, -0.000640471233055, 0.00195517786779, -0.00382763915695, 0.0031258855015, -0.0015352392802], [0.000473125168355, -0.00163410999812, 0.00062773009995, -0.0011525102891, 6.05830755376e-05, -0.00248918845318, 0.00855570565909, -0.00263118906878, -0.000386863568565, -0.000784499221481, 0.00106554117519, -0.000993492081761, 0.000752569001634], [-0.000357665034244, 0.00156418979168, -0.000591623480432, 0.000603623164352, 5.29496082891e-06, -0.00197866396047, -0.00263118906878, 0.0136594250798, -0.00422358792275, -0.000583267887123, 0.00042880512774, -0.000586094683968, 0.00113268068526], [0.000412253924878, -0.00184643128887, 0.00125971098896, -0.00161145045422, -0.000475492415717, -0.000640471233055, -0.000386863568565, -0.00422358792275, 0.0139712039381, -0.00245996844023, -0.0021013582591, 0.0011794581078, -0.000900155981071], [-0.000286643364234, 0.00198534922674, -0.00098543940112, 0.00086378317792, -0.000559475913178, 0.00195517786779, -0.000784499221481, -0.000583267887123, -0.00245996844023, 0.0116329425946, -0.00289424601942, 8.31382712931e-05, 0.000546331750229], [0.000678937358316, -0.00311761116609, 0.000972074223682, -0.00200493610464, 0.00316806370392, -0.00382763915695, 0.00106554117519, 0.00042880512774, -0.0021013582591, -0.00289424601942, 0.0143784629181, -0.00601901859045, 0.000574858509935], [-0.000585232279263, 0.00299590872601, -0.0014855141053, 0.00143644539639, -0.00122047646437, 0.0031258855015, -0.000993492081761, -0.000586094683968, 0.0011794581078, 8.31382712931e-05, -0.00601901859045, 0.0159393940121, -0.00320914550684], [0.000359302852303, -0.00171404634602, 0.00126248807646, -0.0011189437937, -0.000414917769376, -0.0015352392802, 0.000752569001634, 0.00113268068526, -0.000900155981071, 0.000546331750229, 0.000574858509935, -0.00320914550684, 0.0150639945641]]
    },
    "melbands": {
        "dmean": [0.000601418316364, 0.000866610149387, 0.000790903752204, 0.000619479571469, 0.00043666336569, 0.000321164669003, 0.000166909841937, 0.000140608943184, 7.99049521447e-05, 7.24138008081e-05, 7.18050650903e-05, 4.43874014309e-05, 5.92724063608e-05, 2.47567822953e-05, 1.92153947864e-05, 1.45698923006e-05, 1.14732938528e-05, 8.55643793329e-06, 9.26870416151e-06, 8.66521259013e-06, 4.45206023869e-06, 4.31477292295e-06, 4.14621263189e-06, 3.15644911097e-06, 2.52438439929e-06, 2.47086109084e-06, 1.85196290658e-06, 1.57742556439e-06, 1.39538838084e-06, 1.05164735942e-06, 1.07751077394e-06, 8.18097760202e-07, 6.91200398251e-07, 4.66203658789e-07, 3.76605669317e-07, 3.80014199663e-07, 2.87339531724e-07, 2.44932408577e-07, 2.00426867991e-07, 1.78261927886e-07],
        "dmean2": [0.000926723878365, 0.00136523100082, 0.00123409670778, 0.00101230840664, 0.000715609756298, 0.000502755050547, 0.000268442643574, 0.00022585404804, 0.000127345047076, 0.000110171669803, 0.000110707609565, 7.06206046743e-05, 9.29780871957e-05, 4.11513501604e-05, 3.16561418003e-05, 2.45670362347e-05, 1.92052211787e-05, 1.43197075886e-05, 1.49390243678e-05, 1.3751782717e-05, 7.38613562135e-06, 7.24116898709e-06, 6.96512915965e-06, 5.16767158842e-06, 4.12400913774e-06, 4.00246926802e-06, 3.04009518004e-06, 2.55738996202e-06, 2.24348673328e-06, 1.66353765962e-06, 1.69350391843e-06, 1.25488656977e-06, 1.0821208889e-06, 7.30323336029e-07, 5.77303296723e-07, 5.82201778343e-07, 4.2948423129e-07, 3.72057371578e-07, 3.02349832282e-07, 2.62677247065e-07],
        "dvar": [1.23627535231e-06, 3.59148498319e-06, 3.84825671063e-06, 1.44301009186e-06, 7.03129103385e-07, 4.85314899379e-07, 1.00215004295e-07, 1.15948687096e-07, 3.5840528767e-08, 5.29510550962e-08, 6.0920768874e-08, 1.39528966159e-08, 2.4099444218e-08, 4.48351666904e-09, 4.90950746723e-09, 1.65133917651e-09, 8.57985682501e-10, 5.36860333966e-10, 4.97203223038e-10, 4.77497263951e-10, 1.1481353368e-10, 1.30601029991e-10, 1.35105093779e-10, 5.93419063888e-11, 8.14291065132e-11, 6.3038282927e-11, 5.92019627765e-11, 2.97384686321e-11, 2.15858563662e-11, 1.18643714644e-11, 1.22701996133e-11, 7.5921829587e-12, 7.20611504496e-12, 2.09260820477e-12, 1.21507816829e-12, 2.27197926271e-12, 1.03144012428e-12, 1.65830814792e-12, 7.11984453599e-13, 6.82167104922e-13],
        "dvar2": [2.79810183201e-06, 8.54685458762e-06, 9.68606491369e-06, 3.96404357161e-06, 1.91156527762e-06, 1.05117749172e-06, 2.44938661353e-07, 2.80595770619e-07, 8.81420163523e-08, 1.08920012565e-07, 1.30112184138e-07, 2.81552452464e-08, 5.40180629116e-08, 1.14765708048e-08, 1.30571864432e-08, 4.54611503997e-09, 2.28222440946e-09, 1.44101819366e-09, 1.24206578356e-09, 1.11520914725e-09, 3.01144748027e-10, 3.48003265094e-10, 3.61727897635e-10, 1.40520567404e-10, 2.12193027038e-10, 1.54651361162e-10, 1.59846136327e-10, 7.67580304872e-11, 5.18738975386e-11, 2.8597320692e-11, 2.88121904807e-11, 1.67308059768e-11, 1.65699572119e-11, 4.94374766818e-12, 2.68758886673e-12, 5.04236236099e-12, 2.39994395884e-12, 3.90147983365e-12, 1.69005055176e-12, 1.46932585456e-12],
        "max": [0.0238794647157, 0.0535570494831, 0.0456561744213, 0.0285771004856, 0.0157433897257, 0.0266398526728, 0.00781363807619, 0.00915164407343, 0.00737045332789, 0.0151800634339, 0.016211533919, 0.00768644083291, 0.00420764833689, 0.00196785177104, 0.00233658542857, 0.00137740420178, 0.00113147683442, 0.000739557552151, 0.000706645951141, 0.000677967269439, 0.000264312257059, 0.000429026549682, 0.000401269848226, 0.000215230495087, 0.000302084663417, 0.000215179738007, 0.000190839986317, 0.000147186307004, 0.000100068515167, 7.61786577641e-05, 7.47229423723e-05, 5.96962781856e-05, 7.96376989456e-05, 5.31921941729e-05, 5.18549932167e-05, 8.3484359493e-05, 3.86333449569e-05, 5.32595622644e-05, 2.9109103707e-05, 2.76530390693e-05],
        "mean": [0.00125841633417, 0.00166161369998, 0.00122630340047, 0.00114219635725, 0.000801554822829, 0.000596745696384, 0.000299963983707, 0.000224358300329, 0.000143294368172, 0.000138579853228, 0.000131666005473, 8.43665475259e-05, 0.000103389676951, 3.90308450733e-05, 2.96487851301e-05, 2.3392471121e-05, 1.81071245606e-05, 1.48895042003e-05, 1.79358939931e-05, 1.75079785549e-05, 7.02586930856e-06, 6.81399433233e-06, 6.42389022687e-06, 5.37231835551e-06, 4.12817053075e-06, 3.77857145395e-06, 2.61379636868e-06, 2.35659013015e-06, 2.07230414162e-06, 1.51747713062e-06, 1.48124797761e-06, 1.19895503303e-06, 1.07159348772e-06, 8.46693410494e-07, 7.16137606105e-07, 6.46899479761e-07, 4.90568993428e-07, 3.86242106742e-07, 2.96387867138e-07, 2.52800418821e-07],
        "median": [0.000609927228652, 0.000730520871002, 0.000405571074225, 0.000483840616653, 0.000360372214345, 0.000207236589631, 0.000146808772115, 8.9748937171e-05, 5.18620036019e-05, 3.8044541725e-05, 3.73829207092e-05, 2.44413931796e-05, 2.26941247092e-05, 9.95851132757e-06, 6.27174949841e-06, 6.60113755657e-06, 5.13571785632e-06, 4.23388564741e-06, 4.81467577629e-06, 3.82864664061e-06, 2.43428598878e-06, 2.18356149162e-06, 1.92654215425e-06, 1.63207846526e-06, 1.16986245757e-06, 9.67174287325e-07, 6.34922685094e-07, 4.50884982683e-07, 3.64271897979e-07, 2.30474753948e-07, 2.00291808028e-07, 1.90895732999e-07, 2.05804497e-07, 1.88380980148e-07, 1.69226893831e-07, 1.39801556998e-07, 9.74887441885e-08, 6.19865616613e-08, 4.69851961782e-08, 3.78231916898e-08],
        "min": [6.7035693814e-25, 6.44222962426e-25, 1.24362620088e-24, 1.63530924817e-24, 1.57097468312e-24, 9.49390746775e-25, 1.50722328349e-24, 1.33861225222e-24, 1.51841889607e-24, 2.55533543661e-24, 1.85933568728e-24, 2.20325498169e-24, 2.9041646013e-24, 2.80891793003e-24, 2.35165411468e-24, 3.26702168504e-24, 2.66403060859e-24, 2.77791096329e-24, 3.3573853073e-24, 4.48788293791e-24, 4.02466144778e-24, 4.31913572953e-24, 3.93989992124e-24, 4.10852327847e-24, 5.68371166211e-24, 4.35937236886e-24, 4.27369655252e-24, 4.59972329832e-24, 5.43044471305e-24, 5.67999218294e-24, 5.01544510676e-24, 4.45438593173e-24, 4.6365035436e-24, 6.11922086307e-24, 5.90572394211e-24, 4.69688690159e-24, 6.09763092339e-24, 7.01327637e-24, 6.36762054035e-24, 5.62368210824e-24],
        "var": [2.99583325614e-06, 6.80369657857e-06, 5.48006846657e-06, 3.15047623189e-06, 1.47869411649e-06, 1.21798643704e-06, 2.05727388902e-07, 1.7638571137e-07, 8.46165164603e-08, 1.55673859581e-07, 1.49605313027e-07, 7.04987215272e-08, 5.88911994726e-08, 8.94159413178e-09, 7.92508014769e-09, 2.8277100661e-09, 1.52040890988e-09, 1.02599451157e-09, 1.16892540092e-09, 1.54669388408e-09, 1.72658776165e-10, 1.86687262871e-10, 1.75940234604e-10, 1.09172226814e-10, 1.02577696337e-10, 8.28931784325e-11, 5.39792516241e-11, 3.79100847936e-11, 3.06651717907e-11, 1.63413033105e-11, 1.67182500482e-11, 1.15822863453e-11, 1.0119607409e-11, 3.61387764332e-12, 2.49884314629e-12, 3.41950404624e-12, 1.42540916136e-12, 2.01580288919e-12, 9.14006283853e-13, 9.71340846298e-13]
    },
    "mfcc": {
        "mean": [-712.761230469, 155.371200562, 15.4171409607, 22.4009742737, 2.74533987045, 1.52986168861, -4.00937700272, 2.5167798996, -3.766310215, -0.125027805567, -4.29591274261, -2.42037153244, -1.41468524933],
        "cov": [[14647.0195312, -396.136901855, -477.561431885, -86.2439651489, 46.123298645, 312.923950195, 119.560203552, 500.917907715, -14.77871418, 167.31578064, -135.472076416, -58.1131515503, -16.6616306305], [-396.136901855, 1959.98010254, 81.9676589966, 64.1930236816, 112.773017883, -76.2583007812, -51.1222000122, -88.322845459, -5.16177511215, -2.35162782669, -60.5114746094, -66.9187545776, 3.77500271797], [-477.561431885, 81.9676589966, 529.812866211, 112.303375244, 27.078792572, 8.03722953796, 20.4637451172, -5.59100055695, -29.198431015, -38.122341156, 47.4181518555, 30.8544826508, -7.8946390152], [-86.2439651489, 64.1930236816, 112.303375244, 429.71987915, 99.7270812988, 60.441822052, 25.8393135071, 5.26423978806, 47.2076263428, -31.7636489868, 17.9226341248, 50.0309410095, 25.639503479], [46.123298645, 112.773017883, 27.078792572, 99.7270812988, 267.345001221, 68.7799530029, 29.0556297302, 23.1177539825, 37.783416748, 20.8708591461, -31.486410141, -19.5841445923, 10.0853281021], [312.923950195, -76.2583007812, 8.03722953796, 60.441822052, 68.7799530029, 143.14855957, 65.7099304199, 43.0094795227, 36.2607688904, 25.5249538422, 11.7375507355, 8.3768825531, 7.83506393433], [119.560203552, -51.1222000122, 20.4637451172, 25.8393135071, 29.0556297302, 65.7099304199, 122.0340271, 51.392288208, 31.5952167511, 23.8823413849, 20.1943721771, 9.59745311737, 2.47072672844], [500.917907715, -88.322845459, -5.59100055695, 5.26423978806, 23.1177539825, 43.0094795227, 51.392288208, 151.365478516, 33.4589767456, 19.3014202118, 18.0271034241, 23.7639522552, 7.67004728317], [-14.77871418, -5.16177511215, -29.198431015, 47.2076263428, 37.783416748, 36.2607688904, 31.5952167511, 33.4589767456, 121.000434875, 36.270565033, -0.445444941521, -1.50894224644, 2.03969812393], [167.31578064, -2.35162782669, -38.122341156, -31.7636489868, 20.8708591461, 25.5249538422, 23.8823413849, 19.3014202118, 36.270565033, 105.695297241, 28.2232036591, -3.42234015465, -3.81288433075], [-135.472076416, -60.5114746094, 47.4181518555, 17.9226341248, -31.486410141, 11.7375507355, 20.1943721771, 18.0271034241, -0.445444941521, 28.2232036591, 112.754776001, 50.8602523804, 11.4910373688], [-58.1131515503, -66.9187545776, 30.8544826508, 50.0309410095, -19.5841445923, 8.3768825531, 9.59745311737, 23.7639522552, -1.50894224644, -3.42234015465, 50.8602523804, 91.9869842529, 29.7614326477], [-16.6616306305, 3.77500271797, -7.8946390152, 25.639503479, 10.0853281021, 7.83506393433, 2.47072672844, 7.67004728317, 2.03969812393, -3.81288433075, 11.4910373688, 29.7614326477, 75.6898117065]],
