{
"lowlevel": {
    "average_loudness": 0.772593319416,
    "barkbands_crest": {
        "dmean": 2.63819146156,
        "dmean2": 4.11804151535,
        "dvar": 5.86070251465,
        "dvar2": 13.3124370575,
        "max": 26.0386104584,
        "mean": 9.27363204956,
        "median": 7.98950195312,
        "min": 2.28534793854,
        "var": 20.7422447205
    },
    "barkbands_flatness_db": {
        "dmean": 0.0204661339521,
        "dmean2": 0.0309807062149,
        "dvar": 0.000399686541641,
        "dvar2": 0.000862824555952,
        "max": 0.5377779603,
        "mean": 0.115543872118,
        "median": 0.1054552719,
        "min": 0.0149935893714,
        "var": 0.00314974831417
    },
    "barkbands_kurtosis": {
        "dmean": 1.74480319023,
        "dmean2": 2.80353808403,
        "dvar": 16.9312534332,
        "dvar2": 41.4349784851,
        "max": 212.500991821,
        "mean": 2.06496119499,
        "median": 0.618494033813,
        "min": -1.82671952248,
        "var": 50.1992034912
    },
    "barkbands_skewness": {
        "dmean": 0.446684598923,
        "dmean2": 0.696200847626,
        "dvar": 0.210446044803,
        "dvar2": 0.523573219776,
        "max": 12.3484859467,
        "mean": 1.12738859653,
        "median": 1.00325226784,
        "min": -2.08628344536,
        "var": 0.856509149075
    },
    "barkbands_spread": {
        "dmean": 5.13612604141,
        "dmean2": 7.99654531479,
        "dvar": 28.1806850433,
        "dvar2": 65.2084732056,
        "max": 96.0835266113,
        "mean": 23.9946155548,
        "median": 22.486530304,
        "min": 0.325733006001,
        "var": 131.544525146
    },
    "dissonance": {
        "dmean": 0.0183138605207,
        "dmean2": 0.0311790946871,
        "dvar": 0.000309223396471,
        "dvar2": 0.000860618834849,
        "max": 0.500000059605,
        "mean": 0.466178655624,
        "median": 0.47269153595,
        "min": 0.214220002294,
        "var": 0.000711367058102
    },
    "dynamic_complexity": 4.46075630188,
    "erbbands_crest": {
        "dmean": 2.58615374565,
        "dmean2": 4.10073709488,
        "dvar": 6.36515188217,
        "dvar2": 14.576300621,
        "max": 32.7552833557,
        "mean": 8.84423065186,
        "median": 7.43078422546,
        "min": 2.33656382561,
        "var": 24.2489032745
    },
    "erbbands_flatness_db": {
        "dmean": 0.0182309132069,
        "dmean2": 0.0260962191969,
        "dvar": 0.000322124746162,
        "dvar2": 0.000628065376077,
        "max": 0.411707788706,
        "mean": 0.152869746089,
        "median": 0.145342350006,
        "min": 0.052484177053,
        "var": 0.00253968057223
    },
    "erbbands_kurtosis": {
        "dmean": 0.80624884367,
        "dmean2": 1.25039613247,
        "dvar": 2.04407930374,
        "dvar2": 4.37383985519,
        "max": 52.9647483826,
        "mean": 0.53844666481,
        "median": -0.0284214019775,
        "min": -1.58913516998,
        "var": 6.78813076019
    },
    "erbbands_skewness": {
        "dmean": 0.303414851427,
        "dmean2": 0.474852651358,
        "dvar": 0.069665722549,
        "dvar2": 0.167719691992,
        "max": 5.77812004089,
        "mean": 0.302111625671,
        "median": 0.273981392384,
        "min": -2.92144846916,
        "var": 0.345825254917
    },
    "erbbands_spread": {
        "dmean": 6.63525438309,
        "dmean2": 10.110244751,
        "dvar": 43.047794342,
        "dvar2": 96.7414321899,
        "max": 111.813537598,
        "mean": 32.1095581055,
        "median": 30.5304660797,
        "min": 1.39887821674,
        "var": 184.686187744
    },
    "hfc": {
        "dmean": 7.02829217911,
        "dmean2": 10.4859695435,
        "dvar": 106.170402527,
        "dvar2": 224.512527466,
        "max": 175.283050537,
        "mean": 24.2385444641,
        "median": 17.9291534424,
        "min": 1.11492035171e-16,
        "var": 524.075195312
    },
    "melbands_crest": {
        "dmean": 3.61997723579,
        "dmean2": 5.78149175644,
        "dvar": 10.9932165146,
        "dvar2": 25.7344856262,
        "max": 39.4355049133,
        "mean": 13.8023757935,
        "median": 11.813129425,
        "min": 1.51537001133,
        "var": 45.2853431702
    },
    "melbands_flatness_db": {
        "dmean": 0.0239524543285,
        "dmean2": 0.036332026124,
        "dvar": 0.000548281008378,
        "dvar2": 0.0011949329637,
        "max": 0.561685562134,
        "mean": 0.181063368917,
        "median": 0.169758468866,
        "min": 0.0026207761839,
        "var": 0.00449162814766
    },
    "melbands_kurtosis": {
        "dmean": 3.98715138435,
        "dmean2": 6.37090682983,
        "dvar": 46.5620155334,
        "dvar2": 118.58190918,
        "max": 221.139190674,
        "mean": 6.74748802185,
        "median": 3.94631814957,
        "min": -1.69757807255,
        "var": 111.329574585
    },
    "melbands_skewness": {
        "dmean": 0.608330190182,
        "dmean2": 0.943855941296,
        "dvar": 0.382509618998,
        "dvar2": 0.924449622631,
        "max": 13.3967666626,
        "mean": 1.94705164433,
        "median": 1.76201605797,
        "min": -2.65178442001,
        "var": 1.42520022392
    },
    "melbands_spread": {
        "dmean": 6.22356843948,
        "dmean2": 9.86068439484,
        "dvar": 38.9676361084,
        "dvar2": 90.5638809204,
        "max": 180.188415527,
        "mean": 26.0902786255,
        "median": 24.703540802,
        "min": 0.66095083952,
        "var": 167.904052734
    },
    "pitch_salience": {
        "dmean": 0.0741813033819,
        "dmean2": 0.119029998779,
        "dvar": 0.00472340686247,
        "dvar2": 0.0111770089716,
        "max": 0.925395965576,
        "mean": 0.541605114937,
        "median": 0.556158721447,
        "min": 0.0538541078568,
        "var": 0.0171189662069
    },
    "silence_rate_20dB": {
        "dmean": 0,
        "dmean2": 0,
        "dvar": 0,
        "dvar2": 0,
        "max": 1,
        "mean": 1,
        "median": 1,
        "min": 1,
        "var": 0
    },
    "silence_rate_30dB": {
        "dmean": 0.00842648278922,
        "dmean2": 0.016854416579,
        "dvar": 0.00835507176816,
        "dvar2": 0.0194947104901,
        "max": 1,
        "mean": 0.99140226841,
        "median": 1,
        "min": 0,
        "var": 0.00852423347533
    },
    "silence_rate_60dB": {
        "dmean": 0.00601891661063,
        "dmean2": 0.0120388679206,
        "dvar": 0.00598111422732,
        "dvar2": 0.0130924871191,
        "max": 1,
        "mean": 0.102570712566,
        "median": 0,
        "min": 0,
        "var": 0.0920560359955
    },
    "spectral_centroid": {
        "dmean": 200.336990356,
        "dmean2": 316.991119385,
        "dvar": 38994.8710938,
        "dvar2": 88854.6015625,
        "max": 11503.1230469,
        "mean": 1381.04199219,
        "median": 1348.0213623,
        "min": 235.735809326,
        "var": 314402.3125
    },
    "spectral_complexity": {
        "dmean": 3.41203784943,
        "dmean2": 5.33837842941,
        "dvar": 14.6799497604,
        "dvar2": 30.6168632507,
        "max": 56,
        "mean": 21.6445713043,
        "median": 21,
        "min": 0,
        "var": 125.332313538
    },
    "spectral_decrease": {
        "dmean": 2.40043607214e-09,
        "dmean2": 3.66839802979e-09,
        "dvar": 1.05419677479e-17,
        "dvar2": 2.56960993768e-17,
        "max": 2.07770345551e-29,
        "mean": -7.29783433684e-09,
        "median": -5.72651837061e-09,
        "min": -5.81046251114e-08,
        "var": 3.72329180746e-17
    },
    "spectral_energy": {
        "dmean": 0.00949921365827,
        "dmean2": 0.0144843421876,
        "dvar": 0.000160850860993,
        "dvar2": 0.000388405343983,
        "max": 0.22558042407,
        "mean": 0.0297420993447,
        "median": 0.023644965142,
        "min": 1.03543488321e-20,
        "var": 0.000600492523517
    },
    "spectral_energyband_high": {
        "dmean": 0.000433378503658,
        "dmean2": 0.000651242269669,
        "dvar": 6.29005398878e-07,
        "dvar2": 1.39134181154e-06,
        "max": 0.0191986691207,
        "mean": 0.00103596586268,
        "median": 0.000418856099714,
        "min": 7.41141954282e-21,
        "var": 2.65269477495e-06
    },
    "spectral_energyband_low": {
        "dmean": 0.00626018829644,
        "dmean2": 0.0097373733297,
        "dvar": 0.000120591335872,
        "dvar2": 0.000299083098071,
        "max": 0.182791307569,
        "mean": 0.0115707693622,
        "median": 0.00443189824,
        "min": 4.30573471824e-23,
        "var": 0.000270923686912
    },
    "spectral_energyband_middle_high": {
        "dmean": 0.0025473665446,
        "dmean2": 0.00377005431801,
        "dvar": 1.52201910169e-05,
        "dvar2": 3.03101787722e-05,
        "max": 0.081368803978,
        "mean": 0.00760144088417,
        "median": 0.00559401884675,
        "min": 1.43179046945e-21,
        "var": 6.01939973421e-05
    },
    "spectral_energyband_middle_low": {
        "dmean": 0.00425299955532,
        "dmean2": 0.00687302695587,
        "dvar": 4.01504257752e-05,
        "dvar2": 0.000102381374745,
        "max": 0.104143619537,
        "mean": 0.0101344306022,
        "median": 0.00772885046899,
        "min": 1.31656240268e-22,
        "var": 8.48351483e-05
    },
    "spectral_entropy": {
        "dmean": 0.134494766593,
        "dmean2": 0.199309930205,
        "dvar": 0.0185873918235,
        "dvar2": 0.038036275655,
        "max": 9.81308269501,
        "mean": 7.64768457413,
        "median": 7.72672796249,
        "min": 5.41583395004,
        "var": 0.202370539308
    },
    "spectral_flux": {
        "dmean": 0.0222886111587,
        "dmean2": 0.0350406765938,
        "dvar": 0.000668364868034,
        "dvar2": 0.00150073831901,
        "max": 0.320238828659,
        "mean": 0.0867843702435,
        "median": 0.0815120190382,
        "min": 6.55923371173e-11,
        "var": 0.00253372988664
    },
    "spectral_kurtosis": {
        "dmean": 1.65995204449,
        "dmean2": 2.78171062469,
        "dvar": 5.60616493225,
        "dvar2": 16.1241531372,
        "max": 74.2067947388,
        "mean": 5.37652397156,
        "median": 4.00734567642,
        "min": -1.25315439701,
        "var": 25.747335434
    },
    "spectral_rms": {
        "dmean": 0.000784964242484,
        "dmean2": 0.00117967277765,
        "dvar": 7.41096187085e-07,
        "dvar2": 1.69159329744e-06,
        "max": 0.0148350419477,
        "mean": 0.00485463393852,
        "median": 0.00480294274166,
        "min": 3.17833346447e-12,
        "var": 5.44954764337e-06
    },
    "spectral_rolloff": {
        "dmean": 404.22467041,
        "dmean2": 672.958984375,
        "dvar": 360769.28125,
        "dvar2": 833728.375,
        "max": 19056.8847656,
        "mean": 1467.58435059,
        "median": 1313.52539062,
        "min": 21.533203125,
        "var": 1163843.625
    },
    "spectral_skewness": {
        "dmean": 0.192001953721,
        "dmean2": 0.312690347433,
        "dvar": 0.0399302877486,
        "dvar2": 0.107718728483,
        "max": 6.7842001915,
        "mean": 1.696641922,
        "median": 1.59323382378,
        "min": -0.0555311478674,
        "var": 0.298472881317
    },
    "spectral_spread": {
        "dmean": 560426.1875,
        "dmean2": 796790.6875,
        "dvar": 540723773440,
        "dvar2": 1.02762735206e+12,
        "max": 41999132,
        "mean": 4486136.5,
        "median": 4332112,
        "min": 974662.9375,
        "var": 3.42794043392e+12
    },
    "spectral_strongpeak": {
        "dmean": 0.624795436859,
        "dmean2": 1.03838670254,
        "dvar": 1.21267747879,
        "dvar2": 2.7445230484,
        "max": 14.4275245667,
        "mean": 0.905410408974,
        "median": 0.417531102896,
        "min": 0,
        "var": 1.93401944637
    },
    "zerocrossingrate": {
        "dmean": 0.00943235121667,
        "dmean2": 0.0111244060099,
        "dvar": 0.000111589441076,
        "dvar2": 0.00014006375568,
        "max": 0.61572265625,
        "mean": 0.0615990869701,
        "median": 0.056640625,
        "min": 0.00048828125,
        "var": 0.00107488001231
    },
    "barkbands": {
        "dmean": [0.000646651198622, 0.0050882184878, 0.00182131386828, 0.00110156775918, 0.00172772770748, 0.00122224132065, 0.00092164502712, 0.000650598551147, 0.000917488243431, 0.000655025069136, 0.000590857875068, 0.000669986533467, 0.000937451492064, 0.000530926394276, 0.000312163610943, 0.000306358211674, 0.00021192865097, 0.000163763586897, 0.000152657608851, 0.000112418747449, 9.15366836125e-05, 8.55439066072e-05, 8.12023572507e-05, 7.12582477718e-05, 0.000103721358755, 4.25772668677e-05, 1.30824519147e-05],
        "dmean2": [0.0008942837012, 0.00786980614066, 0.00308893993497, 0.0019434618298, 0.00290661072358, 0.00195959326811, 0.00148418010212, 0.00103839905933, 0.00141761766281, 0.00102875870652, 0.000953326874878, 0.00104798865505, 0.00135085056536, 0.000858640647493, 0.000514986866619, 0.000509066390805, 0.000351682421751, 0.00027317556669, 0.000247449846938, 0.000182279167348, 0.000148013132275, 0.000135884562042, 0.000126837825519, 0.000109891952889, 0.000163521341165, 6.42193554086e-05, 2.2514086595e-05],
        "dvar": [1.94324957192e-06, 0.000100362907688, 2.08596684388e-05, 7.22783124729e-06, 1.01431005533e-05, 4.18136914959e-06, 2.52298013947e-06, 1.4255347196e-06, 2.20020524466e-06, 1.51554615968e-06, 1.46915567711e-06, 3.62535138265e-06, 6.65812149236e-06, 1.23799134144e-06, 3.6351806898e-07, 3.96549069137e-07, 1.39196743021e-07, 8.43689988983e-08, 6.31735375123e-08, 2.93839228505e-08, 2.92280688541e-08, 3.3029191826e-08, 2.60684007714e-08, 2.22222631407e-08, 5.96322848878e-08, 1.01024202337e-08, 2.55243715053e-09],
        "dvar2": [3.67158190784e-06, 0.000237914078753, 5.47113340872e-05, 2.05227461265e-05, 2.68010262516e-05, 1.03086449599e-05, 6.33414538243e-06, 3.43533292835e-06, 5.05532852912e-06, 3.72483532374e-06, 3.58381862497e-06, 7.02336410541e-06, 1.15662978715e-05, 2.95032418762e-06, 9.52489131123e-07, 1.05178344256e-06, 3.68381080307e-07, 2.28966442251e-07, 1.59625429319e-07, 7.35868752599e-08, 7.49971391656e-08, 7.72806671989e-08, 6.0908000421e-08, 5.44544391801e-08, 1.49568151642e-07, 2.19423537118e-08, 6.96221480467e-09],
        "max": [0.0452758818865, 0.15356490016, 0.0472962632775, 0.0477161556482, 0.0569690838456, 0.0534887611866, 0.0558890067041, 0.027857189998, 0.0262063965201, 0.0343644805253, 0.0407937467098, 0.0568307712674, 0.0709611773491, 0.0255269668996, 0.0143810110167, 0.0211414135993, 0.00787055585533, 0.0055256318301, 0.004740356002, 0.00329901254736, 0.00397101789713, 0.00501141976565, 0.00483377417549, 0.00546813616529, 0.0039697852917, 0.00201154151, 0.00104195612948],
        "mean": [0.00122874416411, 0.00810296647251, 0.00177627475932, 0.00114319799468, 0.00248256511986, 0.00209983927198, 0.00156313111074, 0.00101761322003, 0.00157524319366, 0.00114454946015, 0.000938526936807, 0.00101709389128, 0.00153213634621, 0.000863442430273, 0.000545561837498, 0.000535715429578, 0.000374263327103, 0.000330581591697, 0.000311266368954, 0.000240990964812, 0.000190306716831, 0.00017496260989, 0.000162036434631, 0.000157734495588, 0.000162397511303, 5.98542210355e-05, 1.13427749966e-05],
        "median": [9.34941053856e-05, 0.00228815362789, 0.000495015468914, 0.000376491254428, 0.00126802001614, 0.00107931310777, 0.000754684500862, 0.000495021988172, 0.000847989169415, 0.000495276064612, 0.000373729562853, 0.00041101500392, 0.000502212787978, 0.000402401114115, 0.000275647355011, 0.000293341348879, 0.000204894415219, 0.000184976801393, 0.000163537595654, 0.000138332572533, 9.16502831387e-05, 6.84029437252e-05, 5.8241908846e-05, 4.45449259132e-05, 3.0804596463e-05, 8.22302899905e-06, 3.78087747777e-07],
        "min": [2.47920592191e-25, 3.25237529904e-24, 5.49342302898e-24, 2.23303684745e-24, 6.05397457203e-24, 3.42889752051e-23, 9.80569409091e-24, 1.50650392124e-23, 2.56708307432e-23, 3.38604217852e-23, 2.87775827136e-23, 4.27144198806e-23, 3.65468781316e-23, 8.14754096921e-23, 7.58302705672e-23, 7.72551553104e-23, 7.17475745948e-23, 1.92043668781e-22, 1.72810217548e-22, 2.12717794597e-22, 3.00623026512e-22, 3.6496002283e-22, 5.2731724016e-22, 7.1550668602e-22, 8.71012299289e-22, 1.47413924915e-21, 2.23143723633e-21],
        "var": [7.68493646319e-06, 0.000195334854652, 1.66341142176e-05, 5.88699776927e-06, 1.31365786729e-05, 9.4269262263e-06, 5.89437331655e-06, 2.54668520938e-06, 4.70641271022e-06, 3.52424513039e-06, 2.80885842585e-06, 6.04316437602e-06, 1.59952869581e-05, 2.4731002668e-06, 7.35502680982e-07, 7.4423468277e-07, 2.6386712193e-07, 1.9763095338e-07, 1.6311017248e-07, 8.5488551349e-08, 7.38444256854e-08, 8.85968560738e-08, 8.61359055193e-08, 1.23105266425e-07, 1.06950707845e-07, 1.70237868247e-08, 2.00690464247e-09]
    },
    "erbbands": {
        "dmean": [0.206766828895, 1.07843756676, 1.96186137199, 2.97287392616, 4.24220752716, 6.68403768539, 8.0641078949, 11.1614274979, 13.6798591614, 11.7954216003, 15.5062141418, 20.5595302582, 19.4895801544, 18.7977409363, 23.1728343964, 25.1648235321, 42.1393432617, 22.1784267426, 19.7163295746, 17.704662323, 14.6522045135, 12.5045957565, 9.45701694489, 8.01745414734, 6.24514341354, 5.06830787659, 4.01532459259, 3.32255744934, 3.29920101166, 2.58423519135, 2.39970588684, 1.85368871689, 1.09132099152, 1.25401544571, 0.684341311455, 0.197357103229, 0.0747856870294, 0.0251392647624, 0.00187718239613, 3.62927166861e-05],
        "dmean2": [0.299937099218, 1.62433373928, 3.1890206337, 5.16694784164, 7.37501096725, 11.3563127518, 12.9954652786, 17.9322223663, 22.2350921631, 18.664680481, 24.6257705688, 31.8702430725, 30.556842804, 29.8691825867, 36.6857261658, 38.0188789368, 61.0556945801, 35.5055274963, 31.8199081421, 29.3717212677, 24.0837535858, 20.7737045288, 15.7267751694, 13.1373939514, 10.1615486145, 8.22332668304, 6.55561304092, 5.35282325745, 5.28269720078, 4.06810235977, 3.7503349781, 2.93724060059, 1.68835878372, 1.98603200912, 1.09542047977, 0.299622029066, 0.113489277661, 0.0406467616558, 0.00324927433394, 5.93711811234e-05],
        "dvar": [0.150198489428, 4.8541932106, 21.6564846039, 53.7270355225, 88.4813232422, 157.969924927, 238.065261841, 375.173980713, 576.801391602, 426.976409912, 732.184204102, 1279.05895996, 1287.92480469, 1165.73339844, 2531.34277344, 4713.59570312, 14381.9433594, 2709.3371582, 1493.14855957, 1273.56298828, 906.620178223, 523.31451416, 294.851959229, 189.776824951, 94.3797531128, 62.3818473816, 51.9134941101, 44.1915588379, 52.6731872559, 30.8249187469, 23.0211601257, 15.5032339096, 5.13467168808, 9.63955783844, 2.2491645813, 0.211718603969, 0.034019112587, 0.00498684309423, 6.55505937175e-05, 1.1316084958e-08],
        "dvar2": [0.332445949316, 11.7319345474, 54.7662582397, 148.953323364, 247.291122437, 416.174377441, 555.338012695, 913.182189941, 1528.75317383, 981.321289062, 1794.27172852, 2902.82324219, 3328.79418945, 2810.48291016, 5939.53759766, 8829.48046875, 24369.5625, 6538.73681641, 3633.90307617, 3464.68164062, 2380.15625, 1377.00061035, 804.483642578, 497.720153809, 231.752471924, 156.320465088, 136.616744995, 109.59324646, 125.120658875, 74.1316375732, 53.5832977295, 39.5068588257, 11.7320489883, 24.498758316, 5.61048841476, 0.466722607613, 0.0753441825509, 0.0126641588286, 0.000179993832717, 3.02924938467e-08],
        "max": [5.88617944717, 37.8797149658, 53.8321228027, 129.418014526, 166.793502808, 316.550842285, 455.185424805, 677.026672363, 626.418762207, 620.09564209, 580.123657227, 705.648986816, 996.99029541, 761.852844238, 1823.65454102, 2104.06835938, 3905.72460938, 1502.86303711, 1196.21813965, 912.497253418, 1418.79931641, 546.265625, 389.086761475, 253.734802246, 179.102905273, 136.057922363, 163.690368652, 165.351394653, 176.617736816, 137.781738281, 126.268890381, 119.714241028, 88.221534729, 56.2101974487, 23.3471221924, 9.57474803925, 4.11317873001, 1.21948647499, 0.16969627142, 0.00214581098408],
        "mean": [0.322251647711, 1.46166062355, 2.15321397781, 3.22980475426, 5.14075279236, 8.99852657318, 13.0876131058, 19.149679184, 23.1739311218, 20.6486568451, 26.0371074677, 35.1378669739, 35.9272499084, 34.9235572815, 38.95545578, 42.4699211121, 70.7770004272, 40.0022315979, 36.4373054504, 32.7354164124, 27.2259902954, 23.1446933746, 19.5955085754, 16.9335308075, 13.6141939163, 11.074965477, 8.63444042206, 6.81744766235, 6.5201792717, 5.27994680405, 4.63009500504, 3.69623708725, 2.41621255875, 2.04742622375, 1.00957894325, 0.307454198599, 0.098652921617, 0.026611616835, 0.00164593965746, 6.47219567327e-05],
        "median": [0.0650490298867, 0.421896010637, 0.694133460522, 1.16145408154, 2.15967392921, 4.39805030823, 6.68845129013, 9.54531383514, 10.642334938, 11.1885166168, 14.1679286957, 18.4771366119, 18.7350444794, 18.5366725922, 17.7225666046, 18.1193714142, 25.5345497131, 19.3250217438, 18.8193264008, 18.4266605377, 15.74771595, 13.3916187286, 11.5032253265, 9.89768886566, 7.98207473755, 6.31248426437, 4.35004520416, 3.16142749786, 2.59007930756, 2.01446938515, 1.57493674755, 1.10375118256, 0.634418070316, 0.375596374273, 0.195574685931, 0.0507125817239, 0.0122465202585, 0.00207468750887, 7.42657430237e-05, 3.6180481402e-05],
        "min": [1.80545547771e-22, 7.44342947363e-22, 7.56505703249e-21, 8.39730008733e-21, 2.0815835325e-20, 2.78665160713e-20, 1.65619071598e-19, 1.90319666965e-19, 1.63730049573e-19, 3.82987647991e-19, 4.15705820693e-19, 4.07903775607e-19, 5.00213021915e-19, 1.44058001471e-18, 1.82635192679e-18, 1.29433510279e-18, 1.96983343507e-18, 3.79745839283e-18, 4.65008763051e-18, 4.87220465014e-18, 4.44724391916e-18, 4.34509828045e-18, 9.39505287729e-18, 9.20306591148e-18, 8.06481575777e-18, 1.17925548191e-17, 1.21482515815e-17, 1.23106999276e-17, 1.12802553959e-17, 1.37781845087e-17, 1.61350114982e-17, 1.38767265351e-17, 1.30579740658e-17, 8.3475692522e-18, 6.97174372757e-18, 4.62299705186e-18, 2.66068641087e-18, 1.07023398707e-18, 2.91820402068e-19, 2.96497300638e-20],
        "var": [0.3494322896, 7.72568750381, 20.0266361237, 43.1645278931, 83.645362854, 199.679153442, 436.23260498, 858.214355469, 1386.77380371, 951.139526367, 1332.88623047, 2687.61547852, 2767.0546875, 2672.43286133, 4620.94677734, 8853.54003906, 34138.796875, 5423.87011719, 3254.55908203, 2492.80981445, 1693.51696777, 979.786621094, 666.589172363, 459.829559326, 261.63168335, 183.46824646, 141.855712891, 103.471763611, 127.672279358, 89.8100738525, 75.2304229736, 59.296421051, 28.8753490448, 18.4881401062, 3.89102458954, 0.420150518417, 0.0505084730685, 0.00505550485104, 5.00522291986e-05, 1.14463931666e-08]
    },
    "gfcc": {
        "mean": [-5.33623790741, 94.0322418213, -123.578430176, 22.4823112488, -55.874130249, 17.9861984253, -35.2758636475, 11.6416168213, -20.5220432281, 6.90589475632, -11.788939476, 3.3410320282, -8.32734012604],
        "cov": [[18680.4257812, -3061.27197266, 305.241607666, 862.536621094, -184.244064331, 670.413085938, -460.867767334, 499.145629883, -413.918395996, 374.064483643, -253.876541138, 319.65234375, -190.212173462], [-3061.27197266, 1443.95336914, -294.962310791, -162.328536987, 180.169586182, -190.264572144, 179.142730713, -145.553833008, 170.666885376, -107.453559875, 123.707092285, -103.916526794, 104.202903748], [305.241607666, -294.962310791, 536.615234375, 68.6517944336, 53.2130432129, 89.7640991211, -18.917842865, 41.5949440002, -23.2895450592, 41.7882575989, -39.3659172058, 27.1960258484, -44.9113044739], [862.536621094, -162.328536987, 68.6517944336, 262.53515625, 13.2779865265, 99.2307815552, 0.59292781353, 52.0689659119, 2.0027589798, 27.403049469, -2.69774770737, 12.4443187714, 3.91898369789], [-184.244064331, 180.169586182, 53.2130432129, 13.2779865265, 211.325775146, 49.8436203003, 93.0617980957, 30.2865619659, 50.0102500916, 10.6676244736, 40.6851577759, 5.15460062027, 19.8147258759], [670.413085938, -190.264572144, 89.7640991211, 99.2307815552, 49.8436203003, 183.224761963, 26.1884708405, 74.0145645142, -8.70382404327, 39.8632850647, 12.6147422791, 21.7565078735, -2.00766897202], [-460.867767334, 179.142730713, -18.917842865, 0.59292781353, 93.0617980957, 26.1884708405, 162.580108643, 50.1462974548, 64.3911895752, -8.57759857178, 36.6571960449, -0.534016907215, 22.955373764], [499.145629883, -145.553833008, 41.5949440002, 52.0689659119, 30.2865619659, 74.0145645142, 50.1462974548, 145.855743408, 35.0728874207, 33.9768638611, 10.1642513275, 30.2546520233, 8.99349594116], [-413.918395996, 170.666885376, -23.2895450592, 2.0027589798, 50.0102500916, -8.70382404327, 64.3911895752, 35.0728874207, 111.227920532, 32.2840080261, 41.9317703247, -9.02256774902, 25.8249568939], [374.064483643, -107.453559875, 41.7882575989, 27.403049469, 10.6676244736, 39.8632850647, -8.57759857178, 33.9768638611, 32.2840080261, 97.2418518066, 37.4336242676, 20.2791595459, -7.05985450745], [-253.876541138, 123.707092285, -39.3659172058, -2.69774770737, 40.6851577759, 12.6147422791, 36.6571960449, 10.1642513275, 41.9317703247, 37.4336242676, 103.546821594, 29.0755825043, 33.1980895996], [319.65234375, -103.916526794, 27.1960258484, 12.4443187714, 5.15460062027, 21.7565078735, -0.534016907215, 30.2546520233, -9.02256774902, 20.2791595459, 29.0755825043, 80.5667800903, 28.6529502869], [-190.212173462, 104.202903748, -44.9113044739, 3.91898369789, 19.8147258759, -2.00766897202, 22.955373764, 8.99349594116, 25.8249568939, -7.05985450745, 33.1980895996, 28.6529502869, 81.4127502441]],
        "icov": [[0.000109070788312, 0.000112123962026, 0.000143295066664, -0.000219820241909, -0.000154497582116, -5.22945083503e-05, 0.000176542074769, -0.000192015519133, 0.000248402415309, -0.000301518302877, 0.000250499084359, -0.000220064495807, 7.90585836512e-05], [0.000112123962026, 0.00236033205874, 0.000462445517769, 7.62419222156e-05, -0.00143788801506, 0.000941742735449, -0.000537942396477, 0.00159338116646, -0.00192460755352, 0.00199338933453, -0.00200468697585, 0.00213990709744, -0.00131112313829], [0.000143295066664, 0.000462445517769, 0.00268688471988, -0.000454614288174, -0.00131768442225, -0.000630385766272, 0.000509845558554, 0.00012132224947, -0.00014303237549, -0.000838787294924, 0.00157491140999, -0.00140336772893, 0.00121933268383], [-0.000219820241909, 7.62419222156e-05, -0.000454614288174, 0.00544615741819, 0.000417736388044, -0.00237786397338, 0.000135494963615, 0.000138749630423, -0.00144441716839, 0.000772563158534, -0.000218054556171, 0.000945140956901, -0.00105650781188], [-0.000154497582116, -0.00143788801506, -0.00131768442225, 0.000417736388044, 0.00826562102884, -0.00222837692127, -0.00313122011721, 0.00021306159033, -0.000606990419328, -0.000319799117278, -0.000521462410688, -0.000747376703657, 0.000165575183928], [-5.22945083503e-05, 0.000941742735449, -0.000630385766272, -0.00237786397338, -0.00222837692127, 0.0108589464799, -0.00188266742043, -0.00304861576296, 0.00426724599674, -0.00238384003751, -0.00218850770034, 0.00275302724913, -0.0015199118061], [0.000176542074769, -0.000537942396477, 0.000509845558554, 0.000135494963615, -0.00313122011721, -0.00188266742043, 0.0126681858674, -0.00380596355535, -0.00453543849289, 0.00442213192582, -0.00138135871384, -0.00109645212069, 0.00171121943276], [-0.000192015519133, 0.00159338116646, 0.00012132224947, 0.000138749630423, 0.00021306159033, -0.00304861576296, -0.00380596355535, 0.0137223443016, -0.00638732640073, 0.000710305175744, 0.00121320702601, -0.00279646436684, -0.00042036009836], [0.000248402415309, -0.00192460755352, -0.00014303237549, -0.00144441716839, -0.000606990419328, 0.00426724599674, -0.00453543849289, -0.00638732640073, 0.0231515672058, -0.011449707672, -0.000451121537481, 0.00539598008618, -0.00478019099683], [-0.000301518302877, 0.00199338933453, -0.000838787294924, 0.000772563158534, -0.000319799117278, -0.00238384003751, 0.00442213192582, 0.000710305175744, -0.011449707672, 0.0229828041047, -0.00958248972893, -0.000961123500019, 0.00480865314603], [0.000250499084359, -0.00200468697585, 0.00157491140999, -0.000218054556171, -0.000521462410688, -0.00218850770034, -0.00138135871384, 0.00121320702601, -0.000451121537481, -0.00958248972893, 0.0206815004349, -0.00837464816868, -0.00181498832535], [-0.000220064495807, 0.00213990709744, -0.00140336772893, 0.000945140956901, -0.000747376703657, 0.00275302724913, -0.00109645212069, -0.00279646436684, 0.00539598008618, -0.000961123500019, -0.00837464816868, 0.0241788327694, -0.0100945830345], [7.90585836512e-05, -0.00131112313829, 0.00121933268383, -0.00105650781188, 0.000165575183928, -0.0015199118061, 0.00171121943276, -0.00042036009836, -0.00478019099683, 0.00480865314603, -0.00181498832535, -0.0100945830345, 0.0205817874521]]
    },
    "melbands": {
        "dmean": [0.00156692427117, 0.00106186931953, 0.000534973631147, 0.00037702525151, 0.000283148372546, 0.000244644819759, 0.000196781824343, 0.000133204215672, 0.000136861126521, 0.000128686893731, 0.000102725833131, 8.10883939266e-05, 7.50873878133e-05, 8.18668704596e-05, 9.29645684664e-05, 8.36241160869e-05, 3.95905335608e-05, 3.85202620237e-05, 2.66376227955e-05, 2.41974248638e-05, 1.65255059983e-05, 1.47058372022e-05, 9.63543698163e-06, 8.22662514111e-06, 7.06061882738e-06, 5.87735257795e-06, 4.62914022137e-06, 3.56994246431e-06, 2.82462315226e-06, 2.41881366492e-06, 1.92709558178e-06, 2.00498880076e-06, 1.76610387825e-06, 1.49201673594e-06, 1.40543045291e-06, 1.43648014728e-06, 1.20345748655e-06, 7.72548560235e-07, 8.38097093947e-07, 1.25636859138e-06],
        "dmean2": [0.00235351291485, 0.00164369738195, 0.000919717364013, 0.000646144559141, 0.000459494243842, 0.000392909074435, 0.000318676786264, 0.000209881050978, 0.000216966014705, 0.000199265341507, 0.000161230418598, 0.000128255021991, 0.000120465854707, 0.000125502498122, 0.000136511443998, 0.000125528225908, 6.43488019705e-05, 6.24849417363e-05, 4.42593591288e-05, 4.04975908168e-05, 2.73102959909e-05, 2.46715026151e-05, 1.5869474737e-05, 1.38143395816e-05, 1.16127393994e-05, 9.63607908488e-06, 7.59221529734e-06, 5.87707563682e-06, 4.66889559902e-06, 3.99936016038e-06, 3.11635153594e-06, 3.23099470734e-06, 2.85551845991e-06, 2.38283951148e-06, 2.23237543651e-06, 2.28029080063e-06, 1.93998243958e-06, 1.20582092222e-06, 1.30622026973e-06, 2.03903186957e-06],
        "dvar": [8.94656204764e-06, 4.84395650346e-06, 1.52124630404e-06, 5.32400520115e-07, 2.66894005563e-07, 1.69241729964e-07, 1.15839490888e-07, 5.24463601437e-08, 5.61466784177e-08, 4.87168527741e-08, 3.55436213795e-08, 2.0141309065e-08, 2.30741150631e-08, 7.87096539057e-08, 7.25530711065e-08, 5.65440068101e-08, 9.40445854525e-09, 6.72552724623e-09, 3.33044325451e-09, 2.64177857368e-09, 1.25529397987e-09, 8.11595679551e-10, 2.45186065895e-10, 2.34872843397e-10, 1.59837296176e-10, 9.55622456167e-11, 5.97468532981e-11, 3.45291260861e-11, 2.78390106107e-11, 2.33949300904e-11, 1.42005209675e-11, 1.9810828325e-11, 1.47968460401e-11, 1.10962523892e-11, 7.86269747227e-12, 1.01965753549e-11, 6.83398910378e-12, 2.8334578607e-12, 3.46342117312e-12, 1.16564310287e-11],
        "dvar2": [2.06896984309e-05, 1.18042225949e-05, 4.19189063905e-06, 1.44176931371e-06, 6.28135012448e-07, 4.17382551632e-07, 3.03895774323e-07, 1.22120979995e-07, 1.37634899033e-07, 1.116677808e-07, 9.10754067718e-08, 4.79166679668e-08, 5.57385035904e-08, 1.48016098933e-07, 1.32262400143e-07, 1.11199334185e-07, 2.2887025608e-08, 1.63455329272e-08, 8.94834872867e-09, 7.14669612378e-09, 3.3387719256e-09, 2.15168793893e-09, 6.60577204048e-10, 6.38901098693e-10, 4.21180951227e-10, 2.39295860904e-10, 1.54590534818e-10, 8.74679079166e-11, 7.61086263457e-11, 6.04345185007e-11, 3.54793763813e-11, 4.83903576931e-11, 3.6416342164e-11, 2.77160794315e-11, 1.87270182e-11, 2.67217758337e-11, 1.80174191539e-11, 6.79916886681e-12, 8.32557633945e-12, 3.04862454725e-11],
        "max": [0.0444090217352, 0.0371675863862, 0.0198986046016, 0.0148573117331, 0.0150120416656, 0.0130582675338, 0.00948111992329, 0.00657473038882, 0.00520857889205, 0.00485296407714, 0.00524493539706, 0.00299213128164, 0.00507879350334, 0.00861311051995, 0.00819728616625, 0.00782126374543, 0.00272456300445, 0.00254337769002, 0.00153264252003, 0.00156255858019, 0.00182062608656, 0.000696033763234, 0.000321930507198, 0.000289740390144, 0.000253373844316, 0.000170565050212, 0.000199524860363, 0.000116015595268, 0.000118373209261, 0.000130507920403, 7.93935105321e-05, 0.000118240495794, 0.000130198241095, 8.69048744789e-05, 6.65007682983e-05, 8.85544941411e-05, 8.03590373835e-05, 6.31757720839e-05, 5.95585515839e-05, 6.61317099002e-05],
        "mean": [0.0025943859946, 0.00141781859566, 0.000609785492998, 0.000503718736582, 0.000463536387542, 0.000430572748883, 0.000337180448696, 0.000225577517995, 0.000222834889428, 0.000218210072489, 0.000182606760063, 0.000146269667312, 0.000125020131236, 0.000122236961033, 0.000149192535901, 0.000135092181154, 6.67133863317e-05, 6.37230550637e-05, 4.50441075373e-05, 4.09449385188e-05, 2.81924767478e-05, 2.43590711761e-05, 1.82694911928e-05, 1.59916689881e-05, 1.3599255908e-05, 1.14380400191e-05, 8.70729490998e-06, 7.01415365256e-06, 5.69221992919e-06, 4.4945013542e-06, 3.65100891031e-06, 3.69775057152e-06, 3.27619659402e-06, 2.80930066765e-06, 2.54032488556e-06, 2.63424681179e-06, 2.18437503463e-06, 1.58122122684e-06, 1.71893293555e-06, 1.76249841388e-06],
        "median": [0.000661314639729, 0.000496090855449, 0.000247266958468, 0.000237574990024, 0.000250145676546, 0.000225186435273, 0.000162578289746, 0.000118385440146, 0.000117662915727, 0.000112786838145, 8.9608503913e-05, 7.37959780963e-05, 5.63436624361e-05, 4.17540868511e-05, 4.86444332637e-05, 4.61133276985e-05, 3.01233812934e-05, 2.76844239124e-05, 2.14559004235e-05, 2.06185977731e-05, 1.49600609802e-05, 1.24052112369e-05, 1.07412770376e-05, 8.41784003569e-06, 7.33732531444e-06, 6.02707041253e-06, 4.75188426208e-06, 3.64438369616e-06, 2.8218830721e-06, 2.00346221391e-06, 1.61550565281e-06, 1.44290311255e-06, 1.17127751764e-06, 1.03617674085e-06, 8.680780752e-07, 8.07237768186e-07, 6.11269740602e-07, 4.321582594e-07, 3.62578589375e-07, 2.81222980902e-07],
        "min": [1.80165102244e-24, 4.75503305005e-24, 1.94991782401e-24, 1.67394726088e-24, 5.42039975271e-24, 5.01508104746e-24, 2.2575950735e-24, 4.66836602999e-24, 2.47245652661e-24, 2.5054380122e-24, 2.27850442344e-24, 5.90336958674e-24, 6.20366132323e-24, 4.35326264115e-24, 2.60998259253e-24, 2.83999372489e-24, 6.73913142822e-24, 6.18834992749e-24, 6.52582107287e-24, 5.11977196148e-24, 4.43045780832e-24, 3.57388147742e-24, 4.59133494589e-24, 8.39593733327e-24, 6.2852240188e-24, 6.20780639285e-24, 4.83401577603e-24, 6.80708311773e-24, 6.27424465272e-24, 5.11883282257e-24, 6.10174207199e-24, 5.81322960654e-24, 7.90595294807e-24, 7.3294723312e-24, 1.03423861414e-23, 6.99090033043e-24, 7.74479024286e-24, 8.38291718403e-24, 7.53641579019e-24, 6.14580547558e-24],
        "var": [1.97376102733e-05, 6.42124314254e-06, 1.28377428155e-06, 6.20960179276e-07, 4.79672053189e-07, 3.91786215914e-07, 2.71002278396e-07, 1.1097811381e-07, 1.01838395494e-07, 1.03689821174e-07, 7.67492736031e-08, 4.80773358902e-08, 4.5958710615e-08, 1.27907952674e-07, 1.71281584471e-07, 1.22788222257e-07, 1.80516011028e-08, 1.35774058663e-08, 6.16286799371e-09, 4.9426440718e-09, 2.12416728651e-09, 1.3652508013e-09, 5.26965693304e-10, 5.25001264684e-10, 3.46956935404e-10, 2.30299113113e-10, 1.25959187525e-10, 9.00469629417e-11, 6.98688329415e-11, 4.63030516706e-11, 3.16883429219e-11, 4.25195503806e-11, 3.41616665511e-11, 2.79087794541e-11, 2.18850649408e-11, 3.15755130376e-11, 2.11800455646e-11, 1.23505962402e-11, 1.64743982345e-11, 1.51760704697e-11]
    },
    "mfcc": {
        "mean": [-642.871398926, 123.293083191, -5.55670595169, 11.1481170654, 2.17685770988, 4.86095571518, 1.15361857414, 3.50444936752, -0.278096348047, 3.35998058319, 1.53203701973, 2.01370334625, 0.517091453075],
        "cov": [[14293.7695312, -1313.30041504, -159.768310547, 329.674804688, 200.188781738, 212.849090576, 104.372398376, 110.860618591, -27.8913764954, 136.189331055, -58.061378479, -107.72354126, 67.7373886108], [-1313.30041504, 1115.14904785, -303.455535889, 36.6833648682, -22.7652168274, 5.94643449783, -16.5873889923, 16.7473335266, 14.9915037155, 13.4648036957, 18.3376617432, 45.4175605774, -1.76043522358], [-159.768310547, -303.455535889, 408.538696289, 10.4507741928, 61.8738021851, 26.3233680725, 16.0177326202, -8.52319049835, 7.7277879715, -0.621753513813, 5.39162778854, 0.832235455513, -0.230526790023], [329.674804688, 36.6833648682, 10.4507741928, 162.738525391, 33.4847602844, 38.9868431091, 10.5898151398, 24.969959259, 22.9984436035, 20.0050697327, 11.2959671021, 7.24786376953, 1.12553560734], [200.188781738, -22.7652168274, 61.8738021851, 33.4847602844, 133.650512695, 52.2130737305, 44.8297348022, 23.4047851562, 18.9656906128, 24.2119808197, 16.6973285675, 6.93606853485, 20.6331424713], [212.849090576, 5.94643449783, 26.3233680725, 38.9868431091, 52.2130737305, 111.474136353, 42.7941322327, 13.7465391159, 6.97037410736, 18.9419841766, 14.2964868546, 14.7499475479, 5.36433744431], [104.372398376, -16.5873889923, 16.0177326202, 10.5898151398, 44.8297348022, 42.7941322327, 109.931083679, 65.6977920532, 28.1230621338, 18.3378448486, 20.8087348938, 16.5864982605, 18.2708454132], [110.860618591, 16.7473335266, -8.52319049835, 24.969959259, 23.4047851562, 13.7465391159, 65.6977920532, 103.78994751, 56.8950881958, 14.1236600876, 11.1293754578, 16.2336368561, 16.2080669403], [-27.8913764954, 14.9915037155, 7.7277879715, 22.9984436035, 18.9656906128, 6.97037410736, 28.1230621338, 56.8950881958, 90.2599868774, 37.4321403503, 15.6591882706, 7.94646072388, 9.56426906586], [136.189331055, 13.4648036957, -0.621753513813, 20.0050697327, 24.2119808197, 18.9419841766, 18.3378448486, 14.1236600876, 37.4321403503, 86.8216323853, 43.9564285278, 8.9183216095, 6.13212251663], [-58.061378479, 18.3376617432, 5.39162778854, 11.2959671021, 16.6973285675, 14.2964868546, 20.8087348938, 11.1293754578, 15.6591882706, 43.9564285278, 88.9354400635, 44.988571167, 1.33324491978], [-107.72354126, 45.4175605774, 0.832235455513, 7.24786376953, 6.93606853485, 14.7499475479, 16.5864982605, 16.2336368561, 7.94646072388, 8.9183216095, 44.988571167, 89.4589233398, 32.6251029968], [67.7373886108, -1.76043522358, -0.230526790023, 1.12553560734, 20.6331424713, 5.36433744431, 18.2708454132, 16.2080669403, 9.56426906586, 6.13212251663, 1.33324491978, 32.6251029968, 88.4154586792]],
