{
"lowlevel": {
    "average_loudness": 0.950878679752,
    "barkbands_crest": {
        "dmean": 2.87350320816,
        "dmean2": 4.45073509216,
        "dvar": 7.04194259644,
        "dvar2": 15.4750452042,
        "max": 25.9360847473,
        "mean": 10.0871152878,
        "median": 8.71464538574,
        "min": 2.25598454475,
        "var": 25.0834197998
    },
    "barkbands_flatness_db": {
        "dmean": 0.0261293649673,
        "dmean2": 0.0377083942294,
        "dvar": 0.000742959207855,
        "dvar2": 0.00159597396851,
        "max": 0.482248306274,
        "mean": 0.118316471577,
        "median": 0.10430303216,
        "min": 0.011314005591,
        "var": 0.00317288096994
    },
    "barkbands_kurtosis": {
        "dmean": 3.62122106552,
        "dmean2": 5.48300600052,
        "dvar": 126.179580688,
        "dvar2": 214.538146973,
        "max": 486.371887207,
        "mean": 5.66827821732,
        "median": 2.21669960022,
        "min": -1.50552618504,
        "var": 294.046661377
    },
    "barkbands_skewness": {
        "dmean": 0.549127995968,
        "dmean2": 0.822614550591,
        "dvar": 0.390678048134,
        "dvar2": 0.800275564194,
        "max": 17.3934459686,
        "mean": 1.66764295101,
        "median": 1.44269192219,
        "min": -2.23632788658,
        "var": 2.02276158333
    },
    "barkbands_spread": {
        "dmean": 5.05656099319,
        "dmean2": 7.63786220551,
        "dvar": 24.1980857849,
        "dvar2": 56.1170310974,
        "max": 91.8518829346,
        "mean": 19.4201812744,
        "median": 19.068447113,
        "min": 0.159211650491,
        "var": 84.2110595703
    },
    "dissonance": {
        "dmean": 0.0167198907584,
        "dmean2": 0.0283092204481,
        "dvar": 0.000217002540012,
        "dvar2": 0.000579446845222,
        "max": 0.500000119209,
        "mean": 0.47072249651,
        "median": 0.474164843559,
        "min": 0.331798791885,
        "var": 0.000404919439461
    },
    "dynamic_complexity": 2.64909172058,
    "erbbands_crest": {
        "dmean": 2.20676040649,
        "dmean2": 3.63324904442,
        "dvar": 4.20861053467,
        "dvar2": 10.760219574,
        "max": 24.5454101562,
        "mean": 6.98239707947,
        "median": 6.25096607208,
        "min": 2.61714458466,
        "var": 8.69352436066
    },
    "erbbands_flatness_db": {
        "dmean": 0.0165286436677,
        "dmean2": 0.0243777222931,
        "dvar": 0.000264389673248,
        "dvar2": 0.0005644125049,
        "max": 0.301700800657,
        "mean": 0.134592920542,
        "median": 0.128123939037,
        "min": 0.0671933740377,
        "var": 0.00113332096953
    },
    "erbbands_kurtosis": {
        "dmean": 0.653603076935,
        "dmean2": 1.0573091507,
        "dvar": 0.717337489128,
        "dvar2": 1.85875833035,
        "max": 24.6919994354,
        "mean": 0.211051002145,
        "median": -0.0421023368835,
        "min": -1.53171765804,
        "var": 1.44493305683
    },
    "erbbands_skewness": {
        "dmean": 0.288331151009,
        "dmean2": 0.445080816746,
        "dvar": 0.0658617839217,
        "dvar2": 0.154304325581,
        "max": 3.79577326775,
        "mean": 0.409818351269,
        "median": 0.40660738945,
        "min": -1.26245188713,
        "var": 0.226734980941
    },
    "erbbands_spread": {
        "dmean": 7.15304851532,
        "dmean2": 11.0932235718,
        "dvar": 45.5620307922,
        "dvar2": 102.889083862,
        "max": 107.093467712,
        "mean": 37.2922897339,
        "median": 36.1313018799,
        "min": 4.26746940613,
        "var": 161.141799927
    },
    "hfc": {
        "dmean": 9.84189605713,
        "dmean2": 16.0156650543,
        "dvar": 176.452972412,
        "dvar2": 448.683013916,
        "max": 111.769508362,
        "mean": 22.4426555634,
        "median": 20.1135597229,
        "min": 1.05328593313e-16,
        "var": 241.922973633
    },
    "melbands_crest": {
        "dmean": 3.83756446838,
        "dmean2": 6.01611852646,
        "dvar": 12.1170578003,
        "dvar2": 28.2693367004,
        "max": 36.0020980835,
        "mean": 13.9524326324,
        "median": 12.4819154739,
        "min": 1.63996827602,
        "var": 45.6922035217
    },
    "melbands_flatness_db": {
        "dmean": 0.0309662893414,
        "dmean2": 0.0438001081347,
        "dvar": 0.00104683917016,
        "dvar2": 0.00220211874694,
        "max": 0.608560264111,
        "mean": 0.18343064189,
        "median": 0.170656099916,
        "min": 0.00236936542206,
        "var": 0.00612573698163
    },
    "melbands_kurtosis": {
        "dmean": 7.04164028168,
        "dmean2": 10.7329940796,
        "dvar": 206.360427856,
        "dvar2": 429.290649414,
        "max": 431.483520508,
        "mean": 13.5838251114,
        "median": 6.98421859741,
        "min": -1.40731108189,
        "var": 491.334411621
    },
    "melbands_skewness": {
        "dmean": 0.716461718082,
        "dmean2": 1.07712459564,
        "dvar": 0.621944725513,
        "dvar2": 1.31528604031,
        "max": 15.7013425827,
        "mean": 2.5990550518,
        "median": 2.24119758606,
        "min": -0.826159536839,
        "var": 2.71183466911
    },
    "melbands_spread": {
        "dmean": 6.02350997925,
        "dmean2": 9.29537773132,
        "dvar": 39.5039710999,
        "dvar2": 92.1062850952,
        "max": 158.101760864,
        "mean": 23.0374011993,
        "median": 19.26795578,
        "min": 0.213332042098,
        "var": 487.977661133
    },
    "pitch_salience": {
        "dmean": 0.0824501365423,
        "dmean2": 0.128867328167,
        "dvar": 0.0067262831144,
        "dvar2": 0.014117772691,
        "max": 0.874656796455,
        "mean": 0.583359658718,
        "median": 0.619227409363,
        "min": 0.0294011700898,
        "var": 0.0241591110826
    },
    "silence_rate_20dB": {
        "dmean": 0,
        "dmean2": 0,
        "dvar": 0,
        "dvar2": 0,
        "max": 1,
        "mean": 1,
        "median": 1,
        "min": 1,
        "var": 0
    },
    "silence_rate_30dB": {
        "dmean": 0.0138806262985,
        "dmean2": 0.027766758576,
        "dvar": 0.0136879328638,
        "dvar2": 0.0337426066399,
        "max": 1,
        "mean": 0.984734356403,
        "median": 1,
        "min": 0,
        "var": 0.0150340339169
    },
    "silence_rate_60dB": {
        "dmean": 0.00753519730642,
        "dmean2": 0.015073383227,
        "dvar": 0.00747885275632,
        "dvar2": 0.0196078177541,
        "max": 1,
        "mean": 0.0717684403062,
        "median": 0,
        "min": 0,
        "var": 0.0666168108582
    },
    "spectral_centroid": {
        "dmean": 234.772598267,
        "dmean2": 348.530059814,
        "dvar": 68539.4921875,
        "dvar2": 134496.5,
        "max": 12007.7871094,
        "mean": 1411.90869141,
        "median": 1107.19067383,
        "min": 127.041679382,
        "var": 3011487
    },
    "spectral_complexity": {
        "dmean": 4.89946460724,
        "dmean2": 7.43276500702,
        "dvar": 23.7277984619,
        "dvar2": 53.0223884583,
        "max": 52,
        "mean": 23.2527751923,
        "median": 24,
        "min": 0,
        "var": 100.358047485
    },
    "spectral_decrease": {
        "dmean": 3.80468145877e-09,
        "dmean2": 5.93607785149e-09,
        "dvar": 1.94660562445e-17,
        "dvar2": 4.69985528294e-17,
        "max": 1.85699308759e-28,
        "mean": -9.6535011096e-09,
        "median": -8.28472224157e-09,
        "min": -6.49207549941e-08,
        "var": 4.71565774136e-17
    },
    "spectral_energy": {
        "dmean": 0.0150449667126,
        "dmean2": 0.0235713087022,
        "dvar": 0.000297931575915,
        "dvar2": 0.000722242635675,
        "max": 0.24745054543,
        "mean": 0.0384701304138,
        "median": 0.033480040729,
        "min": 9.83141478082e-21,
        "var": 0.000704555772245
    },
    "spectral_energyband_high": {
        "dmean": 0.00049818441039,
        "dmean2": 0.000816236715764,
        "dvar": 6.41523740796e-07,
        "dvar2": 1.65376548011e-06,
        "max": 0.00695660850033,
        "mean": 0.000827011943329,
        "median": 0.00056466757087,
        "min": 6.96041627749e-21,
        "var": 7.80916934673e-07
    },
    "spectral_energyband_low": {
        "dmean": 0.0079212449491,
        "dmean2": 0.0112901162356,
        "dvar": 0.000187643512618,
        "dvar2": 0.000386231840821,
        "max": 0.240409091115,
        "mean": 0.0154152447358,
        "median": 0.00630582403392,
        "min": 1.36746971104e-23,
        "var": 0.000517118372954
    },
    "spectral_energyband_middle_high": {
        "dmean": 0.00281151686795,
        "dmean2": 0.00457031605765,
        "dvar": 1.21328757814e-05,
        "dvar2": 3.09386923618e-05,
        "max": 0.0344365015626,
        "mean": 0.00630192039534,
        "median": 0.00537502905354,
        "min": 1.15299970492e-21,
        "var": 2.34282324527e-05
    },
    "spectral_energyband_middle_low": {
        "dmean": 0.00972935091704,
        "dmean2": 0.0154433501884,
        "dvar": 0.000207441000384,
        "dvar2": 0.000491891929414,
        "max": 0.13083383441,
        "mean": 0.0170029979199,
        "median": 0.0127075491473,
        "min": 1.55094698779e-22,
        "var": 0.000251925142948
    },
    "spectral_entropy": {
        "dmean": 0.165822908282,
        "dmean2": 0.24233366549,
        "dvar": 0.0302058216184,
        "dvar2": 0.0726579353213,
        "max": 9.82035923004,
        "mean": 7.78310871124,
        "median": 7.78647708893,
        "min": 5.45747804642,
        "var": 0.235456690192
    },
    "spectral_flux": {
        "dmean": 0.0358914881945,
        "dmean2": 0.0544773377478,
        "dvar": 0.00152527005412,
        "dvar2": 0.00279493210837,
        "max": 0.474043011665,
        "mean": 0.10783316195,
        "median": 0.0945949852467,
        "min": 6.24695711826e-11,
        "var": 0.00364813394845
    },
    "spectral_kurtosis": {
        "dmean": 1.36029171944,
        "dmean2": 2.20978331566,
        "dvar": 4.42235517502,
        "dvar2": 10.9712104797,
        "max": 87.5544967651,
        "mean": 4.33476877213,
        "median": 3.55652737617,
        "min": -1.26770019531,
        "var": 12.7969894409
    },
    "spectral_rms": {
        "dmean": 0.00113472435623,
        "dmean2": 0.00174519314896,
        "dvar": 1.35643404064e-06,
        "dvar2": 3.10482255372e-06,
        "max": 0.0155375404283,
        "mean": 0.00567041570321,
        "median": 0.00571519508958,
        "min": 3.09703478141e-12,
        "var": 5.37825235369e-06
    },
    "spectral_rolloff": {
        "dmean": 360.49307251,
        "dmean2": 562.834960938,
        "dvar": 204387.140625,
        "dvar2": 414486.65625,
        "max": 19552.1484375,
        "mean": 1632.01538086,
        "median": 1055.12695312,
        "min": 64.599609375,
        "var": 9644233
    },
    "spectral_skewness": {
        "dmean": 0.190470948815,
        "dmean2": 0.297736644745,
        "dvar": 0.0444928556681,
        "dvar2": 0.105870880187,
        "max": 7.60109043121,
        "mean": 1.61769413948,
        "median": 1.57724273205,
        "min": -0.0875705555081,
        "var": 0.273665100336
    },
    "spectral_spread": {
        "dmean": 582535.1875,
        "dmean2": 865696.875,
        "dvar": 752025862144,
        "dvar2": 1.35456935117e+12,
        "max": 43771176,
        "mean": 5800987,
        "median": 4861555,
        "min": 1374739.375,
        "var": 3.80613374771e+13
    },
    "spectral_strongpeak": {
        "dmean": 0.429523915052,
        "dmean2": 0.715396821499,
        "dvar": 0.371211320162,
        "dvar2": 0.949315667152,
        "max": 7.29148435593,
        "mean": 0.744570553303,
        "median": 0.544244289398,
        "min": 0,
        "var": 0.564396619797
    },
    "zerocrossingrate": {
        "dmean": 0.0101217422634,
        "dmean2": 0.0118628516793,
        "dvar": 0.000123432211694,
        "dvar2": 0.000134875561344,
        "max": 0.73974609375,
        "mean": 0.0668412894011,
        "median": 0.052734375,
        "min": 0.00244140625,
        "var": 0.00681324210018
    },
    "barkbands": {
        "dmean": [0.00030945285107, 0.00564573984593, 0.00331969698891, 0.00200966210105, 0.00523262005299, 0.00265685864724, 0.00130404368974, 0.0012371459743, 0.0010108287679, 0.000961314945016, 0.000548438867554, 0.00053514901083, 0.000679242541082, 0.000363337720046, 0.000457152083982, 0.000326622917783, 0.000193519124878, 0.000149063722347, 0.000129365056637, 0.00010245086014, 0.00010824623314, 9.54201823333e-05, 8.587884804e-05, 0.000107281397504, 7.08763473085e-05, 3.27184243361e-05, 3.24352845382e-06],
        "dmean2": [0.000419837160734, 0.00811324454844, 0.00524452934042, 0.0034824970644, 0.008509603329, 0.00459241960198, 0.002119458979, 0.00205158279277, 0.00163320940919, 0.00153505103663, 0.000926595705096, 0.000897348043509, 0.00112858822104, 0.000600752129685, 0.000784108880907, 0.000559830397833, 0.000326587702148, 0.000253943901043, 0.000209878198802, 0.000167540492839, 0.000178717877134, 0.000157844362548, 0.000142366450746, 0.00018170743715, 0.000118290088722, 5.44615686522e-05, 5.49186461285e-06],
        "dvar": [6.28897907973e-07, 0.000130354630528, 5.95380151935e-05, 2.67353570962e-05, 8.1047641288e-05, 4.00616627303e-05, 3.39605503541e-06, 4.12331974076e-06, 2.41734346673e-06, 1.61162245149e-06, 8.4344020479e-07, 7.76195406615e-07, 1.18759874113e-06, 2.98491414696e-07, 5.69393137084e-07, 2.60869910562e-07, 7.67009993297e-08, 4.77992401215e-08, 2.95492430524e-08, 1.98923650885e-08, 2.66847184349e-08, 2.68864912556e-08, 1.90336013617e-08, 3.17832231644e-08, 1.45599070578e-08, 4.13337675198e-09, 5.36518503236e-11],
        "dvar2": [1.31539127324e-06, 0.000267876166617, 0.000141512442497, 7.33684792067e-05, 0.000207047574804, 0.000112946501758, 8.41329710966e-06, 1.04140544863e-05, 5.92870992477e-06, 3.88300168197e-06, 2.20467723011e-06, 1.91000526684e-06, 2.90407888315e-06, 7.32474916276e-07, 1.57512761234e-06, 7.12398843916e-07, 2.0044763005e-07, 1.28222708895e-07, 7.4641256731e-08, 4.97734546911e-08, 7.09753678052e-08, 6.89174655122e-08, 4.88653384423e-08, 8.34849913645e-08, 3.7683125953e-08, 1.09738511611e-08, 1.35832248227e-10],
        "max": [0.0154955089092, 0.191974371672, 0.118404254317, 0.0829686820507, 0.0763146728277, 0.05852721259, 0.0237269327044, 0.0302509479225, 0.0276892483234, 0.0164264179766, 0.0210133548826, 0.0181442350149, 0.024281334132, 0.0133280558512, 0.00742170913145, 0.00607981672511, 0.00570899201557, 0.00217635906301, 0.00268892827444, 0.0017827822594, 0.00183790759183, 0.00164145661984, 0.00141887832433, 0.00165897316765, 0.00111932982691, 0.000754960638005, 0.000139101990499],
        "mean": [0.000437827868154, 0.0102271130309, 0.00384562555701, 0.00199911231175, 0.00645838631317, 0.00307308929041, 0.00192548788618, 0.00170263985638, 0.00146900583059, 0.00147676735651, 0.000741454830859, 0.000739331357181, 0.00100208900403, 0.000581990345381, 0.000636224576738, 0.000463289878098, 0.000304861518089, 0.000227735596127, 0.000239561792114, 0.000183648589882, 0.000182927193237, 0.000153069937369, 0.000131888577016, 0.000136498681968, 8.83307293407e-05, 3.89252309105e-05, 3.31540377374e-06],
        "median": [4.34969551861e-05, 0.00228424347006, 0.00117273884825, 0.000580790860113, 0.00334333954379, 0.00155831687152, 0.00122022046708, 0.000885446497705, 0.000857518054545, 0.000961137237027, 0.000380872894311, 0.000396403425839, 0.000530946650542, 0.000373374321498, 0.000403854151955, 0.000317795726005, 0.000223942624871, 0.000170891755261, 0.000187339726835, 0.000140579606523, 0.000129468215164, 0.000101230994915, 8.00584675744e-05, 7.53102794988e-05, 4.28301937063e-05, 1.55087691383e-05, 7.47141825741e-07],
        "min": [6.82717402448e-25, 2.22563378228e-24, 5.29466035341e-25, 8.87566731556e-25, 9.20045712746e-24, 4.11929675185e-24, 2.23240575872e-24, 6.61490161287e-24, 1.16856174701e-23, 9.16672306857e-24, 1.70661016499e-23, 2.78012253484e-23, 3.02177587366e-23, 2.04347159977e-23, 3.5690064748e-23, 6.10298263465e-23, 7.87412241055e-23, 8.89679537719e-23, 1.27200577171e-22, 1.47724352409e-22, 2.37636989203e-22, 3.29181230163e-22, 4.28329913544e-22, 5.74463707798e-22, 8.75944585835e-22, 1.26242675364e-21, 1.92071580573e-21],
        "var": [1.29528154957e-06, 0.00033900726703, 6.18292106083e-05, 2.07283883356e-05, 8.3136226749e-05, 2.97880924336e-05, 5.26731128048e-06, 6.03232956564e-06, 3.64925244867e-06, 2.84037309939e-06, 1.26675797674e-06, 1.16764692848e-06, 2.34468825511e-06, 5.21119943642e-07, 6.11990401467e-07, 2.79044570561e-07, 9.90421611391e-08, 5.51209531352e-08, 4.91106071365e-08, 3.14250314659e-08, 3.65076537889e-08, 3.25179030369e-08, 2.27720704515e-08, 3.10232479706e-08, 1.48167371705e-08, 3.68607899759e-09, 6.5757170542e-11]
    },
    "erbbands": {
        "dmean": [0.155301079154, 1.43456637859, 4.09500598907, 4.73874330521, 9.71539878845, 22.946149826, 20.7059726715, 21.4396076202, 18.6702919006, 21.6561470032, 24.5305233002, 25.5813827515, 21.9646968842, 29.0231933594, 24.1501235962, 20.8052883148, 31.9584388733, 19.3735466003, 21.1799736023, 20.2468185425, 17.3405857086, 10.0237522125, 8.30224514008, 7.06092071533, 6.34584856033, 4.91300916672, 4.13254737854, 4.58436059952, 3.43181562424, 2.83175587654, 2.48303246498, 2.46370053291, 1.58015489578, 0.868258059025, 0.483661204576, 0.188902005553, 0.0522055365145, 0.00830145180225, 0.0005582376034, 2.556175059e-05],
        "dmean2": [0.205766320229, 2.02046656609, 6.33741617203, 7.74931144714, 16.0870113373, 37.6249275208, 36.4870910645, 36.5068778992, 29.9978160858, 35.9865951538, 40.8935089111, 41.0595359802, 35.6813316345, 46.6906890869, 40.5511131287, 34.5800323486, 52.7539482117, 31.9065685272, 35.505821228, 35.0279121399, 29.4486999512, 16.8951969147, 14.2307891846, 11.5807971954, 10.3588523865, 8.04190158844, 6.68063592911, 7.78522539139, 5.70816802979, 4.68726634979, 4.1176738739, 4.20345258713, 2.63288211823, 1.45241034031, 0.816076278687, 0.314484834671, 0.0871716812253, 0.0138346916065, 0.000958334421739, 4.17713636125e-05],
        "dvar": [0.126663729548, 8.59006786346, 91.1345672607, 125.090164185, 331.339508057, 1794.60974121, 2846.94140625, 2083.54614258, 648.59576416, 1167.14868164, 1857.60693359, 1557.02062988, 915.874694824, 1771.22094727, 1347.84020996, 1109.98181152, 2841.79638672, 889.839172363, 930.687011719, 1356.08947754, 721.306091309, 226.411712646, 147.819122314, 100.018592834, 75.2963943481, 45.5840415955, 29.4048500061, 65.5740966797, 33.6274871826, 18.6889152527, 16.0404853821, 19.3365364075, 5.87853622437, 2.07307076454, 0.743860781193, 0.127990797162, 0.0108703803271, 0.000281577347778, 1.86981424122e-06, 1.13847953287e-09],
        "dvar2": [0.250733166933, 16.9801540375, 214.600280762, 317.234893799, 880.946472168, 4525.83496094, 8015.66894531, 5724.26513672, 1575.90087891, 3025.48022461, 4898.45703125, 3731.15942383, 2310.70996094, 4237.15380859, 3493.06982422, 2738.57324219, 6909.17480469, 2215.44775391, 2532.57641602, 3722.07983398, 1945.5625, 590.526855469, 401.207641602, 255.487503052, 193.490280151, 115.132118225, 72.6155395508, 180.652313232, 85.4376602173, 47.6786384583, 41.3006248474, 51.1837692261, 15.3546209335, 5.42370510101, 1.9337747097, 0.337322860956, 0.0290149301291, 0.00073683046503, 4.81543702335e-06, 2.92926749523e-09],
        "max": [6.28401041031, 52.4337844849, 161.38369751, 177.156661987, 225.894348145, 425.052642822, 544.229187012, 434.246032715, 352.650939941, 574.736083984, 632.522644043, 635.971008301, 401.802947998, 596.122802734, 644.373046875, 611.982971191, 1246.28613281, 781.984375, 407.810150146, 520.110473633, 301.027709961, 296.907226562, 121.000282288, 144.367919922, 139.628677368, 77.732711792, 77.7125473022, 100.905326843, 61.0165138245, 39.2725105286, 38.6383895874, 37.644985199, 24.2140140533, 14.4172821045, 9.28778839111, 4.19127321243, 1.17586219311, 0.246077388525, 0.0190785806626, 0.000412835099269],
        "mean": [0.28267750144, 2.28571629524, 4.95643138885, 5.44001197815, 11.9275159836, 26.2893505096, 22.5434017181, 26.6795597076, 28.7873592377, 31.018075943, 34.7822418213, 38.0152206421, 33.7286529541, 44.5828208923, 35.759475708, 32.2842712402, 48.6000785828, 31.9874782562, 33.4213600159, 28.3951778412, 25.6163597107, 16.4180450439, 12.9965400696, 12.3906936646, 11.4471559525, 9.01897335052, 7.81874656677, 6.7045249939, 5.49088811874, 4.5278635025, 3.73225069046, 3.08517742157, 2.08176398277, 1.11759960651, 0.561928033829, 0.218480423093, 0.0619843229651, 0.0102352201939, 0.000553041230887, 5.64906076761e-05],
        "median": [0.0551262423396, 0.559511005878, 1.64713466167, 2.1342792511, 5.61833572388, 12.3873233795, 11.4326076508, 13.8361797333, 18.7770500183, 18.1106739044, 20.1367111206, 22.5776329041, 22.5533638, 28.0737266541, 21.9650001526, 19.819190979, 25.8284645081, 21.519329071, 22.9288959503, 17.6287021637, 17.981967926, 12.4130973816, 9.91317367554, 9.49899864197, 8.85886764526, 6.92128705978, 5.85956287384, 4.38984012604, 3.61251354218, 3.00663161278, 2.23364305496, 1.63534474373, 1.17201972008, 0.570784807205, 0.24355609715, 0.0918775945902, 0.0242022164166, 0.0039027184248, 0.00012602948118, 4.80516901007e-05],
        "min": [6.12341854972e-23, 3.93998030617e-22, 6.1308855915e-22, 5.59391067438e-21, 1.76079271275e-20, 2.06714293002e-20, 3.52142548238e-20, 6.61903851557e-20, 4.68332440669e-20, 9.08705401151e-20, 1.90115521375e-19, 3.52757246831e-19, 5.03877845619e-19, 4.63666372994e-19, 8.21613376838e-19, 1.30637047731e-18, 1.54408998444e-18, 1.84257252501e-18, 2.17329505034e-18, 2.64136553971e-18, 4.26330914302e-18, 4.18415292149e-18, 5.11691734897e-18, 6.428777824e-18, 6.51493240711e-18, 6.14813777604e-18, 8.1096861701e-18, 1.05220310408e-17, 1.16812766928e-17, 9.78177553009e-18, 1.18050948772e-17, 9.79566389257e-18, 8.89745907109e-18, 8.40957553809e-18, 6.18069684572e-18, 3.95966892454e-18, 2.31454068943e-18, 9.80108109841e-19, 2.35909558405e-19, 2.61814409191e-20],
        "var": [0.354712843895, 18.5656719208, 98.885269165, 116.314102173, 336.275939941, 1735.70910645, 1943.90466309, 1847.69921875, 1089.0657959, 1788.69885254, 2275.3203125, 2496.75195312, 1410.7923584, 2855.48242188, 2003.14257812, 1813.88476562, 5671.84472656, 1492.78662109, 1348.39904785, 1404.09289551, 784.937744141, 272.292694092, 167.059326172, 144.017425537, 116.404289246, 74.7138977051, 58.3512649536, 64.1755828857, 41.0594062805, 24.9103012085, 18.8610248566, 17.5354576111, 6.64676380157, 2.21568584442, 0.693645954132, 0.112945653498, 0.00968780834228, 0.000325652188621, 1.97761187337e-06, 1.72762737449e-09]
    },
    "gfcc": {
        "mean": [-12.543671608, 91.5703582764, -110.784988403, 23.150018692, -58.6476821899, 17.8478622437, -38.0539932251, 8.12320995331, -23.1988525391, 4.87130355835, -15.0476121902, 1.36964786053, -9.02050018311],
        "cov": [[54789.46875, 2060.83544922, -3967.71362305, 1635.03076172, -2487.20068359, 689.719787598, -1880.68774414, 441.215362549, -1087.3001709, 450.944580078, -721.455993652, 268.725036621, -473.505737305], [2060.83544922, 1219.82727051, -266.416229248, 113.581832886, 85.6464385986, 37.0188522339, 67.5382919312, 18.5917301178, 70.6186065674, -33.5948486328, 62.7153739929, -82.2606735229, 62.3985786438], [-3967.71362305, -266.416229248, 833.231689453, 27.8080883026, 267.636566162, 0.586678028107, 146.51600647, 2.79892873764, 57.1162986755, -21.6610813141, 41.7966079712, -1.05043828487, 43.2593154907], [1635.03076172, 113.581832886, 27.8080883026, 294.298553467, 23.1123580933, 71.6609420776, 2.73374676704, 36.1960983276, 4.3010392189, 21.7543315887, 18.8691635132, 12.4609298706, 24.0970687866], [-2487.20068359, 85.6464385986, 267.636566162, 23.1123580933, 322.251220703, 22.5445423126, 176.71307373, 20.800327301, 117.651817322, 2.24325942993, 72.6854629517, -14.8728656769, 49.5059967041], [689.719787598, 37.0188522339, 0.586678028107, 71.6609420776, 22.5445423126, 136.390335083, 35.9061431885, 54.5161247253, 17.2770957947, 30.1828918457, 14.7799797058, 11.1572990417, 6.59130382538], [-1880.68774414, 67.5382919312, 146.51600647, 2.73374676704, 176.71307373, 35.9061431885, 190.050994873, 38.2587051392, 104.562423706, 6.33161783218, 66.7467575073, -7.49771595001, 37.2110443115], [441.215362549, 18.5917301178, 2.79892873764, 36.1960983276, 20.800327301, 54.5161247253, 38.2587051392, 85.537979126, 39.7985229492, 36.9112091064, 18.5126972198, 14.363451004, 6.09217214584], [-1087.3001709, 70.6186065674, 57.1162986755, 4.3010392189, 117.651817322, 17.2770957947, 104.562423706, 39.7985229492, 129.54699707, 35.3184013367, 68.1050186157, 3.17448663712, 36.523979187], [450.944580078, -33.5948486328, -21.6610813141, 21.7543315887, 2.24325942993, 30.1828918457, 6.33161783218, 36.9112091064, 35.3184013367, 70.765953064, 30.6359558105, 23.2444057465, 1.9675668478], [-721.455993652, 62.7153739929, 41.7966079712, 18.8691635132, 72.6854629517, 14.7799797058, 66.7467575073, 18.5126972198, 68.1050186157, 30.6359558105, 85.2611846924, 21.0274276733, 39.282989502], [268.725036621, -82.2606735229, -1.05043828487, 12.4609298706, -14.8728656769, 11.1572990417, -7.49771595001, 14.363451004, 3.17448663712, 23.2444057465, 21.0274276733, 59.6963996887, 22.6150302887], [-473.505737305, 62.3985786438, 43.2593154907, 24.0970687866, 49.5059967041, 6.59130382538, 37.2110443115, 6.09217214584, 36.523979187, 1.9675668478, 39.282989502, 22.6150302887, 68.8629760742]],
        "icov": [[0.000146352816955, -0.000336232420523, 0.000295133097097, -0.000621355720796, 0.00028639039374, -0.000239324523136, 0.000613132375292, -0.000532963837031, 0.000379401666578, -0.000797393382527, 0.000890690891538, -0.000869208888616, 0.000474795058835], [-0.000336232420523, 0.00219895597547, 5.15794999956e-05, 0.00098200130742, -0.00107882951852, 0.000376938172849, -0.00103889312595, 0.000538176391274, -0.000769121805206, 0.00299516413361, -0.00359716173261, 0.00488927541301, -0.00265855994076], [0.000295133097097, 5.15794999956e-05, 0.0027054620441, -0.00160757172853, -0.00120515679009, -0.000213724255445, 0.00085941364523, -0.00147289969027, 0.00173741101753, -0.000853566336446, 0.00132351671346, -0.000916386023164, 4.71868879686e-05], [-0.000621355720796, 0.00098200130742, -0.00160757172853, 0.00700874300674, -0.00164876622148, -0.000888160138857, -0.00142182933632, 0.001347462181, -0.000601897423621, 0.00268377293833, -0.00426463689655, 0.00361141352914, -0.00319625064731], [0.00028639039374, -0.00107882951852, -0.00120515679009, -0.00164876622148, 0.00919820647687, -0.000667264277581, -0.00371299893595, 0.000950010085944, -0.0025359459687, -0.0016886946978, 0.001846081228, -0.000670640903991, 0.000214785060962], [-0.000239324523136, 0.000376938172849, -0.000213724255445, -0.000888160138857, -0.000667264277581, 0.0119839338586, -0.00393013097346, -0.0046022539027, 0.00261383736506, -0.00177687394898, -0.000714663998224, 0.00116541795433, -0.000989238964394], [0.000613132375292, -0.00103889312595, 0.00085941364523, -0.00142182933632, -0.00371299893595, -0.00393013097346, 0.0192662533373, -0.00628167996183, -0.00472814124078, 0.00334498146549, -0.0022467779927, -0.00132025568746, 0.00243280711584], [-0.000532963837031, 0.000538176391274, -0.00147289969027, 0.001347462181, 0.000950010085944, -0.0046022539027, -0.00628167996183, 0.0241532623768, -0.00691460678354, -0.00452148774639, 0.00265694619156, -0.00151344691403, 9.45167266764e-05], [0.000379401666578, -0.000769121805206, 0.00173741101753, -0.000601897423621, -0.0025359459687, 0.00261383736506, -0.00472814124078, -0.00691460678354, 0.0251706056297, -0.0102576464415, -0.00550727173686, 0.00339845544659, -0.00386704830453], [-0.000797393382527, 0.00299516413361, -0.000853566336446, 0.00268377293833, -0.0016886946978, -0.00177687394898, 0.00334498146549, -0.00452148774639, -0.0102576464415, 0.0341460742056, -0.0150763820857, -0.000641335267574, 0.0046525974758], [0.000890690891538, -0.00359716173261, 0.00132351671346, -0.00426463689655, 0.001846081228, -0.000714663998224, -0.0022467779927, 0.00265694619156, -0.00550727173686, -0.0150763820857, 0.0366769917309, -0.0139101604, -0.00323743163608], [-0.000869208888616, 0.00488927541301, -0.000916386023164, 0.00361141352914, -0.000670640903991, 0.00116541795433, -0.00132025568746, -0.00151344691403, 0.00339845544659, -0.000641335267574, -0.0139101604, 0.0374894812703, -0.0160380862653], [0.000474795058835, -0.00265855994076, 4.71868879686e-05, -0.00319625064731, 0.000214785060962, -0.000989238964394, 0.00243280711584, 9.45167266764e-05, -0.00386704830453, 0.0046525974758, -0.00323743163608, -0.0160380862653, 0.0289333295077]]
    },
    "melbands": {
        "dmean": [0.00141621020157, 0.00200319779105, 0.000874204793945, 0.001221958315, 0.000756572873797, 0.00047593927593, 0.000282099295873, 0.000246926676482, 0.000195334418095, 0.000151322718011, 0.000111458146421, 0.000125512102386, 8.06116950116e-05, 6.71013767715e-05, 6.55396142974e-05, 5.52401143068e-05, 3.80055498681e-05, 3.3340871596e-05, 3.11755757139e-05, 2.43007980316e-05, 1.95658576558e-05, 1.0683356777e-05, 1.00185116025e-05, 7.13333383828e-06, 5.94116499997e-06, 5.2968248383e-06, 4.06926164942e-06, 3.2662733247e-06, 2.78867287307e-06, 2.69016982202e-06, 2.83112353827e-06, 2.07300922739e-06, 1.85223416338e-06, 1.56137332397e-06, 1.42010298987e-06, 1.65036385624e-06, 1.46624279296e-06, 1.15045736493e-06, 9.41150119615e-07, 6.85870418238e-07],
        "dmean2": [0.00197091745213, 0.00296289846301, 0.00139676581603, 0.00200539664365, 0.00128700723872, 0.00081311078975, 0.000452787237009, 0.000410686916439, 0.000325083878124, 0.000242699708906, 0.000181120325578, 0.000201543065486, 0.000135919282911, 0.000112882436952, 0.000109476401121, 9.16580102057e-05, 6.2934748712e-05, 5.55584047106e-05, 5.43680762348e-05, 4.13839516114e-05, 3.32500530931e-05, 1.78925583896e-05, 1.73039898073e-05, 1.21704224512e-05, 9.77310901362e-06, 8.70980966283e-06, 6.72505848343e-06, 5.37771984455e-06, 4.54163273389e-06, 4.45726163889e-06, 4.88278556077e-06, 3.47167542714e-06, 3.04757418235e-06, 2.61303034677e-06, 2.36520872932e-06, 2.79391815639e-06, 2.51032588494e-06, 1.92236143448e-06, 1.56942599006e-06, 1.15834416192e-06],
        "dvar": [8.67666949489e-06, 1.82394796866e-05, 3.51738140125e-06, 4.49321623819e-06, 2.88546880256e-06, 1.05964352315e-06, 1.50494159357e-07, 1.51069045273e-07, 1.11874292941e-07, 5.47186935762e-08, 2.33981580777e-08, 3.38428840507e-08, 1.78137700146e-08, 1.19318155356e-08, 1.08938742471e-08, 6.92025237115e-09, 3.85146803339e-09, 2.10461115202e-09, 3.85230203293e-09, 1.40025113726e-09, 9.12538988818e-10, 2.81996731522e-10, 2.06792721835e-10, 1.17701320912e-10, 7.17626721936e-11, 4.88274663757e-11, 3.30776517288e-11, 2.07354550197e-11, 1.36132433451e-11, 1.53965624972e-11, 2.68546261617e-11, 1.35350003774e-11, 8.54049296561e-12, 5.78390070213e-12, 4.89075576912e-12, 8.46850627817e-12, 6.85217854679e-12, 3.07336643114e-12, 2.18864596585e-12, 1.39349350201e-12],
        "dvar2": [1.80901934073e-05, 3.924736302e-05, 8.60443469719e-06, 1.15394641398e-05, 7.79434321885e-06, 2.93402581519e-06, 3.67753841601e-07, 3.84744367921e-07, 2.96918216236e-07, 1.32757691063e-07, 5.9045241585e-08, 8.04694977319e-08, 4.62525591161e-08, 2.90953128257e-08, 2.69369380135e-08, 1.76133205798e-08, 9.4856549282e-09, 5.63203261805e-09, 1.08965059198e-08, 3.83033915696e-09, 2.44752151879e-09, 7.28243132464e-10, 5.6658655545e-10, 3.17575576947e-10, 1.84153164939e-10, 1.23286172937e-10, 8.6221446649e-11, 5.28097218733e-11, 3.37298453057e-11, 4.01193418764e-11, 7.4760801716e-11, 3.51085584216e-11, 2.16133205083e-11, 1.49571292851e-11, 1.25432971301e-11, 2.24649240183e-11, 1.82233516471e-11, 8.05952873884e-12, 5.70477172446e-12, 3.68528081315e-12],
        "max": [0.0463270358741, 0.0742468312383, 0.0304896235466, 0.0204237066209, 0.0184025913477, 0.00983601156622, 0.00541165564209, 0.0059225987643, 0.00533180264756, 0.00393714057282, 0.00202795979567, 0.00265700230375, 0.003085662378, 0.00242888368666, 0.00213275803253, 0.00165723427199, 0.00165506964549, 0.000585943053011, 0.000662057544105, 0.000515218183864, 0.000332985480782, 0.000390556262573, 0.000149947329191, 0.000128528525238, 0.000125898528495, 0.00012650739518, 6.89938606229e-05, 5.41545996384e-05, 4.66491073894e-05, 4.34120920545e-05, 6.54546238366e-05, 3.90804598283e-05, 3.47813474946e-05, 2.44487382588e-05, 2.886792754e-05, 2.72352990578e-05, 2.38581633312e-05, 1.7896774807e-05, 1.3937784388e-05, 1.23912514027e-05],
        "mean": [0.00268316431902, 0.00283309072256, 0.00108884228393, 0.00146249542013, 0.000894241733477, 0.000585529312957, 0.000431166583439, 0.000352165050572, 0.000282218068605, 0.000222084097913, 0.000166575220646, 0.000186927427421, 0.000114246897283, 9.39724995987e-05, 0.000100044882856, 8.30149147077e-05, 5.84207955399e-05, 5.26304647792e-05, 4.01412871724e-05, 3.55811935151e-05, 2.7872119972e-05, 1.66778845596e-05, 1.45851572597e-05, 1.04643941086e-05, 9.83420068223e-06, 9.3365460998e-06, 6.64604431222e-06, 5.71073724132e-06, 5.09551000505e-06, 4.21681806984e-06, 3.77248784389e-06, 3.1167992347e-06, 2.86662520921e-06, 2.36887876781e-06, 2.13193038689e-06, 2.13244879887e-06, 1.75106208644e-06, 1.47233481584e-06, 1.25854808175e-06, 8.34137381389e-07],
        "median": [0.000566846574657, 0.00103075848892, 0.00046525610378, 0.000725159305148, 0.000467355479486, 0.00030747288838, 0.000276460923487, 0.000196982975467, 0.00017188716447, 0.00012989116658, 0.000109089611215, 0.000111937988549, 6.42904269625e-05, 5.3928932175e-05, 5.3299812862e-05, 4.78077454318e-05, 3.56838936568e-05, 3.52678034687e-05, 2.49677468673e-05, 2.322288492e-05, 1.90518348973e-05, 1.20396798593e-05, 1.04996670416e-05, 7.47149806557e-06, 7.21675405657e-06, 6.99261318005e-06, 4.87964189233e-06, 4.31299577031e-06, 3.66393624063e-06, 2.76468881566e-06, 2.36508731177e-06, 1.98203792934e-06, 1.78481332114e-06, 1.57699173542e-06, 1.28269175548e-06, 1.11460076369e-06, 9.19573267311e-07, 8.4048735971e-07, 6.65731931804e-07, 4.08447078826e-07],
        "min": [8.43152876516e-25, 5.23944649954e-25, 1.47134115636e-24, 1.76027980391e-24, 1.21138614593e-24, 1.41339863262e-24, 5.65786818443e-25, 1.30384113706e-24, 1.40167694843e-24, 1.7018208721e-24, 1.61704593492e-24, 1.65251016299e-24, 2.72953032119e-24, 2.91516013903e-24, 3.09414064829e-24, 2.83756639988e-24, 2.8969540182e-24, 2.71502731066e-24, 3.07743868799e-24, 2.61434755713e-24, 3.54297390716e-24, 3.57448180057e-24, 3.13771397204e-24, 3.1898411118e-24, 3.76024197767e-24, 4.03479081624e-24, 3.92402015122e-24, 2.90471345128e-24, 4.24505932394e-24, 4.38249230427e-24, 5.38723840684e-24, 5.57598955006e-24, 5.04451384226e-24, 4.25165104567e-24, 6.2010407273e-24, 4.75761183635e-24, 5.47924207092e-24, 6.55260921149e-24, 5.7264190138e-24, 5.78768313499e-24],
        "var": [2.48966789513e-05, 2.68441108346e-05, 3.67978373106e-06, 4.56280031358e-06, 2.33028185903e-06, 8.96084259239e-07, 2.47215552918e-07, 2.37400456626e-07, 1.34808047392e-07, 8.59178754808e-08, 3.60415235434e-08, 5.50767254026e-08, 2.6964961819e-08, 1.80469132971e-08, 2.13253965597e-08, 1.25851808974e-08, 6.36087449379e-09, 3.31276694965e-09, 3.16119730392e-09, 1.76584458167e-09, 1.00021879668e-09, 3.3809383071e-10, 2.36025171629e-10, 1.28553320766e-10, 1.02281835779e-10, 8.40175914951e-11, 4.3860332033e-11, 3.2584147186e-11, 2.68554536248e-11, 2.15240082702e-11, 2.38423742555e-11, 1.51975081825e-11, 1.16718414447e-11, 7.08919988684e-12, 6.07639112638e-12, 8.11891266023e-12, 6.009231307e-12, 3.35175572193e-12, 2.71861309506e-12, 1.35971052126e-12]
    },
    "mfcc": {
        "mean": [-630.558410645, 119.288215637, 3.33219695091, 11.7214632034, 2.29452180862, 5.77970170975, -0.847465932369, 1.06805980206, -1.06323754787, 2.3476600647, -2.17104268074, -0.25976139307, -0.769146621227],
        "cov": [[17073.9648438, 2108.40209961, -128.887298584, 208.102813721, -16.7625331879, 77.1513214111, -206.55368042, -99.9023132324, -154.703155518, -9.17000675201, -114.918586731, -39.8447341919, -75.195526123], [2108.40209961, 1398.91601562, -15.319858551, 198.923873901, 114.456550598, 89.3442993164, 64.4705047607, 54.619304657, 56.6497077942, 84.8938293457, 32.2268714905, 18.2993907928, 28.6532783508], [-128.887298584, -15.319858551, 336.03125, 62.3697814941, 56.7535820007, 29.4834384918, 41.8037567139, 24.6066913605, 9.79143333435, -8.7155714035, -7.11360740662, -7.76106023788, -11.7193212509], [208.102813721, 198.923873901, 62.3697814941, 186.752868652, 72.8583908081, 54.1755943298, 40.0962142944, 32.821395874, 21.0917491913, 26.1218700409, 7.68516683578, 2.40894198418, 2.25072836876], [-16.7625331879, 114.456550598, 56.7535820007, 72.8583908081, 121.206848145, 56.5786743164, 44.9965629578, 30.5259819031, 33.7172279358, 27.2885150909, 16.9634075165, 12.9010095596, 10.8517503738], [77.1513214111, 89.3442993164, 29.4834384918, 54.1755943298, 56.5786743164, 92.9160919189, 51.4075050354, 36.5823249817, 28.56042099, 29.9711208344, 20.3204078674, 15.1974954605, 16.7699508667], [-206.55368042, 64.4705047607, 41.8037567139, 40.0962142944, 44.9965629578, 51.4075050354, 87.2115249634, 49.0950927734, 35.2895431519, 26.8818416595, 21.750667572, 16.5811653137, 16.51521492], [-99.9023132324, 54.619304657, 24.6066913605, 32.821395874, 30.5259819031, 36.5823249817, 49.0950927734, 72.0575027466, 43.5610618591, 26.310087204, 20.003276825, 18.0518665314, 18.2378845215], [-154.703155518, 56.6497077942, 9.79143333435, 21.0917491913, 33.7172279358, 28.56042099, 35.2895431519, 43.5610618591, 67.1377182007, 42.2124481201, 24.2405605316, 17.9296016693, 20.4818553925], [-9.17000675201, 84.8938293457, -8.7155714035, 26.1218700409, 27.2885150909, 29.9711208344, 26.8818416595, 26.310087204, 42.2124481201, 68.4071884155, 39.4252967834, 23.3290691376, 19.7161464691], [-114.918586731, 32.2268714905, -7.11360740662, 7.68516683578, 16.9634075165, 20.3204078674, 21.750667572, 20.003276825, 24.2405605316, 39.4252967834, 59.189125061, 37.3972244263, 22.8385906219], [-39.8447341919, 18.2993907928, -7.76106023788, 2.40894198418, 12.9010095596, 15.1974954605, 16.5811653137, 18.0518665314, 17.9296016693, 23.3290691376, 37.3972244263, 59.5192947388, 33.2323265076], [-75.195526123, 28.6532783508, -11.7193212509, 2.25072836876, 10.8517503738, 16.7699508667, 16.51521492, 18.2378845215, 20.4818553925, 19.7161464691, 22.8385906219, 33.2323265076, 51.9366760254]],
