{
"lowlevel": {
    "average_loudness": 0.90905547142,
    "barkbands_crest": {
        "dmean": 2.65358614922,
        "dmean2": 4.14162349701,
        "dvar": 5.68619680405,
        "dvar2": 13.2049655914,
        "max": 25.8545131683,
        "mean": 10.1846389771,
        "median": 9.24953651428,
        "min": 2.00819373131,
        "var": 19.377779007
    },
    "barkbands_flatness_db": {
        "dmean": 0.0236193910241,
        "dmean2": 0.0342524908483,
        "dvar": 0.000484917574795,
        "dvar2": 0.000966536521446,
        "max": 0.308888763189,
        "mean": 0.127490520477,
        "median": 0.12250161171,
        "min": 0.0228501092643,
        "var": 0.00231156055816
    },
    "barkbands_kurtosis": {
        "dmean": 3.14513921738,
        "dmean2": 4.85664749146,
        "dvar": 29.6293544769,
        "dvar2": 72.363899231,
        "max": 150.418991089,
        "mean": 5.49149799347,
        "median": 3.69557857513,
        "min": -1.78412842751,
        "var": 61.7390098572
    },
    "barkbands_skewness": {
        "dmean": 0.514096260071,
        "dmean2": 0.775685250759,
        "dvar": 0.286785542965,
        "dvar2": 0.628813505173,
        "max": 11.2015037537,
        "mean": 1.87152302265,
        "median": 1.75789892673,
        "min": -2.01396989822,
        "var": 1.13031673431
    },
    "barkbands_spread": {
        "dmean": 6.20015525818,
        "dmean2": 9.09372711182,
        "dvar": 40.8718109131,
        "dvar2": 85.4579544067,
        "max": 74.3927230835,
        "mean": 21.0822887421,
        "median": 17.7677173615,
        "min": 0.977472186089,
        "var": 152.506286621
    },
    "dissonance": {
        "dmean": 0.0200932007283,
        "dmean2": 0.0337424166501,
        "dvar": 0.000336954835802,
        "dvar2": 0.000902416708414,
        "max": 0.500000119209,
        "mean": 0.461303025484,
        "median": 0.468821108341,
        "min": 0.224178761244,
        "var": 0.000885411805939
    },
    "dynamic_complexity": 4.40559339523,
    "erbbands_crest": {
        "dmean": 2.69907045364,
        "dmean2": 4.3759469986,
        "dvar": 6.45426464081,
        "dvar2": 15.5255765915,
        "max": 31.7557411194,
        "mean": 8.01914787292,
        "median": 7.03400850296,
        "min": 2.32242560387,
        "var": 17.3365859985
    },
    "erbbands_flatness_db": {
        "dmean": 0.0166664607823,
        "dmean2": 0.0240370128304,
        "dvar": 0.000231551312027,
        "dvar2": 0.000460431358078,
        "max": 0.334489166737,
        "mean": 0.137126296759,
        "median": 0.128395363688,
        "min": 0.0573519021273,
        "var": 0.00159419188276
    },
    "erbbands_kurtosis": {
        "dmean": 0.999402046204,
        "dmean2": 1.54513883591,
        "dvar": 2.28736233711,
        "dvar2": 5.53114795685,
        "max": 63.5616378784,
        "mean": 0.513878405094,
        "median": -0.172469377518,
        "min": -1.70601224899,
        "var": 5.54033660889
    },
    "erbbands_skewness": {
        "dmean": 0.370795309544,
        "dmean2": 0.561897575855,
        "dvar": 0.101621352136,
        "dvar2": 0.230339407921,
        "max": 6.41247797012,
        "mean": 0.692037463188,
        "median": 0.695322930813,
        "min": -2.63724994659,
        "var": 0.530069351196
    },
    "erbbands_spread": {
        "dmean": 9.56663990021,
        "dmean2": 14.1969347,
        "dvar": 72.4260025024,
        "dvar2": 153.161071777,
        "max": 112.745765686,
        "mean": 45.1552696228,
        "median": 44.8134269714,
        "min": 2.20828080177,
        "var": 333.04107666
    },
    "hfc": {
        "dmean": 7.69076919556,
        "dmean2": 11.0469408035,
        "dvar": 155.630126953,
        "dvar2": 315.617584229,
        "max": 140.509841919,
        "mean": 18.7130813599,
        "median": 14.5865850449,
        "min": 1.11127056615e-16,
        "var": 309.970550537
    },
    "melbands_crest": {
        "dmean": 3.08446979523,
        "dmean2": 4.8493103981,
        "dvar": 7.44887447357,
        "dvar2": 17.8479442596,
        "max": 33.6083030701,
        "mean": 13.2805194855,
        "median": 12.2501525879,
        "min": 2.36135053635,
        "var": 25.8003139496
    },
    "melbands_flatness_db": {
        "dmean": 0.0284429490566,
        "dmean2": 0.0403633899987,
        "dvar": 0.000710836960934,
        "dvar2": 0.00139101583045,
        "max": 0.409276366234,
        "mean": 0.189250975847,
        "median": 0.187833413482,
        "min": 0.00474813068286,
        "var": 0.00392057839781
    },
    "melbands_kurtosis": {
        "dmean": 7.14501428604,
        "dmean2": 11.0672092438,
        "dvar": 151.339736938,
        "dvar2": 354.32019043,
        "max": 254.534240723,
        "mean": 15.43471241,
        "median": 10.4365797043,
        "min": -1.60064184666,
        "var": 333.89151001
    },
    "melbands_skewness": {
        "dmean": 0.697879731655,
        "dmean2": 1.05313420296,
        "dvar": 0.515856385231,
        "dvar2": 1.1121212244,
        "max": 13.0350294113,
        "mean": 2.817497015,
        "median": 2.55212688446,
        "min": -0.890438973904,
        "var": 2.15872979164
    },
    "melbands_spread": {
        "dmean": 6.24822330475,
        "dmean2": 9.276512146,
        "dvar": 63.9274368286,
        "dvar2": 133.033798218,
        "max": 156.447784424,
        "mean": 20.0940876007,
        "median": 15.5346288681,
        "min": 0.991778314114,
        "var": 257.148223877
    },
    "pitch_salience": {
        "dmean": 0.0723793581128,
        "dmean2": 0.114428594708,
        "dvar": 0.00401398725808,
        "dvar2": 0.00930761545897,
        "max": 0.846198260784,
        "mean": 0.583419859409,
        "median": 0.59716129303,
        "min": 0.10233271867,
        "var": 0.01419045683
    },
    "silence_rate_20dB": {
        "dmean": 0,
        "dmean2": 0,
        "dvar": 0,
        "dvar2": 0,
        "max": 1,
        "mean": 1,
        "median": 1,
        "min": 1,
        "var": 0
    },
    "silence_rate_30dB": {
        "dmean": 0.00737704895437,
        "dmean2": 0.0147561142221,
        "dvar": 0.00732245715335,
        "dvar2": 0.0183634031564,
        "max": 1,
        "mean": 0.992350757122,
        "median": 1,
        "min": 0,
        "var": 0.00759012810886
    },
    "silence_rate_60dB": {
        "dmean": 0.0169398915023,
        "dmean2": 0.0338844098151,
        "dvar": 0.0166554991156,
        "dvar2": 0.0425757989287,
        "max": 1,
        "mean": 0.0855074450374,
        "median": 0,
        "min": 0,
        "var": 0.0782054290175
    },
    "spectral_centroid": {
        "dmean": 278.251251221,
        "dmean2": 411.780944824,
        "dvar": 83955.28125,
        "dvar2": 163344.28125,
        "max": 11721.3896484,
        "mean": 1250.15869141,
        "median": 1084.57116699,
        "min": 281.327453613,
        "var": 447729.21875
    },
    "spectral_complexity": {
        "dmean": 5.27377033234,
        "dmean2": 7.58983469009,
        "dvar": 41.38879776,
        "dvar2": 71.5900726318,
        "max": 62,
        "mean": 18.7858219147,
        "median": 17,
        "min": 0,
        "var": 138.29284668
    },
    "spectral_decrease": {
        "dmean": 2.57117371838e-09,
        "dmean2": 3.98840294125e-09,
        "dvar": 1.26436144816e-17,
        "dvar2": 3.05882225361e-17,
        "max": 4.05699369642e-29,
        "mean": -7.99269361806e-09,
        "median": -6.9114221013e-09,
        "min": -5.52412089405e-08,
        "var": 4.02219021309e-17
    },
    "spectral_energy": {
        "dmean": 0.0102441478521,
        "dmean2": 0.0158393271267,
        "dvar": 0.000198780660867,
        "dvar2": 0.000477897236124,
        "max": 0.210125282407,
        "mean": 0.0318636894226,
        "median": 0.0278137531132,
        "min": 1.03208779057e-20,
        "var": 0.000619609782007
    },
    "spectral_energyband_high": {
        "dmean": 0.000614418182522,
        "dmean2": 0.000854432757478,
        "dvar": 1.17839408631e-06,
        "dvar2": 2.17357546717e-06,
        "max": 0.0149040576071,
        "mean": 0.000988339306787,
        "median": 0.000449727202067,
        "min": 7.57892119348e-21,
        "var": 2.1970142825e-06
    },
    "spectral_energyband_low": {
        "dmean": 0.00463626068085,
        "dmean2": 0.00664539635181,
        "dvar": 8.5774656327e-05,
        "dvar2": 0.000189813334146,
        "max": 0.203813329339,
        "mean": 0.0125631941482,
        "median": 0.00722321588546,
        "min": 1.79118078719e-23,
        "var": 0.00028445434873
    },
    "spectral_energyband_middle_high": {
        "dmean": 0.00159964023624,
        "dmean2": 0.002486722311,
        "dvar": 7.22688992028e-06,
        "dvar2": 1.68250353454e-05,
        "max": 0.0341208353639,
        "mean": 0.00337907485664,
        "median": 0.00238751992583,
        "min": 1.38227262282e-21,
        "var": 1.26679533423e-05
    },
    "spectral_energyband_middle_low": {
        "dmean": 0.00672425283119,
        "dmean2": 0.0109082851559,
        "dvar": 9.43535924307e-05,
        "dvar2": 0.000239668952418,
        "max": 0.131754636765,
        "mean": 0.0156047977507,
        "median": 0.0120462449268,
        "min": 3.42380147907e-22,
        "var": 0.000199904592591
    },
    "spectral_entropy": {
        "dmean": 0.177632555366,
        "dmean2": 0.262757480145,
        "dvar": 0.0287713855505,
        "dvar2": 0.0569515451789,
        "max": 9.81048202515,
        "mean": 7.73071193695,
        "median": 7.79621505737,
        "min": 5.74907684326,
        "var": 0.148708745837
    },
    "spectral_flux": {
        "dmean": 0.0237799528986,
        "dmean2": 0.0382872223854,
        "dvar": 0.000859811669216,
        "dvar2": 0.00210601463914,
        "max": 0.33345618844,
        "mean": 0.083615295589,
        "median": 0.0771337449551,
        "min": 6.46673964377e-11,
        "var": 0.00210789870471
    },
    "spectral_kurtosis": {
        "dmean": 1.16528344154,
        "dmean2": 1.89880859852,
        "dvar": 2.04264068604,
        "dvar2": 5.37035942078,
        "max": 22.7904434204,
        "mean": 3.09009671211,
        "median": 2.37329483032,
        "min": -1.2446628809,
        "var": 4.98024320602
    },
    "spectral_rms": {
        "dmean": 0.000843046640512,
        "dmean2": 0.00127773289569,
        "dvar": 9.49890079482e-07,
        "dvar2": 2.10006669477e-06,
        "max": 0.0143178310245,
        "mean": 0.00506691541523,
        "median": 0.00520916189998,
        "min": 3.17319217777e-12,
        "var": 5.41289000466e-06
    },
    "spectral_rolloff": {
        "dmean": 453.610839844,
        "dmean2": 707.251342773,
        "dvar": 590779.4375,
        "dvar2": 1217887.5,
        "max": 18863.0859375,
        "mean": 1212.72546387,
        "median": 753.662109375,
        "min": 64.599609375,
        "var": 1724208.875
    },
    "spectral_skewness": {
        "dmean": 0.20169468224,
        "dmean2": 0.306343406439,
        "dvar": 0.0372180007398,
        "dvar2": 0.0837526842952,
        "max": 3.4269785881,
        "mean": 1.37045049667,
        "median": 1.30150818825,
        "min": -0.0737890154123,
        "var": 0.16512426734
    },
    "spectral_spread": {
        "dmean": 512396.25,
        "dmean2": 732955.25,
        "dvar": 359897202688,
        "dvar2": 665182404608,
        "max": 41929360,
        "mean": 5033358.5,
        "median": 5035354,
        "min": 1917590.375,
        "var": 2.17260648038e+12
    },
    "spectral_strongpeak": {
        "dmean": 0.35196596384,
        "dmean2": 0.592635631561,
        "dvar": 0.234193623066,
        "dvar2": 0.572848021984,
        "max": 5.12350893021,
        "mean": 0.663855314255,
        "median": 0.394204467535,
        "min": 0,
        "var": 0.489633858204
    },
    "zerocrossingrate": {
        "dmean": 0.0112704252824,
        "dmean2": 0.012987120077,
        "dvar": 0.000151422325871,
        "dvar2": 0.000181510462426,
        "max": 0.65576171875,
        "mean": 0.058947507292,
        "median": 0.05126953125,
        "min": 0.00537109375,
        "var": 0.00127101235557
    },
    "barkbands": {
        "dmean": [0.000141044773045, 0.00386569229886, 0.0014565923484, 0.00121412973385, 0.00336849293672, 0.0020706045907, 0.00160608254373, 0.00102670013439, 0.000905380700715, 0.000370172987459, 0.000563699344639, 0.000269675831078, 0.000159294795594, 0.000155806526891, 0.000191089595319, 0.000143055527587, 0.000155938469106, 0.000147483864566, 0.000153437271365, 0.00015556771541, 0.000175459092134, 0.000159900358994, 0.000108856598672, 7.54746652092e-05, 3.99441378249e-05, 1.62416690728e-05, 2.06650884138e-06],
        "dmean2": [0.000216951986658, 0.00540305813774, 0.00221108179539, 0.00205049663782, 0.00563467619941, 0.00330827548169, 0.00250079971738, 0.00163633900229, 0.00146123976447, 0.000593588629272, 0.000939868041314, 0.000453450367786, 0.00026092902408, 0.000258195213974, 0.00031625237898, 0.000237347441725, 0.000257187726675, 0.000236782056163, 0.00022858918237, 0.000230192745221, 0.000260171422269, 0.000229781973758, 0.000156268346473, 0.000112420188088, 5.89933079027e-05, 2.39329019678e-05, 3.34910191668e-06],
        "dvar": [1.66632190712e-07, 7.72638304625e-05, 9.74404883891e-06, 1.05884064396e-05, 3.52463866875e-05, 9.05101387616e-06, 6.33875561107e-06, 3.6482208543e-06, 1.8093902554e-06, 3.15276253104e-07, 1.09552627237e-06, 2.68988486596e-07, 7.42654151509e-08, 6.91372363804e-08, 1.58561093144e-07, 8.37325941916e-08, 9.16546483154e-08, 6.58682139942e-08, 8.50699350963e-08, 1.15164745296e-07, 1.01140734898e-07, 8.82471766772e-08, 3.59131391292e-08, 1.76123382545e-08, 5.07381736625e-09, 1.07500353064e-09, 3.96944040137e-11],
        "dvar2": [3.62462031944e-07, 0.000161829171702, 2.2867030566e-05, 2.68126041192e-05, 9.77160743787e-05, 2.36196592596e-05, 1.35847412821e-05, 8.29198233987e-06, 4.44860370408e-06, 7.39625534152e-07, 3.00992496705e-06, 7.31523925879e-07, 1.85374716466e-07, 1.70285829881e-07, 3.82471597504e-07, 2.15532310222e-07, 2.35298969642e-07, 1.46889789221e-07, 1.66557398984e-07, 2.44237384095e-07, 1.99728148687e-07, 1.7248198958e-07, 7.29117743958e-08, 3.68950239249e-08, 1.02372235133e-08, 2.36928099362e-09, 9.85400649967e-11],
        "max": [0.010503673926, 0.189856052399, 0.063736282289, 0.0371112413704, 0.0860373973846, 0.0558878928423, 0.0552737340331, 0.0611320957541, 0.0204073674977, 0.0113435657695, 0.0150727462023, 0.00892075989395, 0.00390694011003, 0.00355267245322, 0.00552695943043, 0.00405211374164, 0.00387615454383, 0.00354703189805, 0.0040549361147, 0.00619269674644, 0.00438834354281, 0.00415266724303, 0.00272998376749, 0.00153741263784, 0.000850032782182, 0.000406415754696, 8.99638107512e-05],
        "mean": [0.000242273512413, 0.00931083224714, 0.00241849548183, 0.00135815108661, 0.00481488322839, 0.00354891084135, 0.00257027521729, 0.00169594713952, 0.00145393516868, 0.000591534946579, 0.000764464668464, 0.000387794978451, 0.000231373822317, 0.000225573690841, 0.000260972679825, 0.000195211658138, 0.000219423134695, 0.000241036512307, 0.000235220330069, 0.000236607636907, 0.000257729436271, 0.000233052836847, 0.000166058118339, 0.000113863359729, 6.52330927551e-05, 2.29941324505e-05, 1.84123098279e-06],
        "median": [5.14244784426e-05, 0.00428524566814, 0.0011224441696, 0.000522943097167, 0.00239638378844, 0.00177333620377, 0.00126467668451, 0.000776105909608, 0.000766405137256, 0.000319357932312, 0.000306198751787, 0.00021424976876, 0.000127702514874, 0.000121472607134, 0.000122878351249, 9.77173040155e-05, 0.000117889234389, 0.000145436279126, 0.000110629734991, 0.000108961961814, 0.000108087195258, 9.51373222051e-05, 7.16324939276e-05, 4.7193672799e-05, 2.31675094255e-05, 5.55437009098e-06, 5.71373455216e-08],
        "min": [6.98504856023e-24, 1.51450693484e-24, 6.24660099445e-24, 4.89493674273e-24, 5.67612558122e-23, 1.64077404265e-23, 1.83116514881e-23, 2.51187006848e-23, 5.17375813084e-23, 5.27091644874e-23, 2.66268102535e-23, 6.59871986689e-23, 1.23234790385e-22, 4.24534047397e-23, 6.79650181087e-23, 1.4133531114e-22, 1.27378859735e-22, 1.86927306276e-22, 1.12002584919e-22, 2.24206234706e-22, 3.82193036404e-22, 4.40481350223e-22, 5.17572472953e-22, 6.44929206717e-22, 9.81435458458e-22, 1.37637199374e-21, 2.11916705717e-21],
        "var": [3.80872023698e-07, 0.000222483402467, 1.61467614817e-05, 9.33607498155e-06, 4.68925718451e-05, 2.37684835156e-05, 1.53216005856e-05, 9.20512866287e-06, 3.78969230042e-06, 6.75888543356e-07, 1.61141701938e-06, 2.89209225457e-07, 1.01264483021e-07, 9.35670314561e-08, 1.89993855315e-07, 9.13538400482e-08, 1.06802730215e-07, 1.00803383418e-07, 1.43261402741e-07, 1.67755800362e-07, 1.70403438915e-07, 1.51720115582e-07, 6.40492245907e-08, 2.98309217328e-08, 1.07139017658e-08, 1.89887638946e-09, 3.93597480997e-11]
    },
    "erbbands": {
        "dmean": [0.124586515129, 0.860832512379, 1.47990000248, 2.60803747177, 7.55354070663, 14.5807733536, 8.85345935822, 21.3513908386, 16.9151477814, 35.31067276, 20.0884056091, 15.2962856293, 19.1556968689, 13.1233692169, 20.3940601349, 9.09468746185, 6.94784450531, 8.29658317566, 8.96413230896, 8.99484920502, 8.05166721344, 8.8195066452, 7.35380363464, 7.77019500732, 7.56818437576, 7.26082849503, 7.31864023209, 6.75808954239, 5.75062704086, 4.51693153381, 3.01991510391, 1.76623904705, 1.18132519722, 0.577198684216, 0.232564926147, 0.0847537666559, 0.0268272161484, 0.00582770444453, 0.0003373651125, 1.72410564119e-05],
        "dmean2": [0.165912955999, 1.20677769184, 2.25951457024, 4.16832542419, 13.0722742081, 23.9705142975, 14.5195646286, 33.7980499268, 27.3169498444, 55.3852462769, 31.8298435211, 25.2642974854, 30.1712245941, 21.6651153564, 34.2651405334, 15.0560874939, 11.2751817703, 13.6582775116, 14.82234478, 14.8332910538, 13.2882061005, 14.4221115112, 11.913433075, 11.7944107056, 11.1587457657, 10.7328968048, 10.8706741333, 9.97870063782, 8.27198314667, 6.6153216362, 4.3662314415, 2.6063079834, 1.76705884933, 0.867336332798, 0.34077501297, 0.121538475156, 0.0403833910823, 0.00914113409817, 0.000545858230907, 2.62478097284e-05],
        "dvar": [0.0918700769544, 3.75989127159, 10.9483146667, 30.1151981354, 315.232574463, 663.097412109, 175.889511108, 1005.37969971, 721.649658203, 3842.35693359, 1607.38330078, 586.510253906, 757.949523926, 385.255340576, 1530.32495117, 243.012084961, 155.677749634, 177.797744751, 353.09777832, 361.782104492, 266.580352783, 292.667724609, 163.158111572, 238.784790039, 216.594070435, 237.387390137, 192.162796021, 159.878173828, 115.09828949, 67.6328353882, 27.3485240936, 9.82098293304, 4.41272211075, 1.11579012871, 0.17258323729, 0.0244757682085, 0.00337246456183, 0.000225015624892, 1.1016722965e-06, 6.16617368276e-10],
        "dvar2": [0.177851811051, 8.20091152191, 25.2136669159, 72.7501602173, 859.860107422, 1786.96569824, 463.621612549, 2531.91674805, 1820.02990723, 8393.66015625, 3719.61572266, 1557.23840332, 1785.42883301, 940.208312988, 4188.90771484, 626.307006836, 391.533630371, 431.193603516, 881.17590332, 904.004577637, 688.112609863, 745.235046387, 375.310028076, 486.133789062, 419.910003662, 499.154418945, 392.549468994, 324.064086914, 221.301681519, 137.488693237, 55.6300354004, 20.1084632874, 9.64211845398, 2.32597208023, 0.36069303751, 0.0507593378425, 0.00771069992334, 0.000539734610356, 2.73384421234e-06, 1.41369838058e-09],
        "max": [6.82529401779, 36.7888565063, 88.7348937988, 72.535774231, 292.293426514, 402.262176514, 262.753204346, 505.710723877, 693.102661133, 1383.80419922, 1234.5213623, 428.370300293, 463.491851807, 454.575958252, 516.812988281, 227.196243286, 205.539047241, 217.297622681, 245.55581665, 250.304916382, 229.166259766, 229.514389038, 175.741348267, 273.103240967, 194.085296631, 272.320251465, 206.908874512, 164.573104858, 142.898635864, 118.273078918, 81.2251586914, 35.2507514954, 21.8706741333, 14.5045070648, 6.35498714447, 2.51255106926, 0.957820177078, 0.181246727705, 0.0134920766577, 0.000280706211925],
        "mean": [0.301690876484, 1.96492493153, 2.73910951614, 3.99303817749, 8.22955226898, 21.0221557617, 14.7827854156, 35.8023223877, 29.5683803558, 54.5316429138, 34.4153785706, 25.4342842102, 32.3979949951, 22.5739917755, 29.0153770447, 14.4640283585, 10.8774909973, 12.7599620819, 12.0119094849, 12.8147716522, 11.3051958084, 12.9249591827, 12.4160861969, 12.3210821152, 11.9314241409, 11.1489667892, 10.7374277115, 9.88981056213, 8.46318244934, 6.48481416702, 4.5546746254, 2.75539541245, 1.70215952396, 0.903803527355, 0.374168097973, 0.127868697047, 0.0364826060832, 0.00638553733006, 0.000324870372424, 4.45595032943e-05],
        "median": [0.131498485804, 0.884816467762, 1.42966079712, 2.01198577881, 3.89411568642, 8.48704719543, 8.84253978729, 16.8265724182, 17.365026474, 24.3986740112, 14.9584321976, 15.1969842911, 17.8297977448, 14.0187397003, 12.9989376068, 8.50796222687, 6.19850540161, 7.15811491013, 5.86252975464, 6.31569766998, 6.01031684875, 7.22440862656, 7.83665752411, 6.58099937439, 5.58328914642, 5.26288175583, 4.6396188736, 4.07375431061, 3.45682811737, 2.5925180912, 1.93961489201, 1.18908369541, 0.644273102283, 0.314466118813, 0.130353152752, 0.0343441180885, 0.00843214616179, 0.000854548474308, 4.12694353145e-05, 3.68054788851e-05],
        "min": [7.02714770016e-23, 6.357475726e-22, 5.27344200271e-21, 1.5403201605e-20, 6.51569263779e-20, 1.59091711836e-19, 1.05409292744e-19, 1.15292084811e-19, 1.90443343392e-19, 4.73197613301e-19, 9.55981526119e-19, 1.00016093244e-18, 1.08673830824e-18, 1.48298274047e-18, 1.34064263804e-18, 3.31479747143e-18, 3.55211538237e-18, 2.30675340435e-18, 2.23728139983e-18, 5.1254488898e-18, 8.41764303061e-18, 8.0936479652e-18, 9.46737410543e-18, 7.47059153959e-18, 5.80153917321e-18, 1.02707691395e-17, 1.15904985837e-17, 1.64427061425e-17, 1.75707902465e-17, 1.26088993656e-17, 1.41917905314e-17, 1.28538995097e-17, 1.07015193075e-17, 9.93435147562e-18, 7.4578124263e-18, 4.8735761156e-18, 2.7666499017e-18, 1.09647401726e-18, 2.98760033817e-19, 2.90569743756e-20],
        "var": [0.238572254777, 10.7164258957, 19.3144378662, 40.4165916443, 246.194076538, 1148.33752441, 337.985839844, 2580.01660156, 1820.09851074, 8687.13964844, 4205.64599609, 987.360534668, 1775.74072266, 818.747802734, 2097.06933594, 333.44354248, 220.722442627, 266.290252686, 388.661468506, 437.681213379, 288.510223389, 350.442840576, 250.084701538, 373.01272583, 377.758636475, 353.144287109, 303.273529053, 264.787628174, 199.000610352, 111.28162384, 48.4451408386, 17.2277297974, 7.22201013565, 2.10710716248, 0.372270613909, 0.0516740716994, 0.00547552714124, 0.000263819820248, 1.01957436982e-06, 1.3139711541e-09]
    },
    "gfcc": {
        "mean": [-6.61495065689, 95.0796279907, -109.986953735, 38.5262145996, -74.2309951782, 12.3703117371, -34.8864479065, 12.1115102768, -19.786737442, 3.46354699135, -11.2914152145, 3.93196702003, -7.45326089859],
        "cov": [[19114.6171875, 1057.51635742, 93.9761886597, 1443.48596191, 241.297241211, 703.646911621, 272.094665527, 221.29586792, 164.999267578, 508.041412354, -116.118652344, 91.7747802734, -9.8762960434], [1057.51635742, 1328.98266602, -71.2299194336, 16.3726730347, 159.297317505, -50.5811347961, 235.069091797, -14.3062791824, 203.444717407, -109.90990448, 158.223327637, -44.7348022461, 122.463310242], [93.9761886597, -71.2299194336, 532.645874023, 84.6462936401, 103.432380676, 74.5875091553, 36.8161354065, 37.9953346252, -21.4978122711, 65.135307312, -32.2491073608, 22.55509758, -17.385225296], [1443.48596191, 16.3726730347, 84.6462936401, 395.847747803, 61.8422927856, 105.725028992, 47.965045929, 31.1435527802, 12.7587690353, 56.3752288818, 0.0499803796411, -16.5808467865, -4.98302555084], [241.297241211, 159.297317505, 103.432380676, 61.8422927856, 188.74281311, 56.3211784363, 76.8822555542, 26.1481609344, 36.1355285645, 19.8209953308, 13.9418210983, 5.11501741409, 13.5292377472], [703.646911621, -50.5811347961, 74.5875091553, 105.725028992, 56.3211784363, 161.669418335, 25.1990280151, 44.2072677612, 6.72545909882, 46.8195610046, -6.74149703979, 3.73227858543, -2.089656353], [272.094665527, 235.069091797, 36.8161354065, 47.965045929, 76.8822555542, 25.1990280151, 168.231811523, 40.4933853149, 66.7294464111, 13.8574314117, 31.3872909546, 6.63604164124, 24.0209407806], [221.29586792, -14.3062791824, 37.9953346252, 31.1435527802, 26.1481609344, 44.2072677612, 40.4933853149, 96.1389312744, 31.744550705, 35.9540977478, 4.176841259, 11.6461639404, 2.4836935997], [164.999267578, 203.444717407, -21.4978122711, 12.7587690353, 36.1355285645, 6.72545909882, 66.7294464111, 31.744550705, 116.458351135, 14.2549085617, 50.6321907043, 4.06150054932, 23.4067173004], [508.041412354, -109.90990448, 65.135307312, 56.3752288818, 19.8209953308, 46.8195610046, 13.8574314117, 35.9540977478, 14.2549085617, 104.432167053, -2.34455442429, 23.5109672546, -12.9610815048], [-116.118652344, 158.223327637, -32.2491073608, 0.0499803796411, 13.9418210983, -6.74149703979, 31.3872909546, 4.176841259, 50.6321907043, -2.34455442429, 85.7905654907, 13.1347045898, 27.3985042572], [91.7747802734, -44.7348022461, 22.55509758, -16.5808467865, 5.11501741409, 3.73227858543, 6.63604164124, 11.6461639404, 4.06150054932, 23.5109672546, 13.1347045898, 54.8751831055, 13.5323810577], [-9.8762960434, 122.463310242, -17.385225296, -4.98302555084, 13.5292377472, -2.089656353, 24.0209407806, 2.4836935997, 23.4067173004, -12.9610815048, 27.3985042572, 13.5323810577, 58.3972816467]],
        "icov": [[0.000137377675856, -0.000390641624108, 0.000157298869453, -0.00041386304656, 0.000220883826842, -0.000397884577978, 0.000223319875658, -2.47286152444e-05, 0.000105100181827, -0.000623472384177, 0.000745411554817, -0.000756828812882, 0.000342880230164], [-0.000390641624108, 0.00312086264603, -0.000537214393262, 0.00114279531408, -0.00150007661432, 0.0016207449371, -0.00221697497182, 0.000985470949672, -0.00206496962346, 0.00327427173033, -0.00370938237756, 0.00425151828676, -0.00308808451518], [0.000157298869453, -0.000537214393262, 0.00261233840138, -0.000627084169537, -0.000908931368031, -0.000704541977029, 7.41107141948e-05, -0.000343729567248, 0.00101766071748, -0.00161324581131, 0.00159248639829, -0.00176542031113, 0.000942875863984], [-0.00041386304656, 0.00114279531408, -0.000627084169537, 0.00463050464168, -0.000870971765835, -0.00050204526633, -0.00129079387989, 0.000334911688697, 0.000137110371725, 0.000356117263436, -0.00266704359092, 0.00427026022226, -0.00127171468921], [0.000220883826842, -0.00150007661432, -0.000908931368031, -0.000870971765835, 0.00850110407919, -0.00270223501138, -0.00154898792971, 0.000142467557453, -0.000104196478787, -0.00125613680575, 0.0017690055538, -0.00200858782046, 0.000801557675004], [-0.000397884577978, 0.0016207449371, -0.000704541977029, -0.00050204526633, -0.00270223501138, 0.0106256892905, -0.000526010582689, -0.00262446701527, 0.000135919792228, -1.60183226399e-05, -0.00207142275758, 0.00331930769607, -0.00223979912698], [0.000223319875658, -0.00221697497182, 7.41107141948e-05, -0.00129079387989, -0.00154898792971, -0.000526010582689, 0.0111170597374, -0.00291893584654, -0.00211930344813, -0.00162097427528, 0.00215670187026, -0.0029728631489, 0.000656894233543], [-2.47286152444e-05, 0.000985470949672, -0.000343729567248, 0.000334911688697, 0.000142467557453, -0.00262446701527, -0.00291893584654, 0.0151266902685, -0.00407403241843, -0.00188788201194, 0.000792359001935, -0.000497610133607, -0.000756649184041], [0.000105100181827, -0.00206496962346, 0.00101766071748, 0.000137110371725, -0.000104196478787, 0.000135919792228, -0.00211930344813, -0.00407403241843, 0.0172871295363, -0.00436883559451, -0.00511796865612, 0.000682685640641, 8.12203215901e-05], [-0.000623472384177, 0.00327427173033, -0.00161324581131, 0.000356117263436, -0.00125613680575, -1.60183226399e-05, -0.00162097427528, -0.00188788201194, -0.00436883559451, 0.0192505978048, -0.00376339606009, -0.00230439240113, 0.00193919148296], [0.000745411554817, -0.00370938237756, 0.00159248639829, -0.00266704359092, 0.0017690055538, -0.00207142275758, 0.00215670187026, 0.000792359001935, -0.00511796865612, -0.00376339606009, 0.0234819166362, -0.00960920192301, -0.000827636802569], [-0.000756828812882, 0.00425151828676, -0.00176542031113, 0.00427026022226, -0.00200858782046, 0.00331930769607, -0.0029728631489, -0.000497610133607, 0.000682685640641, -0.00230439240113, -0.00960920192301, 0.0313251316547, -0.0109124612063], [0.000342880230164, -0.00308808451518, 0.000942875863984, -0.00127171468921, 0.000801557675004, -0.00223979912698, 0.000656894233543, -0.000756649184041, 8.12203215901e-05, 0.00193919148296, -0.000827636802569, -0.0109124612063, 0.0266412105411]]
    },
    "melbands": {
        "dmean": [0.00109586492181, 0.000819392851554, 0.000561568303965, 0.000798721506726, 0.000380638986826, 0.000454953202279, 0.000271789846011, 0.00034904043423, 0.000149091880303, 0.000114424525236, 9.71067784121e-05, 5.2493171097e-05, 8.46904586069e-05, 3.24220636685e-05, 1.96037944988e-05, 1.64556076925e-05, 1.51047006511e-05, 1.47294676935e-05, 1.36743619805e-05, 1.03598176793e-05, 9.76079263637e-06, 1.01434452517e-05, 7.82075676398e-06, 7.32692478778e-06, 6.48155537419e-06, 6.15997942077e-06, 5.19419381817e-06, 5.04857825945e-06, 4.7425160119e-06, 4.52714539279e-06, 3.86805913877e-06, 3.3883359265e-06, 3.11242683892e-06, 2.35869106291e-06, 1.86714351003e-06, 1.38674920436e-06, 1.04509047105e-06, 8.87851285825e-07, 6.70084091325e-07, 4.52293875242e-07],
        "dmean2": [0.00149465468712, 0.00120303570293, 0.000907298992388, 0.00135733664501, 0.000611082301475, 0.000722101540305, 0.000434451794717, 0.000548101321328, 0.000237641885178, 0.000187435391126, 0.000152583073941, 8.61843000166e-05, 0.000141778436955, 5.49162177776e-05, 3.21132720273e-05, 2.72197612503e-05, 2.49391014222e-05, 2.4532813768e-05, 2.27756117965e-05, 1.71298761416e-05, 1.63081313076e-05, 1.68472761288e-05, 1.29524005388e-05, 1.1928486856e-05, 9.94895890472e-06, 9.332821719e-06, 8.00598263595e-06, 7.63273419579e-06, 7.13117788109e-06, 6.87331839799e-06, 5.842155133e-06, 4.99615771332e-06, 4.52345011581e-06, 3.5281102555e-06, 2.77345134236e-06, 2.06974004868e-06, 1.57420106461e-06, 1.34371964577e-06, 1.02763090126e-06, 6.88796603754e-07],
        "dvar": [6.57256396153e-06, 2.82761902781e-06, 1.58715727139e-06, 2.23763186114e-06, 3.42266645248e-07, 4.54736522215e-07, 1.5563244915e-07, 3.51604825255e-07, 8.3696754416e-08, 3.0315469246e-08, 1.93131253212e-08, 6.44501740865e-09, 2.65715787151e-08, 4.23144319583e-09, 1.43272183006e-09, 6.75166311748e-10, 5.92629889606e-10, 9.52291134837e-10, 9.46970390991e-10, 4.27289453819e-10, 3.90621784918e-10, 3.79014708507e-10, 2.78354284067e-10, 1.41887224192e-10, 1.76512859884e-10, 1.27269972339e-10, 1.17075599215e-10, 1.38988820453e-10, 9.05136104956e-11, 6.82265841045e-11, 5.69299815623e-11, 4.19921632189e-11, 3.43988969254e-11, 1.84769664846e-11, 1.04284055349e-11, 6.59116771579e-12, 3.42890451276e-12, 2.57384803574e-12, 1.49737177952e-12, 7.08118405492e-13],
        "dvar2": [1.30695189e-05, 6.70515100865e-06, 3.9516949073e-06, 6.24746189715e-06, 8.95737059636e-07, 1.15964621727e-06, 3.80362877195e-07, 7.75481339588e-07, 1.95042161977e-07, 7.77804203267e-08, 4.53203838902e-08, 1.54203725344e-08, 7.29125275711e-08, 1.16020126839e-08, 3.66030739052e-09, 1.6932929503e-09, 1.44557843473e-09, 2.4432076362e-09, 2.32437002978e-09, 1.0778995474e-09, 1.02354491549e-09, 9.94917592756e-10, 7.16382952959e-10, 3.264885029e-10, 3.68660546535e-10, 2.55595072884e-10, 2.56626414563e-10, 3.15944076457e-10, 1.92835955537e-10, 1.43420775256e-10, 1.21210208537e-10, 8.42573510962e-11, 7.09475464489e-11, 3.92239678237e-11, 2.18687620096e-11, 1.41274197202e-11, 7.1445835359e-12, 5.72859988612e-12, 3.31010284287e-12, 1.53732452116e-12],
        "max": [0.0582702606916, 0.0439808145165, 0.0152438823134, 0.0219972319901, 0.00849097128958, 0.0126836532727, 0.00943523645401, 0.0127468081191, 0.00872127246112, 0.00231624627486, 0.00233915983699, 0.00194440130144, 0.00234992662445, 0.0010861789342, 0.000690062937792, 0.000392892281525, 0.000370702706277, 0.000390433793655, 0.000420114898589, 0.000279728963505, 0.000261621258687, 0.000272825709544, 0.000254355312791, 0.000162585885846, 0.000236211766605, 0.000163397984579, 0.000154340654262, 0.0002253492421, 0.000165923498571, 0.000108484033262, 0.000103262449556, 0.000103232683614, 9.75297953119e-05, 6.01318097324e-05, 5.91887037444e-05, 2.84764919343e-05, 2.09137942875e-05, 1.909308412e-05, 1.53761848196e-05, 1.49487113958e-05],
        "mean": [0.002706018975, 0.00186438369565, 0.000810356577858, 0.00104000419378, 0.000644804094918, 0.000769688223954, 0.000490035163239, 0.00054755853489, 0.00024435936939, 0.00018151756376, 0.000163256656379, 8.69142459123e-05, 0.000115811970318, 4.50858024124e-05, 2.80979656964e-05, 2.47952993959e-05, 2.23557071877e-05, 1.8590626496e-05, 1.85813132703e-05, 1.44647319757e-05, 1.28284527818e-05, 1.3803118236e-05, 1.12702473416e-05, 1.167614937e-05, 9.61716159509e-06, 9.25824315345e-06, 7.8517550719e-06, 7.22000777387e-06, 6.79679988025e-06, 6.14084956396e-06, 5.58293913855e-06, 4.90688989885e-06, 4.22429502578e-06, 3.34759488396e-06, 2.74697435998e-06, 2.01095940611e-06, 1.58572470355e-06, 1.23600307234e-06, 9.57623115028e-07, 6.96075858286e-07],
        "median": [0.00121831858996, 0.00103944155853, 0.000428853934864, 0.000480445363792, 0.000349911191734, 0.000365630025044, 0.000298938393826, 0.000252455036389, 9.45748033701e-05, 9.88198444247e-05, 8.83945103851e-05, 5.11575199198e-05, 4.5958247938e-05, 2.4294900868e-05, 1.3499094166e-05, 1.4052361621e-05, 1.2130446521e-05, 8.62203251017e-06, 8.12978214526e-06, 7.11947222953e-06, 6.24164113106e-06, 7.02531497154e-06, 6.41906035526e-06, 6.90259003022e-06, 4.82406994706e-06, 4.32520801041e-06, 3.41921622748e-06, 3.28687042384e-06, 2.91709125122e-06, 2.35049492403e-06, 2.31004014495e-06, 2.01863099392e-06, 1.56944508944e-06, 1.32786601625e-06, 1.15428360914e-06, 8.52533446505e-07, 6.43433054393e-07, 4.51580376648e-07, 3.38343056683e-07, 2.2914915121e-07],
        "min": [9.37647073086e-25, 3.30263678276e-24, 3.48325200904e-24, 8.68015050679e-24, 4.10913464567e-24, 2.77600073661e-24, 3.83450494886e-24, 5.66560730434e-24, 7.84518304824e-24, 6.39076059171e-24, 5.51679461102e-24, 5.95755131472e-24, 3.59336949723e-24, 5.44100913829e-24, 6.61018974668e-24, 1.09501979469e-23, 3.54692333928e-24, 3.3836109881e-24, 5.77935197497e-24, 7.76047200879e-24, 8.2983086965e-24, 7.9374908182e-24, 8.7046485822e-24, 7.80657856212e-24, 5.22812792327e-24, 4.66867250245e-24, 4.12500573822e-24, 5.29335922595e-24, 6.47613545761e-24, 8.04890322157e-24, 8.45367958495e-24, 9.32071581702e-24, 6.9845649885e-24, 6.47831508029e-24, 8.32660513717e-24, 6.52714872577e-24, 7.78413546937e-24, 6.56461646332e-24, 7.33379055579e-24, 8.12804490302e-24],
        "var": [1.85647641047e-05, 7.49692208046e-06, 1.77414028713e-06, 2.52653194366e-06, 7.05714853666e-07, 1.20444542517e-06, 4.16012568394e-07, 7.98738881258e-07, 2.17528693724e-07, 5.71337821498e-08, 4.58156037553e-08, 1.38571625286e-08, 3.84230034456e-08, 4.27577395712e-09, 1.85205939474e-09, 9.86730031016e-10, 8.60522486601e-10, 9.75836744743e-10, 1.10678366472e-09, 5.11180209273e-10, 4.04283301281e-10, 4.3041795128e-10, 3.03858438411e-10, 2.25080121208e-10, 2.5898250211e-10, 2.12471207295e-10, 1.81209602879e-10, 1.71789332759e-10, 1.3208711902e-10, 1.03347004565e-10, 8.90933576914e-11, 6.87935333699e-11, 5.46291033243e-11, 2.92646358535e-11, 1.76420475451e-11, 1.05186076862e-11, 5.89925547648e-12, 4.02982204897e-12, 2.48927679684e-12, 1.32925701696e-12]
    },
    "mfcc": {
        "mean": [-639.450256348, 115.153511047, 15.6692838669, 25.1837692261, -7.66434240341, 1.05700874329, -3.86073374748, 5.2699007988, -1.42330110073, 1.53547418118, -0.299746632576, 1.42402207851, 0.198054015636],
        "cov": [[11098.0527344, 1426.01074219, 304.441131592, 383.451934814, 83.6201782227, 374.719116211, 43.4535484314, 102.414093018, 165.474151611, 142.952072144, 124.931663513, 55.2907218933, 60.5349617004], [1426.01074219, 1410.59020996, -38.2384910583, 115.244384766, -28.074426651, 6.00910997391, 11.6569461823, 142.273376465, 34.1858177185, 27.5427017212, 35.0300445557, 47.793888092, 23.4916801453], [304.441131592, -38.2384910583, 343.397613525, 71.6877746582, 73.0653381348, 50.791885376, 47.3876724243, 4.23078727722, 17.9416618347, 26.8610286713, 14.4302816391, -1.09703779221, -10.3176326752], [383.451934814, 115.244384766, 71.6877746582, 213.349624634, 33.3816413879, 52.0808830261, 41.3671379089, 30.3911552429, 22.6315002441, 24.2830963135, 24.6320037842, 12.002040863, 5.22913694382], [83.6201782227, -28.074426651, 73.0653381348, 33.3816413879, 142.754776001, 55.4071578979, 37.7407455444, 9.44039154053, 17.9257144928, 21.5295848846, 5.19785690308, 8.359167099, 5.18259859085], [374.719116211, 6.00910997391, 50.791885376, 52.0808830261, 55.4071578979, 121.839347839, 48.1413459778, 15.7812519073, 26.4205417633, 26.8074111938, 19.9257831573, 6.71822118759, 9.68262004852], [43.4535484314, 11.6569461823, 47.3876724243, 41.3671379089, 37.7407455444, 48.1413459778, 94.8823394775, 29.3996982574, 29.9787559509, 18.9883518219, 15.0302343369, 7.6162519455, 2.83703637123], [102.414093018, 142.273376465, 4.23078727722, 30.3911552429, 9.44039154053, 15.7812519073, 29.3996982574, 85.2343521118, 34.3540763855, 22.7894992828, 16.0455436707, 16.3877677917, 13.8710107803], [165.474151611, 34.1858177185, 17.9416618347, 22.6315002441, 17.9257144928, 26.4205417633, 29.9787559509, 34.3540763855, 80.5398406982, 31.4947509766, 27.0800247192, 11.2342710495, 13.3334293365], [142.952072144, 27.5427017212, 26.8610286713, 24.2830963135, 21.5295848846, 26.8074111938, 18.9883518219, 22.7894992828, 31.4947509766, 67.7802124023, 27.887556076, 16.7823600769, 7.91885232925], [124.931663513, 35.0300445557, 14.4302816391, 24.6320037842, 5.19785690308, 19.9257831573, 15.0302343369, 16.0455436707, 27.0800247192, 27.887556076, 65.0066375732, 26.6122646332, 19.2401428223], [55.2907218933, 47.793888092, -1.09703779221, 12.002040863, 8.359167099, 6.71822118759, 7.6162519455, 16.3877677917, 11.2342710495, 16.7823600769, 26.6122646332, 58.7658691406, 25.6373691559], [60.5349617004, 23.4916801453, -10.3176326752, 5.22913694382, 5.18259859085, 9.68262004852, 2.83703637123, 13.8710107803, 13.3334293365, 7.91885232925, 19.2401428223, 25.6373691559, 57.6398773193]],
