{
"lowlevel": {
    "average_loudness": 0.948677480221,
    "barkbands_crest": {
        "dmean": 2.58431792259,
        "dmean2": 4.01178455353,
        "dvar": 6.79398536682,
        "dvar2": 13.7122945786,
        "max": 23.8196582794,
        "mean": 8.96962165833,
        "median": 8.00404167175,
        "min": 2.31587457657,
        "var": 17.4569892883
    },
    "barkbands_flatness_db": {
        "dmean": 0.0264405608177,
        "dmean2": 0.039215747267,
        "dvar": 0.000829669064842,
        "dvar2": 0.00158501672558,
        "max": 0.386217594147,
        "mean": 0.125139966607,
        "median": 0.118719354272,
        "min": 0.0185555443168,
        "var": 0.00423421477899
    },
    "barkbands_kurtosis": {
        "dmean": 3.57428598404,
        "dmean2": 5.20928478241,
        "dvar": 49.675983429,
        "dvar2": 94.9472885132,
        "max": 143.877151489,
        "mean": 4.28999853134,
        "median": 0.797020316124,
        "min": -1.85697484016,
        "var": 102.223175049
    },
    "barkbands_skewness": {
        "dmean": 0.672907114029,
        "dmean2": 0.989871501923,
        "dvar": 0.617910265923,
        "dvar2": 1.19997918606,
        "max": 11.0040273666,
        "mean": 1.47504913807,
        "median": 1.16550064087,
        "min": -2.08801484108,
        "var": 1.9555464983
    },
    "barkbands_spread": {
        "dmean": 12.0506753922,
        "dmean2": 18.7897205353,
        "dvar": 249.523193359,
        "dvar2": 551.593688965,
        "max": 135.679168701,
        "mean": 30.6216335297,
        "median": 25.0012283325,
        "min": 1.59733974934,
        "var": 480.129089355
    },
    "dissonance": {
        "dmean": 0.0136559559032,
        "dmean2": 0.0227728560567,
        "dvar": 0.000167431964655,
        "dvar2": 0.000439016730525,
        "max": 0.5,
        "mean": 0.475462496281,
        "median": 0.479969412088,
        "min": 0.355000346899,
        "var": 0.000341763312463
    },
    "dynamic_complexity": 2.81327772141,
    "erbbands_crest": {
        "dmean": 2.37459945679,
        "dmean2": 3.78685498238,
        "dvar": 4.77727270126,
        "dvar2": 11.0902490616,
        "max": 27.8748703003,
        "mean": 7.40532255173,
        "median": 6.67088317871,
        "min": 2.25794148445,
        "var": 11.5950498581
    },
    "erbbands_flatness_db": {
        "dmean": 0.0170399844646,
        "dmean2": 0.0244962479919,
        "dvar": 0.000305415218463,
        "dvar2": 0.000587965943851,
        "max": 0.317772001028,
        "mean": 0.142735525966,
        "median": 0.140736743808,
        "min": 0.0391563102603,
        "var": 0.00317260343581
    },
    "erbbands_kurtosis": {
        "dmean": 0.650150716305,
        "dmean2": 1.02928888798,
        "dvar": 0.603976726532,
        "dvar2": 1.41511845589,
        "max": 12.0993280411,
        "mean": -0.250624865294,
        "median": -0.51905798912,
        "min": -1.69595432281,
        "var": 1.26986777782
    },
    "erbbands_skewness": {
        "dmean": 0.408403813839,
        "dmean2": 0.622114539146,
        "dvar": 0.145240351558,
        "dvar2": 0.353831350803,
        "max": 2.94513988495,
        "mean": 0.173436164856,
        "median": 0.142311096191,
        "min": -1.9602971077,
        "var": 0.367429375648
    },
    "erbbands_spread": {
        "dmean": 10.2594099045,
        "dmean2": 15.3811368942,
        "dvar": 112.148513794,
        "dvar2": 225.503494263,
        "max": 137.130447388,
        "mean": 46.1234664917,
        "median": 41.2681388855,
        "min": 8.42671489716,
        "var": 409.848297119
    },
    "hfc": {
        "dmean": 35.8215026855,
        "dmean2": 58.9616203308,
        "dvar": 5153.51708984,
        "dvar2": 13218.3671875,
        "max": 548.642944336,
        "mean": 38.121295929,
        "median": 16.7813644409,
        "min": 1.11590568926e-16,
        "var": 4287.58447266
    },
    "melbands_crest": {
        "dmean": 3.38040852547,
        "dmean2": 5.24907541275,
        "dvar": 11.2336578369,
        "dvar2": 24.460981369,
        "max": 32.5946006775,
        "mean": 13.910449028,
        "median": 13.0895462036,
        "min": 1.72870504856,
        "var": 31.489730835
    },
    "melbands_flatness_db": {
        "dmean": 0.0370813347399,
        "dmean2": 0.0549674406648,
        "dvar": 0.00160826195497,
        "dvar2": 0.00323018291965,
        "max": 0.501636385918,
        "mean": 0.190525785089,
        "median": 0.17961114645,
        "min": 0.00400254549459,
        "var": 0.00699562299997
    },
    "melbands_kurtosis": {
        "dmean": 9.02218151093,
        "dmean2": 13.5499219894,
        "dvar": 331.679901123,
        "dvar2": 651.032958984,
        "max": 400.809020996,
        "mean": 15.7247953415,
        "median": 6.58798265457,
        "min": -1.5905854702,
        "var": 745.237915039
    },
    "melbands_skewness": {
        "dmean": 0.789922237396,
        "dmean2": 1.17178237438,
        "dvar": 0.934673249722,
        "dvar2": 1.86191308498,
        "max": 15.5910844803,
        "mean": 2.78285193443,
        "median": 2.29959344864,
        "min": -0.42073482275,
        "var": 3.39639687538
    },
    "melbands_spread": {
        "dmean": 12.8891620636,
        "dmean2": 21.171836853,
        "dvar": 295.305725098,
        "dvar2": 750.622436523,
        "max": 196.313186646,
        "mean": 30.0514984131,
        "median": 24.2708206177,
        "min": 1.00006437302,
        "var": 641.421875
    },
    "pitch_salience": {
        "dmean": 0.0743324160576,
        "dmean2": 0.118544377387,
        "dvar": 0.00507918838412,
        "dvar2": 0.0128458598629,
        "max": 0.876835584641,
        "mean": 0.566135168076,
        "median": 0.569940984249,
        "min": 0.188848674297,
        "var": 0.0102130239829
    },
    "silence_rate_20dB": {
        "dmean": 0,
        "dmean2": 0,
        "dvar": 0,
        "dvar2": 0,
        "max": 1,
        "mean": 1,
        "median": 1,
        "min": 1,
        "var": 0
    },
    "silence_rate_30dB": {
        "dmean": 0.0690118744969,
        "dmean2": 0.138054683805,
        "dvar": 0.0642477720976,
        "dvar2": 0.14633667469,
        "max": 1,
        "mean": 0.933243751526,
        "median": 1,
        "min": 0,
        "var": 0.0622990392148
    },
    "silence_rate_60dB": {
        "dmean": 0.00985883921385,
        "dmean2": 0.0197220984846,
        "dvar": 0.00976005848497,
        "dvar2": 0.0278496351093,
        "max": 1,
        "mean": 0.0497311837971,
        "median": 0,
        "min": 0,
        "var": 0.0472579412162
    },
    "spectral_centroid": {
        "dmean": 454.764465332,
        "dmean2": 705.300170898,
        "dvar": 256930.609375,
        "dvar2": 610591.75,
        "max": 11644.7949219,
        "mean": 1656.20385742,
        "median": 1551.82592773,
        "min": 231.889312744,
        "var": 713949.0625
    },
    "spectral_complexity": {
        "dmean": 6.98453950882,
        "dmean2": 10.3630657196,
        "dvar": 53.7722930908,
        "dvar2": 110.332809448,
        "max": 61,
        "mean": 21.8147392273,
        "median": 20,
        "min": 0,
        "var": 135.391891479
    },
    "spectral_decrease": {
        "dmean": 4.56028281803e-09,
        "dmean2": 6.62489840764e-09,
        "dvar": 5.41870005067e-17,
        "dvar2": 1.16842477601e-16,
        "max": 8.19912252417e-29,
        "mean": -9.38845179377e-09,
        "median": -6.39900976651e-09,
        "min": -8.03082258471e-08,
        "var": 9.54804787252e-17
    },
    "spectral_energy": {
        "dmean": 0.0193570386618,
        "dmean2": 0.0278999190778,
        "dvar": 0.000819270848297,
        "dvar2": 0.00173736119177,
        "max": 0.310695081949,
        "mean": 0.0388919226825,
        "median": 0.0267303697765,
        "min": 1.02901930592e-20,
        "var": 0.00150674395263
    },
    "spectral_energyband_high": {
        "dmean": 0.00335318897851,
        "dmean2": 0.00566078955308,
        "dvar": 4.83710027765e-05,
        "dvar2": 0.000125169564853,
        "max": 0.0520502626896,
        "mean": 0.00281751924194,
        "median": 0.000596712110564,
        "min": 7.44982931914e-21,
        "var": 3.86852552765e-05
    },
    "spectral_energyband_low": {
        "dmean": 0.013626367785,
        "dmean2": 0.0207368973643,
        "dvar": 0.000701763841789,
        "dvar2": 0.00157990271691,
        "max": 0.270747631788,
        "mean": 0.0217228457332,
        "median": 0.00920358579606,
        "min": 2.3788990432e-23,
        "var": 0.00108863587957
    },
    "spectral_energyband_middle_high": {
        "dmean": 0.00288438657299,
        "dmean2": 0.0046143271029,
        "dvar": 1.48435610754e-05,
        "dvar2": 3.67096108675e-05,
        "max": 0.0426214411855,
        "mean": 0.00494483485818,
        "median": 0.00373160885647,
        "min": 1.22178534663e-21,
        "var": 2.11446513276e-05
    },
    "spectral_energyband_middle_low": {
        "dmean": 0.00453384360299,
        "dmean2": 0.00675644027069,
        "dvar": 5.05360403622e-05,
        "dvar2": 0.000107856867544,
        "max": 0.100423268974,
        "mean": 0.0110369836912,
        "median": 0.00930560659617,
        "min": 2.64092733392e-22,
        "var": 8.60559302964e-05
    },
    "spectral_entropy": {
        "dmean": 0.205100461841,
        "dmean2": 0.300455570221,
        "dvar": 0.0486325658858,
        "dvar2": 0.103804133832,
        "max": 9.80946159363,
        "mean": 7.75835084915,
        "median": 7.72341918945,
        "min": 5.91413164139,
        "var": 0.215369284153
    },
    "spectral_flux": {
        "dmean": 0.0428441315889,
        "dmean2": 0.0648114830256,
        "dvar": 0.00269971904345,
        "dvar2": 0.00591062614694,
        "max": 0.439737170935,
        "mean": 0.100419938564,
        "median": 0.0779421702027,
        "min": 6.56023915746e-11,
        "var": 0.00506354682148
    },
    "spectral_kurtosis": {
        "dmean": 1.82438099384,
        "dmean2": 3.11149477959,
        "dvar": 4.34935617447,
        "dvar2": 13.392490387,
        "max": 30.2364082336,
        "mean": 3.13013672829,
        "median": 2.59393048286,
        "min": -1.24143457413,
        "var": 5.91235685349
    },
    "spectral_rms": {
        "dmean": 0.00136572180782,
        "dmean2": 0.00186865625437,
        "dvar": 2.74740818895e-06,
        "dvar2": 5.36007837582e-06,
        "max": 0.0174102596939,
        "mean": 0.00549486884847,
        "median": 0.00510670244694,
        "min": 3.16847156151e-12,
        "var": 7.74950149207e-06
    },
    "spectral_rolloff": {
        "dmean": 1487.19287109,
        "dmean2": 2568.36962891,
        "dvar": 6196012,
        "dvar2": 14365913,
        "max": 19078.4179688,
        "mean": 2430.3137207,
        "median": 1205.859375,
        "min": 64.599609375,
        "var": 9941778
    },
    "spectral_skewness": {
        "dmean": 0.288127988577,
        "dmean2": 0.465553998947,
        "dvar": 0.0856348797679,
        "dvar2": 0.236557543278,
        "max": 4.27059841156,
        "mean": 1.21932208538,
        "median": 1.1928832531,
        "min": -0.1611661762,
        "var": 0.161887511611
    },
    "spectral_spread": {
        "dmean": 938216.375,
        "dmean2": 1256980.375,
        "dvar": 2.20261436621e+12,
        "dvar2": 3.31525390336e+12,
        "max": 42408404,
        "mean": 5113314,
        "median": 4161709,
        "min": 1603260.5,
        "var": 8.23382559949e+12
    },
    "spectral_strongpeak": {
        "dmean": 0.353427320719,
        "dmean2": 0.602796196938,
        "dvar": 0.351845830679,
        "dvar2": 0.903464078903,
        "max": 10.2716693878,
        "mean": 0.616531789303,
        "median": 0.361248373985,
        "min": 0,
        "var": 0.509483337402
    },
    "zerocrossingrate": {
        "dmean": 0.0209916085005,
        "dmean2": 0.0256054382771,
        "dvar": 0.000666440639179,
        "dvar2": 0.000925849366467,
        "max": 0.8076171875,
        "mean": 0.0816930383444,
        "median": 0.0634765625,
        "min": 0.00390625,
        "var": 0.00536428857595
    },
    "barkbands": {
        "dmean": [0.00148238590918, 0.00996229425073, 0.00329065299593, 0.00177093339153, 0.00125593412668, 0.00126193615142, 0.000802686030511, 0.000755264249165, 0.000617234152742, 0.000592696480453, 0.000281143875327, 0.000509898294695, 0.000405754806707, 0.000292929122224, 0.000409671396483, 0.000233769358601, 0.000350254937075, 0.000248541560723, 0.000446492194897, 0.000449577724794, 0.000473275664262, 0.000291602744255, 0.000324134278344, 0.000614086573478, 0.000936116790399, 0.000423883320764, 9.12795003387e-05],
        "dmean2": [0.00244610267691, 0.0152644328773, 0.00541689433157, 0.00258726254106, 0.00190115428995, 0.00193452450912, 0.00122860469855, 0.00111666636076, 0.000931928865612, 0.00091412011534, 0.000448726903414, 0.000817169842776, 0.000687922874931, 0.000498780689668, 0.0006936135469, 0.000401966943173, 0.000582446577027, 0.000427907594712, 0.000752437685151, 0.000772114726715, 0.00082821038086, 0.000495261978358, 0.00054510316113, 0.00104830379132, 0.00158725737128, 0.000698289251886, 0.000151513886522],
        "dvar": [1.10424016384e-05, 0.000378424912924, 8.33462036098e-05, 1.60628933372e-05, 3.26422491526e-06, 3.43137344316e-06, 1.68769713582e-06, 1.09668803816e-06, 1.06197876448e-06, 1.29824104533e-06, 2.50675753932e-07, 4.96010045481e-07, 4.64414910084e-07, 2.20892999891e-07, 3.92036838548e-07, 1.31259398017e-07, 6.66797859594e-07, 1.63145031706e-07, 8.78145783645e-07, 1.34452420752e-06, 1.31305591822e-06, 3.87508151789e-07, 4.22138555223e-07, 2.73960972663e-06, 6.34731395621e-06, 1.16715568765e-06, 7.46150732311e-08],
        "dvar2": [2.95592180919e-05, 0.0008388045826, 0.000231221696595, 3.40288643201e-05, 7.52372488932e-06, 8.42616009322e-06, 4.35055744674e-06, 2.18103150473e-06, 2.36626146943e-06, 2.90322304863e-06, 6.15600072251e-07, 1.26170834847e-06, 1.22975814065e-06, 5.91668595007e-07, 1.01715113487e-06, 3.56899306553e-07, 1.64130381108e-06, 4.34880377043e-07, 2.30450041272e-06, 3.62150058208e-06, 3.6941696635e-06, 1.03744662283e-06, 1.08227186502e-06, 7.25787504052e-06, 1.66005120263e-05, 2.93720268019e-06, 1.90252890775e-07],
        "max": [0.0417823530734, 0.176544427872, 0.121818847954, 0.0481463298202, 0.022543400526, 0.0214412193745, 0.0147254029289, 0.0142172444612, 0.0158861707896, 0.0392825677991, 0.00726473890245, 0.008115706034, 0.0104140425101, 0.00513886194676, 0.0142176356167, 0.00522216409445, 0.0265892986208, 0.00630068825558, 0.010798308067, 0.0151454331353, 0.0113530373201, 0.00696403207257, 0.00449232943356, 0.0119307413697, 0.0208927039057, 0.00859172549099, 0.00279705878347],
        "mean": [0.00150357908569, 0.0143621284515, 0.00431376509368, 0.00256326398812, 0.00236317957751, 0.00224172277376, 0.00130024645478, 0.00146336120088, 0.000949739245698, 0.000900400162209, 0.00035352728446, 0.000713574059773, 0.000490911595989, 0.000329677946866, 0.000519592314959, 0.000302810425637, 0.000397676485591, 0.000342551153153, 0.000477129797218, 0.000444812700152, 0.000452522188425, 0.000263485475443, 0.000290273746941, 0.000467679928988, 0.000680313503835, 0.00033525613253, 6.87372157699e-05],
        "median": [0.00050230731722, 0.0043960865587, 0.00213052867912, 0.000672015710734, 0.00149176130071, 0.00135966856033, 0.000806585769169, 0.000781855545938, 0.000396555173211, 0.00038753109402, 0.000148771548993, 0.000412172055803, 0.000212279352127, 0.000170696817804, 0.000323364976794, 0.000170406594407, 0.000184291740879, 0.000193959247554, 0.000206121389056, 0.000169377279235, 0.000166621030075, 6.43415260129e-05, 4.35437541455e-05, 2.09047884709e-05, 1.04760465547e-05, 7.24067331248e-06, 2.53091741342e-07],
        "min": [1.74290474805e-24, 1.45261620171e-23, 2.04525501706e-24, 9.67324907809e-24, 2.78028093811e-23, 1.84632926421e-23, 1.84604022558e-23, 2.5824254723e-23, 7.68441272244e-23, 2.27204136493e-23, 3.49518013813e-23, 3.6919327764e-23, 4.07339530236e-23, 8.49957740568e-23, 6.83937608552e-23, 1.14528088397e-22, 9.10274171599e-23, 7.20951719532e-23, 1.97209395045e-22, 2.6843374029e-22, 3.07662846473e-22, 4.09446476739e-22, 5.00206375389e-22, 6.48905368602e-22, 9.6025046632e-22, 1.4800122113e-21, 2.04311692791e-21],
        "var": [9.86054146779e-06, 0.000573466648348, 6.59311263007e-05, 2.46214858635e-05, 6.70414738124e-06, 6.57906821289e-06, 2.27394366448e-06, 3.17293893204e-06, 2.45943806476e-06, 2.89639274342e-06, 3.3471363281e-07, 7.37006246254e-07, 5.39772486263e-07, 2.07300956845e-07, 4.437668224e-07, 1.54815040787e-07, 6.42005659302e-07, 1.9484036784e-07, 7.34453749374e-07, 1.01253033336e-06, 9.05724164113e-07, 3.06678231254e-07, 3.63918161383e-07, 1.97633153221e-06, 4.71585599371e-06, 9.60994611887e-07, 5.8509197487e-08]
    },
    "erbbands": {
        "dmean": [0.426558047533, 1.89552223682, 3.85145354271, 5.49616003036, 3.6418170929, 4.53007125854, 6.94207429886, 11.2809686661, 12.9564628601, 10.9236907959, 18.9100494385, 13.0094175339, 14.5421419144, 19.3392524719, 12.0308456421, 22.376543045, 18.8800506592, 16.7737579346, 20.8725185394, 16.7013778687, 14.76765728, 16.7377815247, 12.9381866455, 14.9748544693, 26.6604747772, 19.6766414642, 21.9671287537, 15.4874992371, 8.99248313904, 12.1076898575, 9.38676452637, 10.4180212021, 11.1189041138, 9.15176868439, 7.63983631134, 2.47776293755, 0.665240466595, 0.160674765706, 0.0160772446543, 0.000269862706773],
        "dmean2": [0.655641198158, 2.93547701836, 6.26249885559, 8.32437324524, 5.58238935471, 6.78571176529, 10.9547986984, 16.9946327209, 19.0600624084, 17.1589832306, 27.6438426971, 19.9257488251, 22.6383743286, 29.2544670105, 19.0226783752, 35.7018356323, 31.6689510345, 28.7495822906, 35.4321136475, 28.0169620514, 25.0453720093, 27.3990097046, 22.2255458832, 25.1388397217, 45.248260498, 33.9802513123, 38.9612922668, 26.583984375, 14.974729538, 20.7868671417, 15.8674383163, 17.5914020538, 19.0491523743, 15.6275777817, 13.0379152298, 4.10941934586, 1.08781695366, 0.264043927193, 0.0266964007169, 0.000439357245341],
        "dvar": [0.837770760059, 14.9888944626, 102.413818359, 191.766784668, 55.2659187317, 42.0645637512, 143.948577881, 271.622131348, 356.935638428, 351.310638428, 714.482849121, 418.407165527, 592.577880859, 1583.98352051, 344.277954102, 994.975585938, 1028.14660645, 763.232788086, 968.283874512, 936.803710938, 827.981750488, 1057.29443359, 394.805969238, 606.713989258, 3827.078125, 2595.62866211, 2654.99780273, 969.524291992, 307.413208008, 896.090942383, 395.289611816, 714.649536133, 886.443054199, 610.045715332, 438.437164307, 41.2396087646, 2.76902031898, 0.186624795198, 0.00234665395692, 5.33639706646e-07],
        "dvar2": [1.8116966486, 36.5159111023, 281.303741455, 450.144470215, 126.461227417, 99.3031311035, 349.25881958, 646.311828613, 841.921813965, 903.481262207, 1393.7409668, 969.845703125, 1428.6940918, 3463.51123047, 841.977478027, 2533.04296875, 2717.43945312, 2028.58874512, 2563.77734375, 2308.91992188, 2055.63916016, 2601.00634766, 1052.24121094, 1546.79162598, 10239.3564453, 6981.30810547, 7416.24316406, 2646.16821289, 795.154968262, 2461.45776367, 1028.20837402, 1875.4206543, 2351.02368164, 1609.20861816, 1156.47888184, 104.680519104, 6.85389661789, 0.471586495638, 0.00602085329592, 1.3584132148e-06],
        "max": [9.18228912354, 45.4307556152, 129.108444214, 186.465377808, 111.912277222, 83.9772109985, 149.054595947, 229.94732666, 257.471893311, 214.43006897, 387.98425293, 387.20111084, 379.805206299, 1456.21154785, 260.96697998, 371.262695312, 521.99609375, 300.972839355, 434.388824463, 1044.37731934, 966.838806152, 661.422485352, 291.018981934, 301.681304932, 726.944946289, 967.522827148, 442.613464355, 270.579376221, 183.73588562, 429.523254395, 139.463119507, 205.961990356, 219.768035889, 197.245986938, 177.938827515, 54.6488990784, 15.5382232666, 3.13642454147, 0.509777843952, 0.0068223932758],
        "mean": [0.537328839302, 2.70887351036, 5.32866382599, 7.646068573, 6.25687026978, 8.45302772522, 10.8096351624, 19.8333187103, 23.811372757, 16.5710926056, 36.8640708923, 21.5395565033, 22.733045578, 30.40259552, 17.4699611664, 31.9627685547, 24.6279830933, 19.228219986, 26.1427154541, 21.275188446, 19.3339538574, 20.1502780914, 18.2036476135, 19.3043384552, 26.9871025085, 20.2348499298, 20.3090515137, 15.2287607193, 8.44932365417, 10.3674259186, 8.18647098541, 8.53611660004, 8.21254348755, 6.65540885925, 5.43869543076, 1.91070401669, 0.537164330482, 0.124583803117, 0.0120723694563, 0.000237165280851],
        "median": [0.106710352004, 1.00088644028, 2.95158576965, 2.72047114372, 3.55587053299, 4.62332248688, 6.30886077881, 11.0316934586, 15.3944168091, 10.4151964188, 19.1698303223, 11.995880127, 10.3438692093, 12.5047626495, 10.2459201813, 19.0339336395, 11.637430191, 10.4537239075, 16.2761955261, 12.6772937775, 10.652630806, 9.79222297668, 11.2086315155, 10.218536377, 10.7594356537, 8.39661598206, 7.1574678421, 5.63707304001, 2.26314687729, 1.75107908249, 1.17938065529, 0.68693447113, 0.27324950695, 0.128623783588, 0.0519097112119, 0.0334349051118, 0.010593989864, 0.00179018592462, 7.75622102083e-05, 4.53055254184e-05],
        "min": [3.24199112852e-22, 3.37597106271e-21, 2.79680589538e-21, 2.18697215865e-20, 3.80459557857e-20, 9.98963278313e-20, 1.31586638149e-19, 1.4081245494e-19, 2.98966570476e-19, 3.22667182031e-19, 6.6639433076e-19, 1.51641396871e-18, 1.38888598271e-18, 9.8362890072e-19, 1.8871031729e-18, 1.40251285272e-18, 2.11805406788e-18, 3.01283725676e-18, 3.22677863001e-18, 5.57396110718e-18, 6.70633662418e-18, 5.87626212026e-18, 4.3445841877e-18, 9.30117532239e-18, 1.00128724224e-17, 1.28148375596e-17, 1.01834726335e-17, 1.44418753547e-17, 1.36113355617e-17, 1.43683026023e-17, 1.50024738538e-17, 1.42875052545e-17, 1.17336976098e-17, 8.1799096682e-18, 8.63979810054e-18, 5.05397014512e-18, 2.78291537447e-18, 1.23469041754e-18, 2.65157579191e-19, 2.93210485549e-20],
        "var": [1.12465560436, 19.8582191467, 84.6725158691, 225.030715942, 79.0845794678, 108.120124817, 195.301986694, 597.549255371, 733.354797363, 402.394195557, 2113.60717773, 762.137451172, 1306.79968262, 3700.29833984, 495.777832031, 1434.9642334, 1283.65539551, 682.250793457, 1061.28369141, 1036.90234375, 967.575073242, 1078.22753906, 472.385467529, 688.589172363, 2933.41552734, 1974.55358887, 1822.26184082, 767.656677246, 270.607543945, 641.087463379, 320.138000488, 536.90045166, 638.856567383, 445.045593262, 318.330841064, 33.1710586548, 2.34969449043, 0.151795998216, 0.00181888870429, 4.30446220889e-07]
    },
    "gfcc": {
        "mean": [-8.7338180542, 92.2982788086, -116.639648438, 38.6791915894, -53.9366645813, 8.77173423767, -23.9910869598, 7.21028184891, -16.7436485291, 7.43412590027, -9.79609489441, 0.163588106632, -9.34738922119],
        "cov": [[30738.7714844, 1176.84741211, 1083.95300293, 710.773803711, -391.63079834, 901.90826416, -481.02230835, 654.478210449, -461.495483398, 252.891769409, -528.602050781, -3.25641107559, -442.729095459], [1176.84741211, 3906.87109375, -1168.93444824, 716.902160645, 284.131347656, -426.233795166, 733.163818359, -492.687530518, 348.783294678, -356.093414307, 299.927032471, -339.236206055, 305.927978516], [1083.95300293, -1168.93444824, 1787.51977539, -104.653511047, 171.37562561, 348.363220215, -189.199859619, 267.267089844, -184.723526001, 159.782073975, -183.548797607, 143.182479858, -160.611572266], [710.773803711, 716.902160645, -104.653511047, 411.614562988, 62.6331710815, -73.5837860107, 158.199035645, -94.3969497681, 45.6164054871, -79.2728271484, 36.8193092346, -73.8469161987, 40.6641921997], [-391.63079834, 284.131347656, 171.37562561, 62.6331710815, 260.687805176, 30.9561386108, 100.623077393, -14.6613082886, 27.2782478333, -13.8811416626, 1.15535187721, -16.5987968445, 25.3102073669], [901.90826416, -426.233795166, 348.363220215, -73.5837860107, 30.9561386108, 226.267745972, -71.7238998413, 118.078788757, -54.3132247925, 46.6372184753, -65.8004837036, 42.5151329041, -57.3354682922], [-481.02230835, 733.163818359, -189.199859619, 158.199035645, 100.623077393, -71.7238998413, 259.864654541, -100.972557068, 85.6097183228, -78.310836792, 58.7466125488, -67.2587661743, 76.5795974731], [654.478210449, -492.687530518, 267.267089844, -94.3969497681, -14.6613082886, 118.078788757, -100.972557068, 178.760528564, -52.4696426392, 71.0980987549, -71.6050033569, 44.493560791, -57.7524490356], [-461.495483398, 348.783294678, -184.723526001, 45.6164054871, 27.2782478333, -54.3132247925, 85.6097183228, -52.4696426392, 122.743850708, -35.2019386292, 58.7614326477, -41.5793685913, 26.9673309326], [252.891769409, -356.093414307, 159.782073975, -79.2728271484, -13.8811416626, 46.6372184753, -78.310836792, 71.0980987549, -35.2019386292, 110.51524353, -27.1870422363, 47.5735397339, -35.0506668091], [-528.602050781, 299.927032471, -183.548797607, 36.8193092346, 1.15535187721, -65.8004837036, 58.7466125488, -71.6050033569, 58.7614326477, -27.1870422363, 115.977622986, -20.9626083374, 36.6314239502], [-3.25641107559, -339.236206055, 143.182479858, -73.8469161987, -16.5987968445, 42.5151329041, -67.2587661743, 44.493560791, -41.5793685913, 47.5735397339, -20.9626083374, 103.449035645, -14.2384872437], [-442.729095459, 305.927978516, -160.611572266, 40.6641921997, 25.3102073669, -57.3354682922, 76.5795974731, -57.7524490356, 26.9673309326, -35.0506668091, 36.6314239502, -14.2384872437, 109.421455383]],
        "icov": [[8.00036868895e-05, -0.000219973866479, 5.04138506585e-06, -0.000149510917254, 0.000249030184932, -0.000387105945265, 0.000308006739942, -0.000192555075046, 0.00020301186305, -0.000245921954047, 0.000254383776337, -7.66367375036e-05, 0.00020010744629], [-0.000219973866479, 0.00156033737585, 0.000154241904966, -0.000224457748118, -0.00111080333591, 0.00130092375912, -0.00191052188165, 0.000926388835069, -0.000895824050531, 0.00111218565144, -0.00118086836301, 0.00112604419701, -0.00105917442124], [5.04138506585e-06, 0.000154241904966, 0.00113615684677, -0.000348796456819, -0.000909847731236, -0.000762417446822, -6.96911592968e-05, -0.000325588451233, 0.00067894073436, -0.000352700328222, 0.000222312126425, -0.000482967239805, 0.000656771124341], [-0.000149510917254, -0.000224457748118, -0.000348796456819, 0.0042183031328, -0.000243514034082, 0.00108313758392, -0.00151708268095, 0.000668637396302, 0.000378135009669, 0.00106710661203, -0.000126434882986, 0.000680401164573, 0.000361025420716], [0.000249030184932, -0.00111080333591, -0.000909847731236, -0.000243514034082, 0.00659518269822, -0.00220724148676, -0.000797646527644, -0.000129575069877, -0.000276229518931, -0.00142851332203, 0.00149086781312, -0.000232224512729, -0.000242821290158], [-0.000387105945265, 0.00130092375912, -0.000762417446822, 0.00108313758392, -0.00220724148676, 0.0102494237944, -0.00200019497424, -0.00267281476408, -0.000424876227044, 0.00243888422847, -0.000792447244748, -4.796803114e-05, 0.000290176598355], [0.000308006739942, -0.00191052188165, -6.96911592968e-05, -0.00151708268095, -0.000797646527644, -0.00200019497424, 0.0112283248454, -8.64886023919e-05, -0.00172119471245, 0.000110827379103, 0.0012909155339, 7.70849510445e-05, -0.00168061663862], [-0.000192555075046, 0.000926388835069, -0.000325588451233, 0.000668637396302, -0.000129575069877, -0.00267281476408, -8.64886023919e-05, 0.0131565835327, -0.00159347150475, -0.00312950229272, 0.00282858172432, 0.000704531325027, 7.34483110136e-05], [0.00020301186305, -0.000895824050531, 0.00067894073436, 0.000378135009669, -0.000276229518931, -0.000424876227044, -0.00172119471245, -0.00159347150475, 0.0146224908531, -0.000472128391266, -0.00406996393576, 0.00166958919726, 0.00221164664254], [-0.000245921954047, 0.00111218565144, -0.000352700328222, 0.00106710661203, -0.00142851332203, 0.00243888422847, 0.000110827379103, -0.00312950229272, -0.000472128391266, 0.0160578526556, -0.00214665965177, -0.00286941090599, 0.000465633900603], [0.000254383776337, -0.00118086836301, 0.000222312126425, -0.000126434882986, 0.00149086781312, -0.000792447244748, 0.0012909155339, 0.00282858172432, -0.00406996393576, -0.00214665965177, 0.0152594363317, -0.00169734470546, -0.000480408692965], [-7.66367375036e-05, 0.00112604419701, -0.000482967239805, 0.000680401164573, -0.000232224512729, -4.796803114e-05, 7.70849510445e-05, 0.000704531325027, 0.00166958919726, -0.00286941090599, -0.00169734470546, 0.0154991503805, -0.00281920679845], [0.00020010744629, -0.00105917442124, 0.000656771124341, 0.000361025420716, -0.000242821290158, 0.000290176598355, -0.00168061663862, 7.34483110136e-05, 0.00221164664254, 0.000465633900603, -0.000480408692965, -0.00281920679845, 0.0145610393956]]
    },
    "melbands": {
        "dmean": [0.00316517823376, 0.00211284961551, 0.000844566267915, 0.000283661531284, 0.000223277544137, 0.000252692349022, 0.000195601955056, 0.000116812159831, 0.0001502486557, 8.33801095723e-05, 7.4427225627e-05, 8.32559962873e-05, 4.05840510211e-05, 5.93886616116e-05, 4.52483764093e-05, 3.69954759663e-05, 3.12812262564e-05, 3.25462679029e-05, 2.37871809077e-05, 1.96554665308e-05, 1.84385844477e-05, 1.97317294806e-05, 1.38716732181e-05, 1.31639562824e-05, 1.1501229892e-05, 2.01661496249e-05, 1.61506377481e-05, 1.32967388708e-05, 1.32571740323e-05, 1.55197103595e-05, 7.22557479094e-06, 4.82131235913e-06, 5.8055475165e-06, 6.75808405504e-06, 4.87014722239e-06, 6.13420070295e-06, 6.51611117064e-06, 6.55394751448e-06, 9.72903217189e-06, 7.03712839822e-06],
        "dmean2": [0.00483741797507, 0.00333660515025, 0.00127207068726, 0.000426453450928, 0.000351591676008, 0.000380703801056, 0.000288841110887, 0.000182317293365, 0.000220773508772, 0.000126537779579, 0.000115769682452, 0.000125706690596, 6.45003165118e-05, 9.57833835855e-05, 7.39746610634e-05, 6.25042448519e-05, 5.37865671504e-05, 5.53544559807e-05, 4.00116259698e-05, 3.34413489327e-05, 3.13358468702e-05, 3.23607819155e-05, 2.39476939896e-05, 2.26457104873e-05, 1.93562900677e-05, 3.40339865943e-05, 2.72740835499e-05, 2.3295840947e-05, 2.3437281925e-05, 2.80380681943e-05, 1.22179681057e-05, 8.04527644505e-06, 9.91953129414e-06, 1.1592640476e-05, 8.23202753963e-06, 1.05187464214e-05, 1.09765442176e-05, 1.10755499918e-05, 1.71483752638e-05, 1.18108237075e-05],
        "dvar": [4.10141328757e-05, 2.40644858422e-05, 4.13898987972e-06, 1.93130944126e-07, 1.29557847117e-07, 1.36116270255e-07, 8.17071850179e-08, 3.55584717227e-08, 4.35637801388e-08, 1.82078849775e-08, 1.53651118495e-08, 3.09581267288e-08, 5.01296515409e-09, 6.82764866866e-09, 4.10734690703e-09, 3.44008266318e-09, 2.78551137711e-09, 2.31790830973e-09, 1.28618815598e-09, 1.24143118008e-09, 2.05238093187e-09, 1.89086279967e-09, 6.80253575691e-10, 4.60183113837e-10, 3.8814632064e-10, 1.99234473364e-09, 1.32840338729e-09, 1.57358270858e-09, 1.23681509479e-09, 2.36344699367e-09, 2.12310405368e-10, 9.70179908633e-11, 1.80810477701e-10, 2.70808514502e-10, 1.04223511765e-10, 2.14678039234e-10, 2.96807883826e-10, 3.07843361913e-10, 7.32253202518e-10, 3.54106716172e-10],
        "dvar2": [8.91827658052e-05, 6.29772330285e-05, 9.56402345764e-06, 4.3798215188e-07, 3.10275709126e-07, 3.25388157307e-07, 1.9711104926e-07, 8.93175879924e-08, 8.71910614819e-08, 4.14186303033e-08, 3.68298813669e-08, 6.73907862847e-08, 1.23708190358e-08, 1.73946208548e-08, 1.08879474325e-08, 8.99791796627e-09, 7.44747241654e-09, 6.09037753563e-09, 3.26579607801e-09, 3.17140913531e-09, 4.98731145271e-09, 4.58825955008e-09, 1.87096449444e-09, 1.23421817211e-09, 9.89169524068e-10, 5.21521537067e-09, 3.4853788744e-09, 4.31134594692e-09, 3.42713657453e-09, 6.73869182677e-09, 5.72477010241e-10, 2.52913717746e-10, 4.85263607075e-10, 7.42435279921e-10, 2.69485184168e-10, 5.72526859255e-10, 7.74465935827e-10, 8.07590438967e-10, 1.99171790172e-09, 9.17968590031e-10],
        "max": [0.0579142719507, 0.0640731006861, 0.0264398921281, 0.00568139646202, 0.00407149503008, 0.00481086596847, 0.00353614590131, 0.00224825413898, 0.00293564843014, 0.00212039635517, 0.00194569362793, 0.00647227140144, 0.00099932285957, 0.00106227467768, 0.000818525091745, 0.000790982914623, 0.000613823998719, 0.000572820601519, 0.000919385580346, 0.000960337696597, 0.00172406458296, 0.00110214878805, 0.000319497543387, 0.000389977329178, 0.000228931836318, 0.000588487484492, 0.000435496534919, 0.000721604097635, 0.00039580851444, 0.000509504461661, 0.000238397304201, 0.000123558347696, 0.000180445626029, 0.00022269958572, 7.17527145753e-05, 0.00011714293214, 0.000128833096824, 0.000126768863993, 0.000209855279536, 0.000161057163496],
        "mean": [0.00434261187911, 0.00307488883846, 0.00124119536486, 0.000530177901965, 0.000368380831787, 0.000447738537332, 0.000354710296961, 0.000188260833966, 0.00028839361039, 0.000128933999804, 0.000115281742183, 0.000128891071654, 5.38358217455e-05, 8.30258941278e-05, 6.22538282187e-05, 4.58659087599e-05, 3.36039483955e-05, 3.98008014599e-05, 3.1268427847e-05, 2.40471072175e-05, 2.28923981922e-05, 2.20761121454e-05, 1.64273933478e-05, 1.79254748218e-05, 1.43246070365e-05, 2.05318174267e-05, 1.59611809067e-05, 1.32367058541e-05, 1.21096618386e-05, 1.34776873892e-05, 7.42004158383e-06, 4.55509643871e-06, 5.02569855598e-06, 5.76602633373e-06, 4.29635474575e-06, 5.12260885444e-06, 5.26319854544e-06, 5.03414548803e-06, 6.68116217639e-06, 5.26261692357e-06],
        "median": [0.00111889117397, 0.00169279100373, 0.000503610004671, 0.000322595995385, 0.000213369610719, 0.000250269979006, 0.000234727107454, 0.000118847288832, 0.000157724658493, 5.78341496293e-05, 5.1251379773e-05, 4.90513593832e-05, 2.55316554103e-05, 4.78722213302e-05, 4.02093901357e-05, 2.34899016505e-05, 1.665412492e-05, 2.42620881181e-05, 2.01361963263e-05, 1.40671982081e-05, 1.19418200484e-05, 9.46049749473e-06, 7.89345722296e-06, 9.97894767352e-06, 6.90085244059e-06, 7.89981640992e-06, 5.86849273532e-06, 5.00850364915e-06, 4.13960060541e-06, 4.15711156165e-06, 2.62121875494e-06, 1.23112283745e-06, 9.36850028666e-07, 8.60803766045e-07, 6.03375724495e-07, 5.99391569267e-07, 2.69692321808e-07, 1.75442892214e-07, 1.41314089319e-07, 8.47401935289e-08],
        "min": [3.51200086143e-24, 2.58090715171e-24, 3.83416416095e-24, 5.53626093715e-24, 4.12496195644e-24, 3.2360379897e-24, 4.13643436058e-24, 4.29266116312e-24, 5.57421974062e-24, 1.05473006502e-23, 6.86242723226e-24, 3.23741257982e-24, 5.3083314115e-24, 4.48533728377e-24, 4.15127322864e-24, 4.09565656267e-24, 5.21385348519e-24, 4.8562971523e-24, 5.08361018315e-24, 6.61487084729e-24, 7.53235000108e-24, 5.73429578994e-24, 4.54436616759e-24, 3.37500767106e-24, 7.19681117049e-24, 7.29234617042e-24, 7.53546442394e-24, 7.91758391326e-24, 6.10592658466e-24, 6.41829893705e-24, 9.12417348907e-24, 6.76363187021e-24, 9.40679789672e-24, 8.07351410409e-24, 7.25732074622e-24, 6.58638350228e-24, 7.62026460466e-24, 7.99438188896e-24, 6.76151220096e-24, 6.94168329855e-24],
        "var": [5.92777869315e-05, 2.41781453951e-05, 5.15526699019e-06, 4.08761735571e-07, 1.97994850737e-07, 2.99533809311e-07, 1.54620252601e-07, 4.62682763214e-08, 1.235346474e-07, 3.82100289187e-08, 3.459384601e-08, 7.2699158693e-08, 6.93238444427e-09, 1.01702228861e-08, 5.07560926621e-09, 3.91490662111e-09, 2.41622766239e-09, 2.50952969516e-09, 1.52548240706e-09, 1.28622146267e-09, 2.23079887895e-09, 1.86255166845e-09, 6.2982036253e-10, 5.7960369837e-10, 4.33529684374e-10, 1.63921221041e-09, 1.0700835773e-09, 1.12051457002e-09, 8.48638159745e-10, 1.46530010348e-09, 1.83490639349e-10, 8.33119476185e-11, 1.39638217656e-10, 1.95236812828e-10, 8.62837717941e-11, 1.59447580139e-10, 2.23431467772e-10, 2.29459992673e-10, 4.89802365333e-10, 2.70119870915e-10]
    },
    "mfcc": {
        "mean": [-638.83605957, 119.21005249, -2.55221247673, 32.4763717651, -3.95209980011, 8.8978433609, 2.3083562851, 2.5734140873, 0.944348633289, 6.17381858826, 1.6425306797, 5.6195526123, 2.66528558731],
        "cov": [[12971.8808594, 725.377197266, 605.614624023, 50.3434867859, 401.530548096, 104.055732727, 159.196105957, 121.070510864, 81.3255844116, 180.182830811, 94.9379577637, 27.1286563873, -49.3017082214], [725.377197266, 2504.52075195, -559.507995605, 735.377319336, -198.080856323, 281.128234863, 113.657104492, 76.2415084839, 66.0904388428, 36.7733535767, -25.2765579224, 35.9908065796, 32.5985450745], [605.614624023, -559.507995605, 1055.50952148, -144.117599487, 308.404907227, -13.8094940186, 100.373939514, 24.4447898865, 27.4890441895, 0.656128704548, 26.341129303, -21.9216537476, -29.9012050629], [50.3434867859, 735.377319336, -144.117599487, 524.864807129, -72.0094299316, 117.93914032, 47.5850868225, 16.1737823486, 14.1191272736, 2.53403306007, -26.9886417389, 12.5212717056, -4.86075878143], [401.530548096, -198.080856323, 308.404907227, -72.0094299316, 237.965545654, 14.6098165512, 46.8280334473, 15.9274148941, 25.0604171753, 11.5508613586, 15.589758873, -12.7806224823, -13.7421751022], [104.055732727, 281.128234863, -13.8094940186, 117.93914032, 14.6098165512, 130.355636597, 45.1967773438, 29.8962726593, 17.3993625641, -4.58178949356, -2.3483402729, 4.03270721436, 3.08628416061], [159.196105957, 113.657104492, 100.373939514, 47.5850868225, 46.8280334473, 45.1967773438, 110.235588074, 21.8049964905, 36.9820556641, -2.52300953865, -6.77244186401, -1.20635890961, -17.8187599182], [121.070510864, 76.2415084839, 24.4447898865, 16.1737823486, 15.9274148941, 29.8962726593, 21.8049964905, 85.0909042358, 16.0677051544, 16.1746196747, -0.678236782551, -7.27023410797, 0.776747405529], [81.3255844116, 66.0904388428, 27.4890441895, 14.1191272736, 25.0604171753, 17.3993625641, 36.9820556641, 16.0677051544, 100.32938385, 1.68272042274, -1.93938875198, -0.815634191036, -24.8727149963], [180.182830811, 36.7733535767, 0.656128704548, 2.53403306007, 11.5508613586, -4.58178949356, -2.52300953865, 16.1746196747, 1.68272042274, 84.416885376, 16.3781852722, -2.28043985367, -2.62364149094], [94.9379577637, -25.2765579224, 26.341129303, -26.9886417389, 15.589758873, -2.3483402729, -6.77244186401, -0.678236782551, -1.93938875198, 16.3781852722, 62.8033676147, 8.93844223022, 12.845788002], [27.1286563873, 35.9908065796, -21.9216537476, 12.5212717056, -12.7806224823, 4.03270721436, -1.20635890961, -7.27023410797, -0.815634191036, -2.28043985367, 8.93844223022, 56.8967781067, 16.5195426941], [-49.3017082214, 32.5985450745, -29.9012050629, -4.86075878143, -13.7421751022, 3.08628416061, -17.8187599182, 0.776747405529, -24.8727149963, -2.62364149094, 12.845788002, 16.5195426941, 67.5068740845]],
