{
"lowlevel": {
    "average_loudness": 0.977650702,
    "barkbands_crest": {
        "dmean": 2.90975475311,
        "dmean2": 4.90870380402,
        "dvar": 11.5074853897,
        "dvar2": 29.4527397156,
        "max": 26.9370422363,
        "mean": 10.8736057281,
        "median": 9.77928733826,
        "min": 1.75853669643,
        "var": 23.2998504639
    },
    "barkbands_flatness_db": {
        "dmean": 0.0351758152246,
        "dmean2": 0.0568119995296,
        "dvar": 0.0051891207695,
        "dvar2": 0.0104979388416,
        "max": 0.908643901348,
        "mean": 0.107894472778,
        "median": 0.0859760344028,
        "min": 0.00837194640189,
        "var": 0.00978646613657
    },
    "barkbands_kurtosis": {
        "dmean": 330.303283691,
        "dmean2": 580.781066895,
        "dvar": 7213576.5,
        "dvar2": 17684146,
        "max": 39152.8867188,
        "mean": 262.526916504,
        "median": 1.50836706161,
        "min": -1.82848417759,
        "var": 6049715.5
    },
    "barkbands_skewness": {
        "dmean": 1.95293736458,
        "dmean2": 3.33634281158,
        "dvar": 117.884773254,
        "dvar2": 283.183898926,
        "max": 156.377227783,
        "mean": 2.86429262161,
        "median": 1.44642460346,
        "min": -1.99206316471,
        "var": 109.768325806
    },
    "barkbands_spread": {
        "dmean": 8.43757152557,
        "dmean2": 12.7926893234,
        "dvar": 103.129402161,
        "dvar2": 227.348327637,
        "max": 128.404647827,
        "mean": 32.8675880432,
        "median": 30.7296829224,
        "min": 0.0032466603443,
        "var": 274.19720459
    },
    "dissonance": {
        "dmean": 0.0217828974128,
        "dmean2": 0.0365339294076,
        "dvar": 0.000607227731962,
        "dvar2": 0.0015741122188,
        "max": 0.500000178814,
        "mean": 0.460437983274,
        "median": 0.468063294888,
        "min": 0.0250849854201,
        "var": 0.000974475755356
    },
    "dynamic_complexity": 1.53816998005,
    "erbbands_crest": {
        "dmean": 2.45160889626,
        "dmean2": 3.99963188171,
        "dvar": 13.240187645,
        "dvar2": 30.503862381,
        "max": 35.0653114319,
        "mean": 7.24785423279,
        "median": 6.09253168106,
        "min": 1.77380132675,
        "var": 20.8689346313
    },
    "erbbands_flatness_db": {
        "dmean": 0.018243605271,
        "dmean2": 0.0281857382506,
        "dvar": 0.000689161533955,
        "dvar2": 0.00148902484216,
        "max": 0.574460744858,
        "mean": 0.104611054063,
        "median": 0.0965822935104,
        "min": 0.0332804583013,
        "var": 0.00167520379182
    },
    "erbbands_kurtosis": {
        "dmean": 0.940048694611,
        "dmean2": 1.61454200745,
        "dvar": 27.1859092712,
        "dvar2": 70.8011322021,
        "max": 99.6116409302,
        "mean": 0.154114037752,
        "median": -0.368740081787,
        "min": -1.69587564468,
        "var": 22.2140274048
    },
    "erbbands_skewness": {
        "dmean": 0.328174710274,
        "dmean2": 0.514201164246,
        "dvar": 0.387220084667,
        "dvar2": 0.95444381237,
        "max": 9.16986846924,
        "mean": 0.38881328702,
        "median": 0.345199346542,
        "min": -1.13522672653,
        "var": 0.495924860239
    },
    "erbbands_spread": {
        "dmean": 8.37442874908,
        "dmean2": 12.8293638229,
        "dvar": 106.562561035,
        "dvar2": 288.430877686,
        "max": 158.021957397,
        "mean": 50.173500061,
        "median": 49.2796554565,
        "min": 6.40116882324,
        "var": 258.311157227
    },
    "hfc": {
        "dmean": 17.4333095551,
        "dmean2": 25.2105617523,
        "dvar": 472.059692383,
        "dvar2": 1058.95153809,
        "max": 257.145111084,
        "mean": 43.4728736877,
        "median": 38.1352462769,
        "min": 1.17986924992e-16,
        "var": 928.465942383
    },
    "melbands_crest": {
        "dmean": 3.86833095551,
        "dmean2": 6.50710010529,
        "dvar": 20.4082813263,
        "dvar2": 47.7820777893,
        "max": 39.9987449646,
        "mean": 17.5081596375,
        "median": 17.2353610992,
        "min": 1.66124212742,
        "var": 37.5616607666
    },
    "melbands_flatness_db": {
        "dmean": 0.0340812727809,
        "dmean2": 0.0535527542233,
        "dvar": 0.00412942888215,
        "dvar2": 0.00836726929992,
        "max": 0.918356955051,
        "mean": 0.177460610867,
        "median": 0.162184089422,
        "min": 0.00186783773825,
        "var": 0.00856566987932
    },
    "melbands_kurtosis": {
        "dmean": 2887.28076172,
        "dmean2": 5090.3125,
        "dvar": 741462912,
        "dvar2": 1955203840,
        "max": 508832.125,
        "mean": 2007.90563965,
        "median": 9.65933799744,
        "min": -1.65186595917,
        "var": 557580800
    },
    "melbands_skewness": {
        "dmean": 5.36056995392,
        "dmean2": 8.96823501587,
        "dvar": 1418.51794434,
        "dvar2": 3397.81933594,
        "max": 626.088500977,
        "mean": 6.69603729248,
        "median": 2.75685858727,
        "min": -1.83016896248,
        "var": 1289.46569824
    },
    "melbands_spread": {
        "dmean": 8.43851184845,
        "dmean2": 13.5107736588,
        "dvar": 150.666793823,
        "dvar2": 349.855865479,
        "max": 175.062133789,
        "mean": 26.1410961151,
        "median": 23.8198699951,
        "min": 0.000651374459267,
        "var": 318.637634277
    },
    "pitch_salience": {
        "dmean": 0.0859054997563,
        "dmean2": 0.144223421812,
        "dvar": 0.00988686643541,
        "dvar2": 0.0245084632188,
        "max": 0.964904069901,
        "mean": 0.49073651433,
        "median": 0.485196083784,
        "min": 0.000961792364251,
        "var": 0.0161074642092
    },
    "silence_rate_20dB": {
        "dmean": 0,
        "dmean2": 0,
        "dvar": 0,
        "dvar2": 0,
        "max": 1,
        "mean": 1,
        "median": 1,
        "min": 1,
        "var": 0
    },
    "silence_rate_30dB": {
        "dmean": 0.00183438160457,
        "dmean2": 0.00366924377158,
        "dvar": 0.00183143350296,
        "dvar2": 0.00496724341065,
        "max": 1,
        "mean": 0.998427867889,
        "median": 1,
        "min": 0,
        "var": 0.00156984489877
    },
    "silence_rate_60dB": {
        "dmean": 0.0251572318375,
        "dmean2": 0.0503210574389,
        "dvar": 0.0245204325765,
        "dvar2": 0.0514586977661,
        "max": 1,
        "mean": 0.030394339934,
        "median": 0,
        "min": 0,
        "var": 0.0294756088406
    },
    "spectral_centroid": {
        "dmean": 301.841430664,
        "dmean2": 467.315093994,
        "dvar": 144755.21875,
        "dvar2": 314085.78125,
        "max": 11364.4541016,
        "mean": 1558.1315918,
        "median": 1509.15270996,
        "min": 135.569061279,
        "var": 361596.90625
    },
    "spectral_complexity": {
        "dmean": 7.1286687851,
        "dmean2": 10.2209405899,
        "dvar": 55.7030334473,
        "dvar2": 111.021728516,
        "max": 58,
        "mean": 23.980348587,
        "median": 24,
        "min": 0,
        "var": 143.235595703
    },
    "spectral_decrease": {
        "dmean": 3.66731445212e-09,
        "dmean2": 6.04566929852e-09,
        "dvar": 1.77057050587e-17,
        "dvar2": 4.17054042374e-17,
        "max": 1.53243741966e-28,
        "mean": -1.02972572691e-08,
        "median": -1.04646105115e-08,
        "min": -3.37968657504e-08,
        "var": 3.07379620793e-17
    },
    "spectral_energy": {
        "dmean": 0.0150473676622,
        "dmean2": 0.0246293470263,
        "dvar": 0.000289322779281,
        "dvar2": 0.000683394260705,
        "max": 0.133032768965,
        "mean": 0.0428074300289,
        "median": 0.0437492765486,
        "min": 1.07535386025e-20,
        "var": 0.000498800014611
    },
    "spectral_energyband_high": {
        "dmean": 0.00136542948894,
        "dmean2": 0.00190113077406,
        "dvar": 3.44698469235e-06,
        "dvar2": 7.51552943257e-06,
        "max": 0.022407732904,
        "mean": 0.00293335132301,
        "median": 0.00207521230914,
        "min": 7.81481630208e-21,
        "var": 7.01844510331e-06
    },
    "spectral_energyband_low": {
        "dmean": 0.00803743023425,
        "dmean2": 0.0129858981818,
        "dvar": 8.52792218211e-05,
        "dvar2": 0.000177386857104,
        "max": 0.103042677045,
        "mean": 0.0186399314553,
        "median": 0.01859023422,
        "min": 5.54629422235e-23,
        "var": 0.000217101929593
    },
    "spectral_energyband_middle_high": {
        "dmean": 0.0028827607166,
        "dmean2": 0.00461113173515,
        "dvar": 1.15844031825e-05,
        "dvar2": 2.77254148386e-05,
        "max": 0.0396723076701,
        "mean": 0.00726815033704,
        "median": 0.00658962270245,
        "min": 1.55099949438e-21,
        "var": 2.52540357906e-05
    },
    "spectral_energyband_middle_low": {
        "dmean": 0.00723140127957,
        "dmean2": 0.0116538600996,
        "dvar": 8.59815118019e-05,
        "dvar2": 0.000208600991755,
        "max": 0.107383221388,
        "mean": 0.0153999505565,
        "median": 0.0123547287658,
        "min": 2.38554365016e-22,
        "var": 0.000151459593326
    },
    "spectral_entropy": {
        "dmean": 0.226588442922,
        "dmean2": 0.338303774595,
        "dvar": 0.083742827177,
        "dvar2": 0.173822909594,
        "max": 9.81452560425,
        "mean": 7.8791308403,
        "median": 7.96066236496,
        "min": 3.13054466248,
        "var": 0.233688101172
    },
    "spectral_flux": {
        "dmean": 0.0474106185138,
        "dmean2": 0.0769885256886,
        "dvar": 0.00221809116192,
        "dvar2": 0.00508381193504,
        "max": 0.333538711071,
        "mean": 0.112713359296,
        "median": 0.105415090919,
        "min": 6.85923540189e-11,
        "var": 0.00349067640491
    },
    "spectral_kurtosis": {
        "dmean": 0.710848212242,
        "dmean2": 1.15281677246,
        "dvar": 1.22087097168,
        "dvar2": 3.51662397385,
        "max": 20.60090065,
        "mean": 2.7843875885,
        "median": 2.73011445999,
        "min": -1.2111749649,
        "var": 1.47549641132
    },
    "spectral_rms": {
        "dmean": 0.00120518764015,
        "dmean2": 0.00193522439804,
        "dvar": 1.93788650904e-06,
        "dvar2": 4.10366419601e-06,
        "max": 0.0113924564794,
        "mean": 0.00615341588855,
        "median": 0.00653316313401,
        "min": 3.23902103055e-12,
        "var": 3.89878323404e-06
    },
    "spectral_rolloff": {
        "dmean": 859.13684082,
        "dmean2": 1349.85095215,
        "dvar": 1723822.75,
        "dvar2": 3645023,
        "max": 19143.0175781,
        "mean": 1886.05041504,
        "median": 1356.59179688,
        "min": 21.533203125,
        "var": 3683985.5
    },
    "spectral_skewness": {
        "dmean": 0.126702383161,
        "dmean2": 0.200301527977,
        "dvar": 0.033170145005,
        "dvar2": 0.0894950330257,
        "max": 4.27927827835,
        "mean": 1.41902709007,
        "median": 1.42010641098,
        "min": -0.0278364084661,
        "var": 0.0542683489621
    },
    "spectral_spread": {
        "dmean": 627026.875,
        "dmean2": 965942,
        "dvar": 1.3146727383e+12,
        "dvar2": 3.14255474688e+12,
        "max": 40855208,
        "mean": 6639267.5,
        "median": 6448911,
        "min": 3068780.75,
        "var": 2.53121789952e+12
    },
    "spectral_strongpeak": {
        "dmean": 0.436559081078,
        "dmean2": 0.75097578764,
        "dvar": 0.42832800746,
        "dvar2": 1.02397477627,
        "max": 6.75161123276,
        "mean": 0.788099169731,
        "median": 0.652895927429,
        "min": 0,
        "var": 0.572482645512
    },
    "zerocrossingrate": {
        "dmean": 0.0204449854791,
        "dmean2": 0.0226061232388,
        "dvar": 0.000477335590404,
        "dvar2": 0.00058925698977,
        "max": 0.67529296875,
        "mean": 0.0729778036475,
        "median": 0.06689453125,
        "min": 0,
        "var": 0.00259900186211
    },
    "barkbands": {
        "dmean": [0.00188695022371, 0.00475309044123, 0.00278087961487, 0.00266039022245, 0.00327943265438, 0.000849829695653, 0.000849267060403, 0.00126158969942, 0.00138456234708, 0.000999739277177, 0.000470615865197, 0.000677750853356, 0.000456492358353, 0.000584040593822, 0.000260166067164, 0.000459574686829, 0.000281021260889, 0.000289657473331, 0.000212220664253, 0.000223481416469, 0.000277161074337, 0.000248074502451, 0.000178477639565, 0.000209034755244, 0.000223304392421, 0.000240119159571, 8.63812238094e-05],
        "dmean2": [0.00338494498283, 0.00761743960902, 0.00440022163093, 0.0044522001408, 0.0052626375109, 0.0013844788773, 0.00135974946897, 0.00195395504124, 0.00223598186858, 0.00160165119451, 0.000741036783438, 0.00107395567466, 0.000732011394575, 0.000949345238041, 0.000443710450782, 0.000783332448918, 0.000464944634587, 0.000472010258818, 0.000348068919266, 0.000361864949809, 0.000460905779619, 0.000397541327402, 0.000251710356679, 0.000284497422399, 0.000300735322526, 0.000336623837939, 0.000122917132103],
        "dvar": [1.41759464896e-05, 5.58606916456e-05, 1.75806835614e-05, 2.44377552008e-05, 3.4517950553e-05, 1.92460356629e-06, 2.26815268434e-06, 5.25159475728e-06, 5.68930727241e-06, 2.97572887575e-06, 1.03303432297e-06, 1.45433216403e-06, 5.53004269932e-07, 8.22541892376e-07, 1.4979541163e-07, 5.033732009e-07, 1.46565298564e-07, 1.4536047388e-07, 7.42266976772e-08, 7.11629226657e-08, 1.54375570105e-07, 1.12461272295e-07, 4.72869103874e-08, 8.51936690083e-08, 1.16520268989e-07, 1.52997216674e-07, 2.31114967164e-08],
        "dvar2": [3.86223182431e-05, 0.000103209909867, 3.71559544874e-05, 6.24533713562e-05, 7.89461701061e-05, 4.24570635005e-06, 4.37253856944e-06, 1.11457347884e-05, 1.38309069371e-05, 6.80687753629e-06, 2.5335805276e-06, 3.19665332427e-06, 1.28489853068e-06, 2.07075095204e-06, 3.93976705482e-07, 1.3250576103e-06, 3.7632074168e-07, 3.65022714277e-07, 1.89868856637e-07, 1.7750716097e-07, 4.17876179881e-07, 2.81398740754e-07, 9.39498008279e-08, 1.75011095394e-07, 2.58875388681e-07, 3.30290419015e-07, 4.77605262006e-08],
        "max": [0.038432970643, 0.0886753946543, 0.052781522274, 0.054203428328, 0.0605746097863, 0.0257254894823, 0.0379753112793, 0.036666829139, 0.0421200953424, 0.0229328647256, 0.0287140328437, 0.0256027020514, 0.0127520253882, 0.0103697255254, 0.00566169200465, 0.0100822420791, 0.00611665472388, 0.00452908501029, 0.00494705233723, 0.00301493052393, 0.00431342003867, 0.00354725099169, 0.00377090135589, 0.00305873248726, 0.00429002614692, 0.00523615814745, 0.0025115609169],
        "mean": [0.00153385486919, 0.00991483591497, 0.00588641595095, 0.00361549551599, 0.00431092549115, 0.00150642008521, 0.00158505816944, 0.00205506687053, 0.00202369387262, 0.00146859535016, 0.000761654984672, 0.00112733803689, 0.000668522494379, 0.000885142362677, 0.000398521427996, 0.000690066081006, 0.000437696813606, 0.000450588064268, 0.000376109965146, 0.000426087033702, 0.00045295606833, 0.000458369700937, 0.000384523213143, 0.000414450099925, 0.000423860037699, 0.000415456772316, 0.000135748254252],
        "median": [0.000320008781273, 0.00319353397936, 0.00209163501859, 0.000558309315238, 0.00213854922913, 0.00092034926638, 0.000872478878591, 0.000875305151567, 0.000914547825232, 0.0006171836867, 0.000379869423341, 0.000480926479213, 0.000314379489282, 0.000451632862678, 0.000258519401541, 0.000385218037991, 0.000287928472972, 0.00031519899494, 0.000295240752166, 0.000341388338711, 0.000338521931553, 0.000328194844769, 0.000284990819637, 0.000274636346148, 0.000257839245023, 0.000215695094084, 6.26828623354e-05],
        "min": [1.84288320424e-24, 1.59287929942e-23, 8.36901745488e-24, 2.41716921007e-23, 9.0557043068e-24, 1.60581677604e-23, 1.67682135726e-23, 8.78776060059e-24, 5.55611522507e-23, 2.85666223749e-23, 5.05706572367e-23, 6.55517916254e-23, 5.60840660567e-23, 4.46638466387e-23, 8.679956447e-23, 5.71681818215e-23, 1.33582461894e-22, 1.04445114432e-22, 2.30927455836e-22, 2.8002724405e-22, 3.24412143161e-22, 3.95803323021e-22, 4.43821122239e-22, 7.81068171168e-22, 1.01204810834e-21, 1.29644920115e-21, 2.6884438215e-21],
        "var": [1.08374479169e-05, 0.000165203338838, 5.47114723304e-05, 3.63277940778e-05, 4.26136575697e-05, 4.34662160842e-06, 6.4711266532e-06, 1.16186138257e-05, 9.15760210773e-06, 5.62857439945e-06, 1.74770559624e-06, 2.88480373456e-06, 9.02544911696e-07, 1.26984195958e-06, 2.23158195922e-07, 7.5576809877e-07, 2.25043038427e-07, 2.19822382519e-07, 1.22947000136e-07, 1.26474915874e-07, 1.84971824524e-07, 1.85727571989e-07, 1.22754940435e-07, 1.73241630819e-07, 2.09968973763e-07, 2.56161740708e-07, 3.81075970779e-08]
    },
    "erbbands": {
        "dmean": [0.133404672146, 1.17086589336, 2.93110084534, 6.36873817444, 10.2278470993, 12.3660211563, 10.585814476, 7.59735536575, 11.4098234177, 16.422750473, 27.1842861176, 31.1769123077, 32.1141281128, 21.5666828156, 22.7257804871, 23.3339767456, 21.1645278931, 19.6360263824, 24.8183269501, 17.8594360352, 22.6428070068, 17.4070549011, 17.0507068634, 10.439748764, 9.26861000061, 10.6462841034, 10.9914751053, 12.3631448746, 9.26458644867, 5.99312639236, 5.0936665535, 4.29617023468, 3.54101490974, 2.6754128933, 1.58141124249, 0.896335124969, 0.461064010859, 0.154478684068, 0.0143907079473, 0.000217493638047],
        "dmean2": [0.233235925436, 1.82457911968, 4.54918622971, 10.3989944458, 16.0887451172, 21.0756092072, 18.6122989655, 12.1350688934, 18.2976570129, 26.2669181824, 42.3781852722, 51.4618682861, 51.5420761108, 33.4438018799, 35.6066017151, 37.2362556458, 33.7655296326, 31.257774353, 41.0974159241, 30.6635837555, 38.3776550293, 28.7604427338, 27.6027126312, 17.1000347137, 15.136847496, 17.3075714111, 18.0737762451, 20.4173431396, 15.0448951721, 9.19724369049, 7.1237077713, 5.94680166245, 4.92397212982, 3.69444155693, 2.20223617554, 1.27251887321, 0.664237201214, 0.218857750297, 0.0206081755459, 0.000308211892843],
        "dvar": [0.0554504953325, 3.25818824768, 17.3360881805, 119.389053345, 400.860015869, 696.972900391, 450.704437256, 179.619491577, 571.450561523, 759.869812012, 2322.48535156, 3210.49511719, 2615.41796875, 1614.7154541, 1676.4239502, 1388.65075684, 1153.58496094, 995.542053223, 1594.16760254, 799.377319336, 1391.00439453, 587.018493652, 521.085998535, 165.272338867, 122.757499695, 166.945236206, 237.585098267, 321.696899414, 155.632843018, 52.9723777771, 39.1460533142, 32.1984024048, 26.8664722443, 15.6271314621, 6.16285037994, 2.04198122025, 0.553267657757, 0.0713236629963, 0.000666693958919, 1.38401091476e-07],
        "dvar2": [0.127205327153, 5.81186485291, 35.8303756714, 297.82232666, 955.157592773, 1810.39770508, 1191.91369629, 370.764587402, 1098.14648438, 1516.43566895, 4966.89941406, 8088.90429688, 6098.10351562, 3348.17480469, 4126.03710938, 3065.94726562, 2696.31591797, 2306.02783203, 4180.65869141, 2163.51098633, 3627.4519043, 1508.80651855, 1295.13867188, 416.617736816, 312.967468262, 428.415222168, 621.174438477, 866.600402832, 393.97076416, 117.223846436, 75.5814056396, 61.1362342834, 57.3717269897, 34.3829498291, 13.8572425842, 4.58931732178, 1.15297353268, 0.150850385427, 0.00142354366835, 2.92959583703e-07],
        "max": [2.52574849129, 19.7804603577, 62.2605514526, 131.921401978, 276.74508667, 285.841583252, 306.432861328, 251.517211914, 632.696350098, 707.972900391, 807.495605469, 989.379211426, 1099.02770996, 911.377868652, 1066.39697266, 765.490356445, 590.195861816, 558.544250488, 491.061920166, 349.994842529, 615.274353027, 423.151977539, 266.453613281, 192.407592773, 175.665985107, 142.000411987, 180.28678894, 199.625656128, 136.680343628, 87.8998184204, 107.641944885, 66.0867767334, 64.577835083, 48.6701965332, 33.1483650208, 18.5620479584, 11.0061225891, 3.56927800179, 0.417650818825, 0.00585090182722],
        "mean": [0.219333127141, 2.47862815857, 6.62653684616, 10.6195316315, 13.4406118393, 12.7888669968, 13.5294647217, 13.7787399292, 21.8356056213, 29.8814563751, 44.7806358337, 44.345954895, 49.0755958557, 37.3111343384, 39.9413795471, 40.7405204773, 32.8984260559, 33.0457496643, 38.4248809814, 27.184469223, 35.6095695496, 28.4850959778, 27.09973526, 19.4870433807, 18.0027389526, 19.8191452026, 18.378490448, 19.5758609772, 16.7595272064, 12.1648702621, 11.0911626816, 9.13530445099, 6.57006645203, 4.93368148804, 2.90194106102, 1.58140802383, 0.774765312672, 0.254522889853, 0.0222120825201, 0.000382491911296],
        "median": [0.0434531606734, 0.830596983433, 3.86568903923, 2.9126355648, 5.1921415329, 4.927921772, 5.37567234039, 7.47701931, 10.1044225693, 17.2803153992, 19.7517662048, 20.8904037476, 23.753074646, 18.9981956482, 22.6091938019, 21.4985256195, 17.3302688599, 20.7249698639, 20.7057933807, 17.518989563, 20.3149299622, 20.1219367981, 19.1854248047, 15.7032175064, 15.1815824509, 16.2363796234, 13.2081317902, 13.9460334778, 11.9884300232, 9.28083324432, 8.09929275513, 6.17540502548, 4.18535089493, 2.9457359314, 1.79928719997, 0.90147459507, 0.391241014004, 0.12336614728, 0.0100512215868, 0.000212618862861],
        "min": [6.04858152445e-22, 1.11636525691e-21, 8.76755469212e-21, 5.03452106097e-20, 5.17714929368e-20, 1.66967989919e-20, 7.02245256161e-20, 1.73138350161e-19, 1.76194679127e-19, 2.17051701595e-19, 4.95928381438e-19, 1.0757624487e-18, 1.02437840263e-18, 1.16945161321e-18, 2.42674732593e-18, 2.01903661945e-18, 2.6156857176e-18, 2.40790828748e-18, 3.65993134418e-18, 2.784488672e-18, 3.1475614039e-18, 8.14472967675e-18, 6.46534210221e-18, 9.79678306794e-18, 9.97041489596e-18, 1.16182926794e-17, 1.23621298822e-17, 1.28222234553e-17, 1.13523508038e-17, 1.6988023307e-17, 1.3544860019e-17, 1.36879829445e-17, 1.46603172109e-17, 1.08862758876e-17, 7.71357170862e-18, 4.57280373229e-18, 2.53059364798e-18, 1.32157385017e-18, 3.38082028788e-19, 3.6112757146e-20],
        "var": [0.122589118779, 9.63918972015, 56.1416511536, 254.782363892, 497.165313721, 598.258544922, 505.884246826, 431.674835205, 1598.23950195, 2134.07495117, 4925.78857422, 4538.98388672, 4621.43115234, 3467.48681641, 2908.21386719, 2845.64135742, 1915.04516602, 1713.33581543, 2366.19360352, 1057.60131836, 2280.88745117, 928.637756348, 746.613830566, 289.429870605, 210.411148071, 275.066101074, 322.44732666, 375.243011475, 250.251815796, 116.24495697, 103.356536865, 76.4896469116, 48.4539833069, 29.0145111084, 10.2085590363, 3.33991670609, 0.945582747459, 0.116065055132, 0.00104715849739, 2.24530978699e-07]
    },
    "gfcc": {
        "mean": [54.4766654968, 40.3123474121, -94.8589172363, 19.71925354, -52.8590202332, 17.9147872925, -29.0839481354, 12.5476579666, -20.6496276855, 5.70353984833, -20.8888645172, 2.50224089622, -16.2409362793],
        "cov": [[16041.3515625, -416.619781494, -858.523376465, -337.900268555, -718.07800293, -52.8265533447, -568.342834473, 56.5787010193, -756.366210938, 5.40266275406, -724.471374512, -61.5276794434, -606.941162109], [-416.619781494, 1586.19299316, 114.54511261, 478.589202881, 53.7050056458, 36.2317085266, 101.818061829, -134.879241943, 145.992614746, -124.914100647, 229.555084229, -85.8637466431, 129.872955322], [-858.523376465, 114.54511261, 595.806091309, 178.122238159, 221.467758179, 28.623134613, 15.065290451, 4.87837505341, -2.99671006203, 26.5070953369, 18.5952739716, 30.6243534088, -16.1484069824], [-337.900268555, 478.589202881, 178.122238159, 331.754394531, 114.588920593, 67.5804672241, 40.6549110413, -45.4302482605, 76.594329834, -54.4069595337, 103.811134338, -17.7195510864, 58.1952896118], [-718.07800293, 53.7050056458, 221.467758179, 114.588920593, 199.404953003, 73.9325866699, 49.5096206665, 5.91142749786, 38.5973701477, 4.57585287094, 22.0555419922, 27.6603469849, 27.1621589661], [-52.8265533447, 36.2317085266, 28.623134613, 67.5804672241, 73.9325866699, 104.690483093, 52.7437362671, 23.028213501, 22.4354362488, -0.0863615646958, 20.6385002136, 8.95965099335, 17.1587638855], [-568.342834473, 101.818061829, 15.065290451, 40.6549110413, 49.5096206665, 52.7437362671, 122.457107544, 36.170135498, 68.6938400269, -1.36524415016, 60.9346466064, 4.29885482788, 45.592212677], [56.5787010193, -134.879241943, 4.87837505341, -45.4302482605, 5.91142749786, 23.028213501, 36.170135498, 104.167388916, 33.1805877686, 55.7974777222, -0.463814467192, 36.4769744873, -5.98770046234], [-756.366210938, 145.992614746, -2.99671006203, 76.594329834, 38.5973701477, 22.4354362488, 68.6938400269, 33.1805877686, 168.662307739, 40.3646316528, 116.656913757, 26.0822639465, 81.1164779663], [5.40266275406, -124.914100647, 26.5070953369, -54.4069595337, 4.57585287094, -0.0863615646958, -1.36524415016, 55.7974777222, 40.3646316528, 128.596801758, 38.5140037537, 54.2430343628, 7.93066453934], [-724.471374512, 229.555084229, 18.5952739716, 103.811134338, 22.0555419922, 20.6385002136, 60.9346466064, -0.463814467192, 116.656913757, 38.5140037537, 192.422332764, 56.7134666443, 87.7995376587], [-61.5276794434, -85.8637466431, 30.6243534088, -17.7195510864, 27.6603469849, 8.95965099335, 4.29885482788, 36.4769744873, 26.0822639465, 54.2430343628, 56.7134666443, 145.485015869, 84.8311767578], [-606.941162109, 129.872955322, -16.1484069824, 58.1952896118, 27.1621589661, 17.1587638855, 45.592212677, -5.98770046234, 81.1164779663, 7.93066453934, 87.7995376587, 84.8311767578, 184.258346558]],
        "icov": [[0.000157987058628, -0.000110381457489, 0.000213893144974, -0.000436602596892, 0.000601865525823, -0.000400995719247, 0.000202307521249, -8.68278584676e-05, 0.000341645616572, -0.000402884354116, 0.000692371744663, -0.000629903632216, 0.00047760840971], [-0.000110381457489, 0.00157471664716, -0.000145377562148, -0.00172964844387, 0.000323366810335, 0.00100013753399, -0.00124435545877, 0.000983809819445, -0.00013728380145, 0.000333333096933, -0.0010907946853, 0.00108986115083, -0.000676819705404], [0.000213893144974, -0.000145377562148, 0.00460767699406, -0.00302749895491, -0.00441205641255, 0.00352771137841, -0.000333013158524, -0.00150092609692, 0.00309825083241, -0.00236555794254, 0.000651012349408, -0.00110387441237, 0.00145841494668], [-0.000436602596892, -0.00172964844387, -0.00302749895491, 0.0123272128403, -0.00325839174911, -0.00486176274717, 0.00488030212, -0.000473198626423, -0.00351315224543, 0.00583612592891, -0.00565157039091, 0.00393630610779, -0.00249144178815], [0.000601865525823, 0.000323366810335, -0.00441205641255, -0.00325839174911, 0.0186560302973, -0.00988818053156, -0.00310851307586, 0.0058135590516, -0.00409298529848, -0.00178926344961, 0.00743711413816, -0.0064844135195, 0.0028462447226], [-0.000400995719247, 0.00100013753399, 0.00352771137841, -0.00486176274717, -0.00988818053156, 0.0220380723476, -0.00700636906549, -0.00413919566199, 0.00448762346059, -0.00124781415798, -0.00200852542184, 0.00188602891285, -0.00100974435918], [0.000202307521249, -0.00124435545877, -0.000333013158524, 0.00488030212, -0.00310851307586, -0.00700636906549, 0.0207836013287, -0.0098722577095, -0.00130502285901, 0.00565734878182, -0.00615578936413, 0.00556910084561, -0.00367953418754], [-8.68278584676e-05, 0.000983809819445, -0.00150092609692, -0.000473198626423, 0.0058135590516, -0.00413919566199, -0.0098722577095, 0.0239242762327, -0.00774381123483, -0.00636394275352, 0.00770996557549, -0.00826576165855, 0.00560180144385], [0.000341645616572, -0.00013728380145, 0.00309825083241, -0.00351315224543, -0.00409298529848, 0.00448762346059, -0.00130502285901, -0.00774381123483, 0.0182811021805, -0.00436250027269, -0.00625745393336, 0.00468971487135, -0.00417761877179], [-0.000402884354116, 0.000333333096933, -0.00236555794254, 0.00583612592891, -0.00178926344961, -0.00124781415798, 0.00565734878182, -0.00636394275352, -0.00436250027269, 0.0172580499202, -0.00700426893309, 0.000475031120004, -0.000542723457329], [0.000692371744663, -0.0010907946853, 0.000651012349408, -0.00565157039091, 0.00743711413816, -0.00200852542184, -0.00615578936413, 0.00770996557549, -0.00625745393336, -0.00700426893309, 0.0198116432875, -0.0107187386602, 0.00430666608736], [-0.000629903632216, 0.00108986115083, -0.00110387441237, 0.00393630610779, -0.0064844135195, 0.00188602891285, 0.00556910084561, -0.00826576165855, 0.00468971487135, 0.000475031120004, -0.0107187386602, 0.0209544077516, -0.011674137786], [0.00047760840971, -0.000676819705404, 0.00145841494668, -0.00249144178815, 0.0028462447226, -0.00100974435918, -0.00367953418754, 0.00560180144385, -0.00417761877179, -0.000542723457329, 0.00430666608736, -0.011674137786, 0.0143441166729]]
    },
    "melbands": {
        "dmean": [0.00126839138102, 0.00155133625958, 0.00112163845915, 0.000733999011572, 0.000438978982856, 0.000165828154422, 0.000166988713318, 0.000214207175304, 0.000209914142033, 0.000201285278308, 0.000165320729138, 9.83196878224e-05, 6.9789479312e-05, 9.40976242418e-05, 4.49060935352e-05, 4.60266019218e-05, 3.54292242264e-05, 4.95212116221e-05, 2.26964693866e-05, 2.58304862655e-05, 2.86560825771e-05, 1.72123236553e-05, 1.83337851922e-05, 1.30886355691e-05, 8.6339250629e-06, 8.89257898962e-06, 6.63078117213e-06, 7.68433710618e-06, 7.33909246264e-06, 6.85982377036e-06, 7.24960545995e-06, 6.22416882834e-06, 3.997751719e-06, 3.39699863616e-06, 3.13274586006e-06, 2.97019096251e-06, 2.76711648439e-06, 2.67240307039e-06, 2.41533075496e-06, 2.26057136388e-06],
        "dmean2": [0.00211046636105, 0.00236998056062, 0.00176515744533, 0.0011521789711, 0.000781836220995, 0.000265733367996, 0.000268535659416, 0.000338013021974, 0.000331062998157, 0.000329887669068, 0.000264086673269, 0.000152212785906, 0.000109246364445, 0.000147501836182, 7.30970641598e-05, 7.32168628019e-05, 5.67725037399e-05, 8.21957291919e-05, 3.87878608308e-05, 4.43015269411e-05, 4.8219357268e-05, 2.85649748548e-05, 2.99319781334e-05, 2.13752846321e-05, 1.41900754898e-05, 1.46043512359e-05, 1.08882204586e-05, 1.25789520098e-05, 1.21209977806e-05, 1.13835430966e-05, 1.20214699564e-05, 1.02461972347e-05, 6.43418661639e-06, 5.19759805684e-06, 4.51222331321e-06, 4.23627625423e-06, 3.95448296331e-06, 3.83201131626e-06, 3.46800220541e-06, 3.14932253787e-06],
        "dvar": [4.39873474534e-06, 3.79897346647e-06, 3.37736901201e-06, 1.6683445665e-06, 8.66386244525e-07, 7.90050762589e-08, 1.06125760624e-07, 1.22054743201e-07, 1.24207062413e-07, 1.3050011205e-07, 6.96729287597e-08, 3.50891227185e-08, 2.28712284667e-08, 3.23434719007e-08, 5.47824141606e-09, 6.12414163825e-09, 3.26388183147e-09, 7.56921547662e-09, 1.23734977819e-09, 1.88797155687e-09, 2.74956013513e-09, 6.42746578183e-10, 6.77735589871e-10, 3.06686093188e-10, 1.15212672736e-10, 1.43600964453e-10, 6.7185028374e-11, 9.01777055806e-11, 9.57895013309e-11, 1.06957227797e-10, 1.07238169733e-10, 7.43435174533e-11, 2.26255628816e-11, 1.71786716796e-11, 1.47003260259e-11, 1.32640877448e-11, 1.40116234587e-11, 1.6427000385e-11, 1.20758177763e-11, 1.10350895088e-11],
        "dvar2": [8.97205609363e-06, 7.41624671718e-06, 8.2867591118e-06, 3.73555553779e-06, 2.347045438e-06, 1.64066179309e-07, 2.0559383529e-07, 2.51306488508e-07, 2.69598558589e-07, 3.21351052435e-07, 1.61582761393e-07, 7.30598301857e-08, 5.65569528987e-08, 7.00340834214e-08, 1.35614586227e-08, 1.3880750771e-08, 7.63454810482e-09, 2.00304839382e-08, 3.32383898183e-09, 5.08209785366e-09, 7.09182579328e-09, 1.66089453302e-09, 1.68998604e-09, 7.65329521979e-10, 2.89989227076e-10, 3.61464913556e-10, 1.69889005641e-10, 2.31648422666e-10, 2.42554948349e-10, 2.83170209503e-10, 2.88634366408e-10, 1.9082765923e-10, 5.64788042723e-11, 3.86850863843e-11, 3.03764895182e-11, 2.53791657828e-11, 2.87045682362e-11, 3.52093285083e-11, 2.74536782197e-11, 2.39857526202e-11],
        "max": [0.0257204063237, 0.0291601084173, 0.0210442189127, 0.0148891080171, 0.0100419474766, 0.00525110028684, 0.00845900084823, 0.00686535099521, 0.0053344364278, 0.00559401651844, 0.00542613631114, 0.00393693707883, 0.00463036913425, 0.00383131904528, 0.00121542951092, 0.0017367185792, 0.000979247270152, 0.00108873576391, 0.000417269708123, 0.000654452247545, 0.000979831907898, 0.000455229310319, 0.000438015762484, 0.000224261864787, 0.000162961849128, 0.000228498727665, 0.000117017043522, 0.000101787911262, 0.000105983352114, 0.000128074607346, 0.00010868980462, 0.000102617574157, 5.9783920733e-05, 5.60454536753e-05, 5.79786501476e-05, 5.01866488776e-05, 4.97044020449e-05, 4.59693874291e-05, 5.00036730955e-05, 4.60420487798e-05],
        "mean": [0.00251003215089, 0.00353610911407, 0.00193693360779, 0.000946347368881, 0.000505417236127, 0.000307766487822, 0.000321697356412, 0.000374334107619, 0.000337303237757, 0.000286215363303, 0.00025030845427, 0.00016149696603, 0.000118989955809, 0.0001529808942, 7.10827807779e-05, 6.89789667376e-05, 5.75048143219e-05, 7.09360683686e-05, 3.33398747898e-05, 3.6370500311e-05, 4.32012602687e-05, 2.65235794359e-05, 2.77101535175e-05, 2.06992554013e-05, 1.52916909428e-05, 1.50245605255e-05, 1.21299744933e-05, 1.33728281071e-05, 1.20110498756e-05, 1.03713491626e-05, 1.12348461698e-05, 1.00868146546e-05, 7.49666969568e-06, 6.51923619444e-06, 6.47940987619e-06, 6.05859759162e-06, 5.41143390365e-06, 4.61466561319e-06, 4.40929397882e-06, 4.04932325182e-06],
        "median": [0.000805721967481, 0.00285474560224, 0.000735497975256, 0.000289947143756, 0.000194285967154, 0.000182000992936, 0.000171383988345, 0.000183535405085, 0.000154738329002, 0.000123113350128, 0.00011561075371, 7.06317223376e-05, 6.54119867249e-05, 5.11054822709e-05, 4.34270223195e-05, 3.37650853908e-05, 3.48983085132e-05, 3.00423744193e-05, 1.95158245333e-05, 2.03739728022e-05, 2.05548858503e-05, 1.70695620909e-05, 1.79608759936e-05, 1.40485162774e-05, 1.18150073831e-05, 1.0931669749e-05, 9.24352661968e-06, 1.04242917587e-05, 8.32152090879e-06, 7.25719701222e-06, 7.905037819e-06, 6.80826860844e-06, 5.58742021894e-06, 4.96723941978e-06, 4.76891909784e-06, 4.20065316575e-06, 3.54310805051e-06, 2.85882765638e-06, 2.77320873465e-06, 2.34322646975e-06],
        "min": [6.16639553406e-24, 2.85224611525e-24, 8.78311894302e-24, 2.24053023719e-24, 2.06210409992e-24, 3.64807423999e-24, 2.64536852615e-24, 1.80978693939e-24, 5.37001323454e-24, 5.7613888233e-24, 4.88607152388e-24, 3.86562945588e-24, 8.15809655921e-24, 7.85785925412e-24, 7.30180619039e-24, 5.3682110818e-24, 3.94310111879e-24, 5.10355850329e-24, 5.21984330604e-24, 3.93943922647e-24, 2.5136847641e-24, 6.37322618594e-24, 6.99643182309e-24, 4.44042467142e-24, 8.14300170579e-24, 7.21999342591e-24, 7.47863882863e-24, 7.28106940378e-24, 7.0289770686e-24, 6.37455659986e-24, 7.6890856189e-24, 5.54022654092e-24, 6.44022098718e-24, 7.78714812916e-24, 7.99584838139e-24, 9.28888291291e-24, 7.58617398064e-24, 9.13100265792e-24, 1.05094842361e-23, 8.76104188173e-24],
        "var": [1.1919906683e-05, 1.15281482067e-05, 6.53493043501e-06, 2.27163968702e-06, 7.82632298524e-07, 1.94538344545e-07, 2.9732979101e-07, 3.19934997606e-07, 2.56674155708e-07, 1.96999351942e-07, 1.2575625874e-07, 7.4873611311e-08, 3.89305796489e-08, 6.41867288209e-08, 8.27359958322e-09, 1.04051274263e-08, 5.57767965148e-09, 1.08461328807e-08, 1.76576631095e-09, 2.30349250785e-09, 4.73356553954e-09, 9.95739823928e-10, 1.00478880771e-09, 4.91364782196e-10, 2.02771813229e-10, 2.35195418696e-10, 1.24736415641e-10, 1.46697529124e-10, 1.43571696198e-10, 1.20330648223e-10, 1.27774832381e-10, 1.07694908547e-10, 4.57681427479e-11, 3.625934622e-11, 3.69035739467e-11, 3.31047654567e-11, 2.96073061901e-11, 2.67916765162e-11, 2.1748148421e-11, 2.05775171208e-11]
    },
    "mfcc": {
        "mean": [-596.963867188, 86.0965881348, 11.1036472321, 12.4943561554, 1.55103981495, 7.12039041519, 3.02635884285, 7.49345064163, 5.79465436935, 4.63692569733, 2.00498175621, 2.85790109634, -1.39926660061],
        "cov": [[9334.11328125, 711.41619873, 46.2729225159, -28.562877655, -91.0417022705, -120.348709106, -85.536529541, -192.632736206, -162.115600586, -225.94984436, -118.356178284, -200.838867188, -208.613830566], [711.41619873, 903.510131836, 151.658416748, 249.371170044, 63.7571105957, 104.429695129, -5.8151216507, 31.2854480743, -59.7376060486, 23.1454486847, -19.8015956879, 9.06222438812, -7.74288749695], [46.2729225159, 151.658416748, 234.56741333, 139.899581909, 112.248756409, 47.8764190674, 31.3738670349, 13.5273170471, -12.4355649948, 0.763839423656, 25.9357795715, 10.981918335, 15.6050767899], [-28.562877655, 249.371170044, 139.899581909, 198.047012329, 100.517089844, 77.1099777222, 12.3547954559, 30.5609207153, -18.2484722137, 9.63443470001, 3.76094818115, 19.9687252045, 8.11716270447], [-91.0417022705, 63.7571105957, 112.248756409, 100.517089844, 140.070281982, 77.227355957, 30.6136226654, 20.9335460663, 4.84289979935, -0.544080734253, 6.02753973007, 6.15354061127, 17.9490070343], [-120.348709106, 104.429695129, 47.8764190674, 77.1099777222, 77.227355957, 117.119514465, 39.1288833618, 37.1537895203, 11.0836582184, 12.7497959137, -10.9043893814, 11.6205911636, 4.99447727203], [-85.536529541, -5.8151216507, 31.3738670349, 12.3547954559, 30.6136226654, 39.1288833618, 87.7074432373, 40.094203949, 15.2376947403, 3.96023106575, 14.5692958832, -1.55286622047, 5.02987003326], [-192.632736206, 31.2854480743, 13.5273170471, 30.5609207153, 20.9335460663, 37.1537895203, 40.094203949, 102.978843689, 30.5834693909, 6.64746999741, -0.328664720058, 10.5291156769, 33.6693344116], [-162.115600586, -59.7376060486, -12.4355649948, -18.2484722137, 4.84289979935, 11.0836582184, 15.2376947403, 30.5834693909, 90.9207382202, 31.1671524048, -6.09229135513, -4.44295597076, -12.0079774857], [-225.94984436, 23.1454486847, 0.763839423656, 9.63443470001, -0.544080734253, 12.7497959137, 3.96023106575, 6.64746999741, 31.1671524048, 100.201660156, 53.1785583496, 24.3977432251, -1.80512547493], [-118.356178284, -19.8015956879, 25.9357795715, 3.76094818115, 6.02753973007, -10.9043893814, 14.5692958832, -0.328664720058, -6.09229135513, 53.1785583496, 107.843055725, 52.8436431885, 25.5882968903], [-200.838867188, 9.06222438812, 10.981918335, 19.9687252045, 6.15354061127, 11.6205911636, -1.55286622047, 10.5291156769, -4.44295597076, 24.3977432251, 52.8436431885, 91.2087783813, 47.8052215576], [-208.613830566, -7.74288749695, 15.6050767899, 8.11716270447, 17.9490070343, 4.99447727203, 5.02987003326, 33.6693344116, -12.0079774857, -1.80512547493, 25.5882968903, 47.8052215576, 124.86605072]],
