{
"lowlevel": {
    "average_loudness": 0.963203430176,
    "barkbands_crest": {
        "dmean": 3.39099407196,
        "dmean2": 5.32847452164,
        "dvar": 8.84004688263,
        "dvar2": 20.6134052277,
        "max": 26.4588432312,
        "mean": 14.5382432938,
        "median": 13.8264465332,
        "min": 2.06645298004,
        "var": 26.9889678955
    },
    "barkbands_flatness_db": {
        "dmean": 0.0514300763607,
        "dmean2": 0.070964962244,
        "dvar": 0.00210409029387,
        "dvar2": 0.00454323738813,
        "max": 0.500555992126,
        "mean": 0.206991627812,
        "median": 0.196372956038,
        "min": 0.0227679926902,
        "var": 0.00770001113415
    },
    "barkbands_kurtosis": {
        "dmean": 26.3674507141,
        "dmean2": 38.1388664246,
        "dvar": 2397.32885742,
        "dvar2": 4931.12353516,
        "max": 1386.11083984,
        "mean": 41.1210861206,
        "median": 18.4335327148,
        "min": -1.89144802094,
        "var": 5290.87792969
    },
    "barkbands_skewness": {
        "dmean": 1.63669121265,
        "dmean2": 2.3417506218,
        "dvar": 2.9771566391,
        "dvar2": 6.01908016205,
        "max": 32.795375824,
        "mean": 4.57359170914,
        "median": 3.8386015892,
        "min": -2.07603693008,
        "var": 10.1820869446
    },
    "barkbands_spread": {
        "dmean": 10.5136632919,
        "dmean2": 16.8289413452,
        "dvar": 219.844467163,
        "dvar2": 525.462524414,
        "max": 108.915893555,
        "mean": 15.6958408356,
        "median": 9.3198261261,
        "min": 0.214431628585,
        "var": 301.375701904
    },
    "dissonance": {
        "dmean": 0.0206260066479,
        "dmean2": 0.032402433455,
        "dvar": 0.00037593379966,
        "dvar2": 0.000858674058691,
        "max": 0.500000059605,
        "mean": 0.456335395575,
        "median": 0.463410198689,
        "min": 0.2661447227,
        "var": 0.000857620267197
    },
    "dynamic_complexity": 2.72635293007,
    "erbbands_crest": {
        "dmean": 3.33831262589,
        "dmean2": 4.95626211166,
        "dvar": 9.87962627411,
        "dvar2": 20.0647144318,
        "max": 29.1665420532,
        "mean": 9.28255462646,
        "median": 7.83306407928,
        "min": 2.32997655869,
        "var": 26.9084472656
    },
    "erbbands_flatness_db": {
        "dmean": 0.0245344284922,
        "dmean2": 0.0353371649981,
        "dvar": 0.00066655955743,
        "dvar2": 0.0013094865717,
        "max": 0.382447272539,
        "mean": 0.126399442554,
        "median": 0.117751479149,
        "min": 0.0520879290998,
        "var": 0.00202406430617
    },
    "erbbands_kurtosis": {
        "dmean": 1.76727318764,
        "dmean2": 2.65448093414,
        "dvar": 11.817109108,
        "dvar2": 22.3568515778,
        "max": 112.478019714,
        "mean": 0.841268002987,
        "median": -0.466636896133,
        "min": -1.90376877785,
        "var": 22.6558532715
    },
    "erbbands_skewness": {
        "dmean": 0.64434927702,
        "dmean2": 0.923568546772,
        "dvar": 0.417369306087,
        "dvar2": 0.869618713856,
        "max": 9.1082983017,
        "mean": 0.691807925701,
        "median": 0.520446956158,
        "min": -2.82310533524,
        "var": 1.21077442169
    },
    "erbbands_spread": {
        "dmean": 19.8517341614,
        "dmean2": 29.0346298218,
        "dvar": 365.973388672,
        "dvar2": 784.225280762,
        "max": 182.365982056,
        "mean": 66.8620758057,
        "median": 63.3305130005,
        "min": 2.92211461067,
        "var": 909.048828125
    },
    "hfc": {
        "dmean": 11.9523210526,
        "dmean2": 18.5287666321,
        "dvar": 286.166900635,
        "dvar2": 718.178100586,
        "max": 119.64629364,
        "mean": 20.3618011475,
        "median": 15.2118873596,
        "min": 1.12197745965e-16,
        "var": 351.428039551
    },
    "melbands_crest": {
        "dmean": 4.13348197937,
        "dmean2": 6.45468235016,
        "dvar": 11.9765539169,
        "dvar2": 29.0578517914,
        "max": 33.4713935852,
        "mean": 20.0436973572,
        "median": 20.2041282654,
        "min": 1.82985079288,
        "var": 28.8153953552
    },
    "melbands_flatness_db": {
        "dmean": 0.0597635880113,
        "dmean2": 0.0833668112755,
        "dvar": 0.00301439408213,
        "dvar2": 0.00657434528694,
        "max": 0.63921135664,
        "mean": 0.295307159424,
        "median": 0.288399457932,
        "min": 0.00532394181937,
        "var": 0.0104673309252
    },
    "melbands_kurtosis": {
        "dmean": 54.0559806824,
        "dmean2": 77.6470413208,
        "dvar": 5154.12792969,
        "dvar2": 9958.32617188,
        "max": 1088.59338379,
        "mean": 101.336898804,
        "median": 61.1855773926,
        "min": -1.63123202324,
        "var": 12990.0751953
    },
    "melbands_skewness": {
        "dmean": 2.04792761803,
        "dmean2": 2.97424530983,
        "dvar": 3.6444633007,
        "dvar2": 7.75455999374,
        "max": 25.2374382019,
        "mean": 6.94076395035,
        "median": 6.38445425034,
        "min": -0.200226426125,
        "var": 11.7047071457
    },
    "melbands_spread": {
        "dmean": 7.31157445908,
        "dmean2": 12.0280809402,
        "dvar": 188.207443237,
        "dvar2": 474.141113281,
        "max": 200.474349976,
        "mean": 10.093870163,
        "median": 5.0669836998,
        "min": 0.27938336134,
        "var": 235.170318604
    },
    "pitch_salience": {
        "dmean": 0.111473955214,
        "dmean2": 0.167187526822,
        "dvar": 0.0102220335975,
        "dvar2": 0.0226773358881,
        "max": 0.996622800827,
        "mean": 0.401825129986,
        "median": 0.414562761784,
        "min": 0.036680970341,
        "var": 0.0272229872644
    },
    "silence_rate_20dB": {
        "dmean": 0,
        "dmean2": 0,
        "dvar": 0,
        "dvar2": 0,
        "max": 1,
        "mean": 1,
        "median": 1,
        "min": 1,
        "var": 0
    },
    "silence_rate_30dB": {
        "dmean": 0.0954843834043,
        "dmean2": 0.19100676477,
        "dvar": 0.0863711684942,
        "dvar2": 0.176015213132,
        "max": 1,
        "mean": 0.810859203339,
        "median": 1,
        "min": 0,
        "var": 0.153362736106
    },
    "silence_rate_60dB": {
        "dmean": 0.0254625026137,
        "dmean2": 0.0509351380169,
        "dvar": 0.0248143002391,
        "dvar2": 0.0551052689552,
        "max": 1,
        "mean": 0.0449482910335,
        "median": 0,
        "min": 0,
        "var": 0.0429289154708
    },
    "spectral_centroid": {
        "dmean": 430.555541992,
        "dmean2": 684.697692871,
        "dvar": 291666.28125,
        "dvar2": 661998.5,
        "max": 11754.8115234,
        "mean": 908.62298584,
        "median": 673.527832031,
        "min": 113.788970947,
        "var": 681596.3125
    },
    "spectral_complexity": {
        "dmean": 5.38332986832,
        "dmean2": 8.33625125885,
        "dvar": 46.1514930725,
        "dvar2": 104.978042603,
        "max": 54,
        "mean": 12.6239061356,
        "median": 10,
        "min": 0,
        "var": 81.7960205078
    },
    "spectral_decrease": {
        "dmean": 6.74290268066e-09,
        "dmean2": 9.86003989567e-09,
        "dvar": 6.24766406462e-17,
        "dvar2": 1.33356999565e-16,
        "max": 7.62307085927e-29,
        "mean": -1.68189533412e-08,
        "median": -1.39774796182e-08,
        "min": -7.57740608037e-08,
        "var": 1.88971779983e-16
    },
    "spectral_energy": {
        "dmean": 0.0258868802339,
        "dmean2": 0.0377438105643,
        "dvar": 0.000898465921637,
        "dvar2": 0.00192219717428,
        "max": 0.28826969862,
        "mean": 0.0653254985809,
        "median": 0.0552996918559,
        "min": 1.03834350551e-20,
        "var": 0.00273790676147
    },
    "spectral_energyband_high": {
        "dmean": 0.00121403427329,
        "dmean2": 0.00190065521747,
        "dvar": 3.62961054634e-06,
        "dvar2": 8.93767992238e-06,
        "max": 0.0134413940832,
        "mean": 0.00136499316432,
        "median": 0.000397015450289,
        "min": 7.46877611725e-21,
        "var": 4.1475764192e-06
    },
    "spectral_energyband_low": {
        "dmean": 0.023914091289,
        "dmean2": 0.0351054780185,
        "dvar": 0.00093844748335,
        "dvar2": 0.00197033118457,
        "max": 0.287630259991,
        "mean": 0.0509266145527,
        "median": 0.035524584353,
        "min": 2.0583605605e-23,
        "var": 0.0026662426535
    },
    "spectral_energyband_middle_high": {
        "dmean": 0.00103650707752,
        "dmean2": 0.00169937347528,
        "dvar": 2.76975174529e-06,
        "dvar2": 7.28486611479e-06,
        "max": 0.0194794237614,
        "mean": 0.0015809875913,
        "median": 0.000961072684731,
        "min": 1.45332513523e-21,
        "var": 3.49230708707e-06
    },
    "spectral_energyband_middle_low": {
        "dmean": 0.00936788786203,
        "dmean2": 0.0142813585699,
        "dvar": 0.000209729099879,
        "dvar2": 0.000448554579634,
        "max": 0.177255913615,
        "mean": 0.0157201271504,
        "median": 0.008515316993,
        "min": 1.93081090291e-22,
        "var": 0.000382361933589
    },
    "spectral_entropy": {
        "dmean": 0.411010801792,
        "dmean2": 0.586587250233,
        "dvar": 0.179915651679,
        "dvar2": 0.376369684935,
        "max": 9.81681919098,
        "mean": 7.42102718353,
        "median": 7.49218511581,
        "min": 4.29500436783,
        "var": 0.476693928242
    },
    "spectral_flux": {
        "dmean": 0.0578097254038,
        "dmean2": 0.0905182957649,
        "dvar": 0.00314454943873,
        "dvar2": 0.00732449116185,
        "max": 0.474038213491,
        "mean": 0.125715851784,
        "median": 0.103977262974,
        "min": 6.36951602573e-11,
        "var": 0.00693205371499
    },
    "spectral_kurtosis": {
        "dmean": 1.95860397816,
        "dmean2": 3.02271127701,
        "dvar": 10.6276836395,
        "dvar2": 24.2738990784,
        "max": 67.020149231,
        "mean": 3.32172989845,
        "median": 2.10969829559,
        "min": -1.24597632885,
        "var": 19.4917392731
    },
    "spectral_rms": {
        "dmean": 0.00159696943592,
        "dmean2": 0.00225898949429,
        "dvar": 2.71483600045e-06,
        "dvar2": 5.11126108904e-06,
        "max": 0.0167701728642,
        "mean": 0.00725188897923,
        "median": 0.00734512880445,
        "min": 3.18279430589e-12,
        "var": 1.1142207768e-05
    },
    "spectral_rolloff": {
        "dmean": 720.846252441,
        "dmean2": 1310.43579102,
        "dvar": 2902463.75,
        "dvar2": 7311254,
        "max": 19358.3496094,
        "mean": 768.89855957,
        "median": 193.798828125,
        "min": 64.599609375,
        "var": 3338701.25
    },
    "spectral_skewness": {
        "dmean": 0.343388020992,
        "dmean2": 0.495694696903,
        "dvar": 0.149387896061,
        "dvar2": 0.316004872322,
        "max": 6.34340953827,
        "mean": 1.43571817875,
        "median": 1.35073447227,
        "min": -0.0991310477257,
        "var": 0.380703657866
    },
    "spectral_spread": {
        "dmean": 1014055.4375,
        "dmean2": 1428383.875,
        "dvar": 1.57061414912e+12,
        "dvar2": 3.2346561577e+12,
        "max": 42131740,
        "mean": 6369542.5,
        "median": 6458966,
        "min": 1250481.375,
        "var": 5.97716002406e+12
    },
    "spectral_strongpeak": {
        "dmean": 0.306696534157,
        "dmean2": 0.476739794016,
        "dvar": 0.121678821743,
        "dvar2": 0.282645434141,
        "max": 3.80993437767,
        "mean": 0.72663807869,
        "median": 0.638745367527,
        "min": 0,
        "var": 0.26475122571
    },
    "zerocrossingrate": {
        "dmean": 0.016103470698,
        "dmean2": 0.0200742278248,
        "dvar": 0.000375163683202,
        "dvar2": 0.000536983308848,
        "max": 0.5126953125,
        "mean": 0.04165821895,
        "median": 0.03271484375,
        "min": 0.00244140625,
        "var": 0.00169421662576
    },
    "barkbands": {
        "dmean": [0.000416985712945, 0.0171923469752, 0.0140603594482, 0.00594597682357, 0.00428374158219, 0.00077460356988, 0.000352882547304, 0.000231348050875, 0.000289249932393, 0.000138710442116, 0.000133177425596, 0.000159290153533, 0.000112864719995, 0.000119279153296, 0.000106069259346, 0.000111301080324, 0.000118842173833, 0.000143111727084, 0.000117482959467, 0.000157946255058, 0.000244381546509, 0.000243431320996, 0.000253010744927, 0.000174927816261, 0.000214064581087, 6.08461814409e-05, 1.51712481511e-06],
        "dmean2": [0.000636062177364, 0.0266152936965, 0.0210819710046, 0.00926185492426, 0.00689710630104, 0.00126635981724, 0.000584412249736, 0.000370696623577, 0.000454739667475, 0.000237498490606, 0.000215446503717, 0.000255069375271, 0.000189780592336, 0.000194398104213, 0.000178042770131, 0.00018843235739, 0.000205226999242, 0.000246249779593, 0.000196447595954, 0.000262491259491, 0.000387005187804, 0.000391957903048, 0.000394033297198, 0.000269657961326, 0.000367932225345, 9.9379059975e-05, 2.59626654042e-06],
        "dvar": [7.55119401674e-07, 0.000703709374648, 0.000610640563536, 0.000115685397759, 5.85149537073e-05, 1.89568584119e-06, 5.66819437609e-07, 2.16354905547e-07, 3.10110550572e-07, 9.08630184426e-08, 6.75306992548e-08, 6.89173091928e-08, 3.5568096024e-08, 4.9264784252e-08, 4.2271594225e-08, 4.19571506427e-08, 8.09989231243e-08, 1.01882648096e-07, 5.07370181424e-08, 8.54053254784e-08, 1.52198680325e-07, 1.71311810959e-07, 1.69996354771e-07, 7.92771501779e-08, 2.41345759378e-07, 1.55778945299e-08, 1.27936333402e-11],
        "dvar2": [1.77961089776e-06, 0.0017251027748, 0.00132658577058, 0.000269604555797, 0.000141042110045, 5.12224505655e-06, 1.52531038111e-06, 5.58299973363e-07, 7.04454066636e-07, 2.51454707723e-07, 1.48734287109e-07, 1.59019293733e-07, 8.99348577832e-08, 1.20603758091e-07, 1.06112644005e-07, 1.12653502526e-07, 2.15429395212e-07, 2.79450119933e-07, 1.33472511266e-07, 2.25002438015e-07, 3.60538933819e-07, 4.42169493908e-07, 4.06201536407e-07, 1.89281607277e-07, 6.58433805256e-07, 3.94287518191e-08, 3.32628785626e-11],
        "max": [0.0111463796347, 0.243350714445, 0.212177947164, 0.121730349958, 0.0946370512247, 0.0193903129548, 0.0089859534055, 0.00775570236146, 0.0163404289633, 0.00404504314065, 0.0068957391195, 0.00527385016903, 0.00275116926059, 0.00445689074695, 0.00427843537182, 0.00302804075181, 0.00364954024553, 0.00541565008461, 0.00336107518524, 0.00342855718918, 0.00326799368486, 0.00415443489328, 0.00302411033772, 0.00249089370482, 0.00460172956809, 0.00112848170102, 3.84217019018e-05],
        "mean": [0.000711523403879, 0.0279559399933, 0.0180104356259, 0.00770863844082, 0.00570756429806, 0.00106487632729, 0.000436584785348, 0.000304527435219, 0.000459033239167, 0.000157248112373, 0.00019366737979, 0.000232408725424, 0.000143731580465, 0.000153786168084, 0.000129116349854, 0.000130041240482, 0.000116985327622, 0.000158065537107, 0.000117807634524, 0.000163492266438, 0.000274612015346, 0.00025668690796, 0.000281271844869, 0.000203594885534, 0.000193381449208, 5.91553944105e-05, 1.27919815895e-06],
        "median": [0.000102665682789, 0.0134080285206, 0.00620749220252, 0.00224249158055, 0.00220548827201, 0.000601522857323, 0.000176493922481, 0.000149725121446, 0.000166499099578, 6.27936315141e-05, 7.13047629688e-05, 0.000102496007457, 6.35721662547e-05, 6.14761665929e-05, 5.65058362554e-05, 5.1494447689e-05, 4.00539720431e-05, 5.55359947612e-05, 3.85158673453e-05, 5.18426604685e-05, 7.44694771129e-05, 7.27913429728e-05, 6.89683874953e-05, 6.1465339968e-05, 4.12506051362e-05, 1.55014640768e-05, 1.56395472573e-07],
        "min": [3.69304404475e-24, 5.73812373748e-24, 5.12132562303e-24, 5.87522579065e-24, 1.73894715121e-23, 1.48395685661e-23, 1.45610501795e-23, 2.26694532348e-23, 2.69226457147e-23, 1.63502119561e-23, 3.36659865047e-23, 4.12262211611e-23, 3.76361309586e-23, 6.50440807468e-23, 4.01781437179e-23, 8.39163220377e-23, 9.61897923434e-23, 8.69898377204e-23, 1.41347743588e-22, 2.39564738064e-22, 3.324696568e-22, 3.60069413384e-22, 5.05147699125e-22, 6.43569740631e-22, 1.04016205078e-21, 1.55489396814e-21, 2.03032006417e-21],
        "var": [1.87763350823e-06, 0.00136299757287, 0.000812515907455, 0.000175448556547, 8.96023921086e-05, 2.07687571674e-06, 5.80689800245e-07, 2.35982398067e-07, 8.53099720644e-07, 8.40179978923e-08, 1.69672176753e-07, 1.45611153357e-07, 4.87881592903e-08, 7.69014150137e-08, 5.69817508733e-08, 4.85920068627e-08, 6.69624355965e-08, 9.22458340824e-08, 4.36799112435e-08, 7.62269110055e-08, 1.94766613504e-07, 1.67623227298e-07, 1.985394249e-07, 9.48088114683e-08, 1.80943558803e-07, 1.35048532357e-08, 9.99591642098e-12]
    },
    "erbbands": {
        "dmean": [0.323811888695, 4.45087385178, 14.1126623154, 18.0106678009, 18.8120441437, 11.4150600433, 7.34000778198, 6.8913769722, 5.36378955841, 4.74306106567, 5.05563688278, 4.95916509628, 6.43023014069, 5.43526268005, 4.99376392365, 5.31964349747, 4.72502231598, 6.117415905, 4.90685558319, 5.24662494659, 6.52752923965, 7.56276798248, 7.15827989578, 7.42207241058, 5.72560119629, 6.51264095306, 9.74194049835, 10.1717061996, 8.5955657959, 9.25155925751, 6.18269491196, 3.87083697319, 3.00779557228, 2.90170049667, 1.19109809399, 0.351991146803, 0.0868010595441, 0.0140769844875, 0.000284493464278, 3.54982075805e-05],
        "dmean2": [0.48672580719, 6.80658483505, 20.6554393768, 27.745759964, 28.7928676605, 19.0515766144, 12.4208784103, 11.0309925079, 8.83654785156, 7.76088809967, 8.0688867569, 8.01024436951, 10.3185815811, 8.95452594757, 8.08799934387, 8.70418930054, 7.97087717056, 9.90525245667, 8.18124389648, 8.75186634064, 10.9855270386, 13.0665931702, 12.1576461792, 12.7283811569, 9.51204395294, 10.7931976318, 15.6339654922, 16.0801620483, 13.6374092102, 15.1954488754, 9.50144672394, 5.97592735291, 4.65105772018, 4.988945961, 2.02594041824, 0.574155628681, 0.142013832927, 0.0233735349029, 0.000469120277558, 5.36602492502e-05],
        "dvar": [0.252384573221, 48.4006004333, 524.23046875, 1076.64160156, 1262.52075195, 448.485870361, 194.688858032, 153.140670776, 123.569885254, 89.0277099609, 111.839653015, 80.939453125, 151.22315979, 106.687461853, 65.0784301758, 72.0858764648, 58.4534568787, 151.490371704, 81.0304641724, 89.8100891113, 149.501571655, 361.287780762, 251.256942749, 230.808914185, 104.035430908, 128.556594849, 291.756530762, 261.719482422, 201.162017822, 287.933319092, 94.8428955078, 35.0268859863, 28.7433586121, 46.653465271, 6.49516201019, 0.564279913902, 0.0270611904562, 0.000910872535314, 3.57775121529e-07, 1.51935131143e-09],
        "dvar2": [0.57099211216, 116.716522217, 1036.5559082, 2417.75634766, 2704.45629883, 1119.1920166, 527.075866699, 398.351959229, 340.029418945, 235.000823975, 287.804901123, 200.201156616, 364.113098145, 264.8074646, 153.335189819, 178.704116821, 150.701965332, 366.16607666, 202.986999512, 217.19619751, 399.668670654, 965.25378418, 677.691589355, 619.297424316, 273.805847168, 334.24319458, 733.487426758, 625.873413086, 504.659606934, 751.076782227, 213.763504028, 84.2552261353, 68.4694366455, 128.087081909, 17.3392086029, 1.44188129902, 0.0685500651598, 0.00232898700051, 9.13282519832e-07, 3.43497541522e-09],
        "max": [5.88239717484, 64.6453399658, 208.17678833, 267.004608154, 598.528503418, 391.505340576, 146.295257568, 231.62727356, 110.894340515, 209.435928345, 166.727401733, 194.846298218, 349.672515869, 233.312530518, 218.885635376, 156.972518921, 117.909469604, 299.282012939, 168.037536621, 234.572753906, 207.053131104, 236.51499939, 310.968505859, 178.322021484, 143.915969849, 128.913742065, 156.49206543, 165.323944092, 148.594528198, 129.962493896, 82.8040618896, 43.1634674072, 56.9033050537, 65.0146636963, 22.5457706451, 6.49570465088, 1.47973203659, 0.318602204323, 0.00605052988976, 0.000311811541906],
        "mean": [0.564643740654, 7.12071847916, 20.9243431091, 24.4390449524, 26.6053562164, 13.8959341049, 9.51661205292, 9.31552410126, 6.98243188858, 6.34919404984, 7.03868341446, 7.3654923439, 9.71875667572, 7.7672586441, 7.59009933472, 7.48800325394, 6.13668107986, 8.3421754837, 6.0871591568, 6.64129400253, 7.96738243103, 7.5153260231, 8.37251377106, 7.34095621109, 6.12645053864, 6.95229291916, 10.1876220703, 11.3376054764, 9.27795314789, 9.34477996826, 7.17930841446, 4.53192567825, 3.38362503052, 2.61935758591, 1.09778225422, 0.348169863224, 0.0837719962001, 0.012675838545, 0.000287730479613, 8.53162418935e-05],
        "median": [0.279587268829, 3.14752340317, 9.18781661987, 9.30700016022, 8.69807434082, 5.06998825073, 4.92170906067, 4.71208524704, 3.74727916718, 3.03992319107, 3.65047025681, 3.17486214638, 3.5663356781, 3.37019824982, 3.80429363251, 3.75302886963, 2.94493246078, 3.4950428009, 2.69700717926, 2.93912434578, 3.32006144524, 2.54003810883, 3.24475431442, 2.40439224243, 2.20558929443, 2.24642944336, 2.70287370682, 2.99644804001, 2.54437685013, 2.04074335098, 1.89929234982, 1.37117671967, 0.972873687744, 0.530913412571, 0.244109421968, 0.0919526442885, 0.021662959829, 0.00275769038126, 0.000105453378637, 7.77297318564e-05],
        "min": [2.00214967716e-22, 1.42534720504e-21, 5.97627693202e-21, 1.75820454217e-20, 1.19778975794e-20, 5.38102960451e-20, 1.09507559088e-19, 1.09831387374e-19, 1.35885715513e-19, 2.94504086168e-19, 4.17396603715e-19, 7.84650035684e-19, 7.83034138357e-19, 8.17279053826e-19, 1.63645741774e-18, 1.96733576321e-18, 2.5916009065e-18, 3.95430093595e-18, 2.17288104645e-18, 3.40497876976e-18, 5.8196172055e-18, 4.94380747191e-18, 4.2155841304e-18, 7.55183225627e-18, 9.90106986367e-18, 1.20980160757e-17, 1.06805155374e-17, 1.16927008842e-17, 1.46997571825e-17, 1.22668800346e-17, 1.38780475425e-17, 9.82338354208e-18, 1.17624355186e-17, 8.81281616055e-18, 8.26673385401e-18, 5.60328796862e-18, 2.62821729708e-18, 1.08682898792e-18, 2.64864317814e-19, 3.05290844473e-20],
        "var": [0.531666457653, 94.3885192871, 880.188964844, 1493.37158203, 2613.46289062, 592.61328125, 190.125778198, 194.937194824, 111.156860352, 103.801231384, 122.203239441, 162.804519653, 380.425567627, 190.748641968, 137.887985229, 117.825523376, 76.3156509399, 238.492095947, 102.870872498, 137.537094116, 186.519500732, 291.640960693, 246.521087646, 189.688796997, 95.1062774658, 122.831520081, 303.560241699, 331.341064453, 216.532119751, 267.134307861, 119.464981079, 45.2564582825, 30.9136829376, 34.4472236633, 5.18484115601, 0.489023327827, 0.02368709445, 0.000743302458432, 2.95946392725e-07, 3.71966724089e-09]
    },
    "gfcc": {
        "mean": [-12.7328586578, 88.3698196411, -72.7320709229, 56.072177887, -51.801776886, 28.0806274414, -32.4164047241, 7.32674360275, -23.4695835114, 1.60067427158, -18.4317111969, -0.72478556633, -11.3271532059],
        "cov": [[11106.4941406, -1362.75732422, -385.132324219, 578.663696289, -544.155639648, 386.762817383, -361.372711182, 230.840789795, -375.035461426, 72.2023162842, -334.677246094, 147.701370239, -227.084991455], [-1362.75732422, 1610.1484375, -263.758331299, -190.278427124, 365.345825195, -234.451507568, 280.321960449, -160.627761841, 276.398956299, -131.41293335, 218.046127319, -127.627998352, 148.173233032], [-385.132324219, -263.758331299, 844.564331055, 162.729751587, 9.18692874908, 192.455490112, 34.2908096313, 24.4950866699, -38.3881950378, 11.0284318924, -64.2437210083, -0.91286611557, -31.9721755981], [578.663696289, -190.278427124, 162.729751587, 291.738098145, 23.4215183258, 92.8145751953, 39.3257331848, 27.7101268768, 16.9219799042, 19.7053508759, -0.123054690659, 8.93733406067, -4.65245628357], [-544.155639648, 365.345825195, 9.18692874908, 23.4215183258, 330.877197266, 19.8719520569, 115.913131714, 12.5977210999, 113.190658569, -1.80351936817, 95.2743835449, -11.6026554108, 44.3670959473], [386.762817383, -234.451507568, 192.455490112, 92.8145751953, 19.8719520569, 202.146057129, 34.7973213196, 67.4387893677, -10.0941133499, 39.694644928, -15.0251607895, 36.3937950134, -3.82004356384], [-361.372711182, 280.321960449, 34.2908096313, 39.3257331848, 115.913131714, 34.7973213196, 213.899917603, 30.2200870514, 110.311515808, -10.8683547974, 66.196144104, -17.5975875854, 59.892742157], [230.840789795, -160.627761841, 24.4950866699, 27.7101268768, 12.5977210999, 67.4387893677, 30.2200870514, 144.344696045, 33.1025047302, 54.2007713318, 3.35857534409, 41.7222747803, 7.74753522873], [-375.035461426, 276.398956299, -38.3881950378, 16.9219799042, 113.190658569, -10.0941133499, 110.311515808, 33.1025047302, 169.55696106, 35.1120986938, 87.6154937744, -8.48529148102, 43.9404182434], [72.2023162842, -131.41293335, 11.0284318924, 19.7053508759, -1.80351936817, 39.694644928, -10.8683547974, 54.2007713318, 35.1120986938, 123.107566833, 47.4016990662, 48.2063713074, 7.19346523285], [-334.677246094, 218.046127319, -64.2437210083, -0.123054690659, 95.2743835449, -15.0251607895, 66.196144104, 3.35857534409, 87.6154937744, 47.4016990662, 127.573364258, 35.0458717346, 49.5957679749], [147.701370239, -127.627998352, -0.91286611557, 8.93733406067, -11.6026554108, 36.3937950134, -17.5975875854, 41.7222747803, -8.48529148102, 48.2063713074, 35.0458717346, 95.6260681152, 32.7749214172], [-227.084991455, 148.173233032, -31.9721755981, -4.65245628357, 44.3670959473, -3.82004356384, 59.892742157, 7.74753522873, 43.9404182434, 7.19346523285, 49.5957679749, 32.7749214172, 100.021064758]],
        "icov": [[0.00017668469809, -0.000264652073383, 0.000271959550446, -0.000539714994375, 0.000254131358815, -0.000446186517365, 0.000203592629987, -0.000290898489766, 0.000310454983264, -0.000186582168681, 0.000536415085662, -0.000410322740208, 0.000371386413462], [-0.000264652073383, 0.00328146689571, -0.00046342247515, 0.00226977630518, -0.00154671899509, 0.00183364853729, -0.0013346261112, 0.00216225138865, -0.00257424870506, 0.00276263174601, -0.00371083151549, 0.00303825782612, -0.00234017474577], [0.000271959550446, -0.00046342247515, 0.00209324713796, -0.00133489491418, 0.00024293831666, -0.00203874125145, -7.91830534581e-05, 0.000142253251397, 0.000620349077508, -0.000698223826475, 0.00188027054537, -0.000738125236239, 0.000848985975608], [-0.000539714994375, 0.00226977630518, -0.00133489491418, 0.00663185957819, -0.00133158091921, 0.000490870734211, -0.00154844322242, 0.00200288486667, -0.00259439088404, 0.00170955527574, -0.00303434859961, 0.00227394001558, -0.00154833460692], [0.000254131358815, -0.00154671899509, 0.00024293831666, -0.00133158091921, 0.00570985907689, -0.00229159696028, 0.000657095049974, -0.00178402697202, -0.00010754793766, 0.00074359390419, -0.00201183930039, 0.000162666619872, 0.00094650714891], [-0.000446186517365, 0.00183364853729, -0.00203874125145, 0.000490870734211, -0.00229159696028, 0.0111766979098, -0.00376591319218, -0.000474452361232, 0.000326970795868, -0.0011351457797, 0.00040206804988, -0.00134006980807, -0.000445378595032], [0.000203592629987, -0.0013346261112, -7.91830534581e-05, -0.00154844322242, 0.000657095049974, -0.00376591319218, 0.0116988895461, -0.00368607835844, -0.00275776325725, 0.00331876566634, -0.00313902064227, 0.00376004399732, -0.00351582048461], [-0.000290898489766, 0.00216225138865, 0.000142253251397, 0.00200288486667, -0.00178402697202, -0.000474452361232, -0.00368607835844, 0.0139239607379, -0.00542683713138, -0.0025648814626, 0.00431107264012, -0.00442872894928, 5.89957780903e-05], [0.000310454983264, -0.00257424870506, 0.000620349077508, -0.00259439088404, -0.00010754793766, 0.000326970795868, -0.00275776325725, -0.00542683713138, 0.0173210110515, -0.00549008417875, -0.00370416394435, 0.00366713735275, 0.000148511346197], [-0.000186582168681, 0.00276263174601, -0.000698223826475, 0.00170955527574, 0.00074359390419, -0.0011351457797, 0.00331876566634, -0.0025648814626, -0.00549008417875, 0.0183788873255, -0.0109066786245, 0.000469565129606, -0.000477401568787], [0.000536415085662, -0.00371083151549, 0.00188027054537, -0.00303434859961, -0.00201183930039, 0.00040206804988, -0.00313902064227, 0.00431107264012, -0.00370416394435, -0.0109066786245, 0.0293351914734, -0.0147101823241, 0.00231450959109], [-0.000410322740208, 0.00303825782612, -0.000738125236239, 0.00227394001558, 0.000162666619872, -0.00134006980807, 0.00376004399732, -0.00442872894928, 0.00366713735275, 0.000469565129606, -0.0147101823241, 0.0272922813892, -0.0108883399516], [0.000371386413462, -0.00234017474577, 0.000848985975608, -0.00154833460692, 0.00094650714891, -0.000445378595032, -0.00351582048461, 5.89957780903e-05, 0.000148511346197, -0.000477401568787, 0.00231450959109, -0.0108883399516, 0.0185604002327]]
    },
    "melbands": {
        "dmean": [0.00378991197795, 0.00618441542611, 0.00300753349438, 0.00106371473521, 0.000296890881145, 0.000149210114614, 8.07979959063e-05, 5.18271517649e-05, 3.96477553295e-05, 3.66504173144e-05, 3.27856723743e-05, 2.20246438403e-05, 1.66839454323e-05, 1.94106160052e-05, 1.17061845231e-05, 1.20725799206e-05, 1.1134559827e-05, 7.97493066784e-06, 9.01324438018e-06, 6.33986837784e-06, 7.6181422628e-06, 7.67037454352e-06, 6.75151250107e-06, 6.85283339408e-06, 6.19318097961e-06, 4.10100346926e-06, 4.54976498077e-06, 4.3890768211e-06, 6.81039591655e-06, 5.41943745702e-06, 6.48639797873e-06, 5.20165576745e-06, 4.30030604548e-06, 5.73810120841e-06, 3.75884246751e-06, 2.83869871964e-06, 2.15706791096e-06, 2.27074360737e-06, 1.58801674388e-06, 3.11544567921e-06],
        "dmean2": [0.00579111557454, 0.0090503860265, 0.00444306246936, 0.00169142126106, 0.000501461036038, 0.0002405494306, 0.000132484186906, 8.37995103211e-05, 6.31341536064e-05, 5.86591813772e-05, 5.26299772901e-05, 3.66507047147e-05, 2.71468798019e-05, 3.08363414661e-05, 1.99849891942e-05, 1.98668803932e-05, 1.81483774213e-05, 1.32109626065e-05, 1.50596970343e-05, 1.08796130007e-05, 1.27683069877e-05, 1.32328259497e-05, 1.16582496048e-05, 1.16908322525e-05, 1.06817042251e-05, 6.87167903379e-06, 7.71442955738e-06, 7.28597569832e-06, 1.13980086098e-05, 8.30796034279e-06, 1.05066137621e-05, 8.26474388305e-06, 7.1135041253e-06, 9.47852186073e-06, 5.84453300689e-06, 4.35251740782e-06, 3.38990366799e-06, 3.52609367837e-06, 2.5092604119e-06, 5.51029916096e-06],
        "dvar": [3.29751164827e-05, 8.16045794636e-05, 2.33491573454e-05, 3.80390974897e-06, 3.11410929044e-07, 7.1910051247e-08, 2.6514918261e-08, 9.15267239776e-09, 7.15438019938e-09, 4.92976726107e-09, 3.91485022178e-09, 1.78960857244e-09, 8.83871364987e-10, 1.13220544051e-09, 4.35128433285e-10, 5.26207299956e-10, 4.7990428298e-10, 2.34112007558e-10, 3.23999604923e-10, 1.38344322109e-10, 2.11665560079e-10, 3.8830710869e-10, 2.6440760692e-10, 2.12424230983e-10, 1.64853089513e-10, 7.88795279094e-11, 6.63105612086e-11, 6.31478827562e-11, 1.82127965487e-10, 9.50357847973e-11, 1.12252207529e-10, 7.55908113881e-11, 7.40560737733e-11, 1.14543943774e-10, 3.61113985936e-11, 2.0080806809e-11, 1.04779613805e-11, 1.66714680255e-11, 7.644591557e-12, 6.61636856414e-11],
        "dvar2": [7.66897646827e-05, 0.000158737922902, 4.84469019284e-05, 9.05099568627e-06, 8.30936528473e-07, 1.90075766682e-07, 7.26452284994e-08, 2.38383943696e-08, 1.79906987086e-08, 1.18001119986e-08, 9.41480493566e-09, 4.54882220779e-09, 2.0149104607e-09, 2.54804177757e-09, 1.08586795111e-09, 1.27104082814e-09, 1.17321574677e-09, 5.63619595439e-10, 7.83130782445e-10, 3.62327806647e-10, 5.62041302388e-10, 1.02941766222e-09, 7.20469406357e-10, 5.81855397197e-10, 4.42532011036e-10, 2.11494391444e-10, 1.77732648043e-10, 1.63487681726e-10, 4.82419604264e-10, 2.17156861937e-10, 2.77279810224e-10, 1.87425866494e-10, 2.01175173742e-10, 2.99704622231e-10, 8.23709572773e-11, 4.55864443416e-11, 2.54229987756e-11, 3.87940513047e-11, 1.91848620323e-11, 1.84780774015e-10],
        "max": [0.055849019438, 0.0808084160089, 0.0414332188666, 0.0247149448842, 0.00591454934329, 0.00463319104165, 0.0015876282705, 0.00196448690258, 0.00127832812723, 0.00188570318278, 0.0017777410103, 0.000863471766934, 0.00103201798629, 0.000698095769621, 0.000489490514155, 0.00047479182831, 0.000501361093484, 0.000385336985346, 0.000479595124489, 0.000237407308305, 0.000282138003968, 0.00025192584144, 0.000267477123998, 0.000298190396279, 0.000140608011861, 0.000146767430124, 0.000106644365587, 9.84164944384e-05, 0.00015037500998, 0.000105220591649, 0.000101068515505, 0.000110051281808, 0.000109565342427, 8.51111035445e-05, 5.50254189875e-05, 3.66357890016e-05, 2.56845669355e-05, 4.31168373325e-05, 2.44041730184e-05, 8.24658563943e-05],
        "mean": [0.00654507661238, 0.0108434176072, 0.00448917457834, 0.00143421674147, 0.000371600181097, 0.00020251069509, 0.000106959181721, 7.05169877619e-05, 5.44363829249e-05, 5.54157486476e-05, 4.88370751555e-05, 2.99969651678e-05, 2.49825916399e-05, 2.87845887215e-05, 1.26002578327e-05, 1.66406589415e-05, 1.46665524881e-05, 9.21766968531e-06, 1.11724666567e-05, 7.17334933142e-06, 9.26728534978e-06, 7.31858744984e-06, 7.23950233805e-06, 7.6531778177e-06, 5.84100416745e-06, 4.17220689997e-06, 4.81443157696e-06, 4.5407205107e-06, 6.36584309177e-06, 6.37942321191e-06, 6.79063305142e-06, 5.48647267351e-06, 4.46704780188e-06, 5.64943729842e-06, 4.33563309343e-06, 3.32967374561e-06, 2.50121524914e-06, 2.51744154411e-06, 1.75291120286e-06, 2.56263092524e-06],
        "median": [0.00355933792889, 0.00596384610981, 0.001995426137, 0.000510435900651, 0.000176284258487, 0.000107556857984, 5.85216912441e-05, 3.50803165929e-05, 2.61881559709e-05, 2.09458485187e-05, 1.69709692273e-05, 1.23788304336e-05, 1.20250424516e-05, 1.10431756184e-05, 4.69107089884e-06, 7.33324941393e-06, 5.80151436225e-06, 3.43283772963e-06, 4.80247490486e-06, 2.80667586594e-06, 3.67704888049e-06, 2.22032531383e-06, 2.42648957283e-06, 2.7947316994e-06, 1.72871193627e-06, 1.45894432535e-06, 1.67867119671e-06, 1.27315115606e-06, 1.60684430739e-06, 1.53765381583e-06, 1.79026085334e-06, 1.48722574522e-06, 1.10774908535e-06, 1.147741159e-06, 1.08372614704e-06, 9.80703362075e-07, 7.51486027184e-07, 6.86878820488e-07, 5.39085249329e-07, 4.22415155299e-07],
        "min": [2.27430926115e-24, 2.90308366464e-24, 2.77821428031e-24, 1.57131783761e-24, 3.62943306237e-24, 2.69418816935e-24, 2.33351623031e-24, 3.66447623593e-24, 3.14304884113e-24, 5.11767556362e-24, 3.58421989402e-24, 2.41887748836e-24, 4.76198488678e-24, 5.33941489775e-24, 4.52829707095e-24, 6.55409305885e-24, 7.45037315353e-24, 3.13716472763e-24, 3.3956462445e-24, 5.439811253e-24, 7.04496649029e-24, 5.80211021765e-24, 3.47738958922e-24, 4.05106067798e-24, 5.63638119109e-24, 5.31963933815e-24, 6.33524766095e-24, 7.13320294912e-24, 6.22591232835e-24, 7.51059006187e-24, 5.79516508624e-24, 7.28672395874e-24, 5.02023467575e-24, 6.38991296067e-24, 6.67830551926e-24, 4.39062112147e-24, 6.5307731472e-24, 8.06478614703e-24, 5.87370407797e-24, 8.09426351248e-24],
        "var": [7.14973866707e-05, 0.000181226612767, 3.93748268834e-05, 6.08055961493e-06, 3.24580213373e-07, 8.61444320321e-08, 2.52000571521e-08, 1.12135882802e-08, 8.34551006079e-09, 1.19129586196e-08, 9.87294068722e-09, 2.86050760856e-09, 2.12714090786e-09, 2.61595478612e-09, 5.43285638699e-10, 8.35812585809e-10, 7.34713845318e-10, 3.20418441779e-10, 4.99710162138e-10, 1.49878554012e-10, 2.77123463066e-10, 3.11500575334e-10, 2.32989016968e-10, 2.0539506207e-10, 1.31773258971e-10, 6.31694349607e-11, 5.93285420791e-11, 5.98713509325e-11, 1.51523071867e-10, 1.28636559737e-10, 1.24627225206e-10, 7.98152099968e-11, 6.32587107696e-11, 1.05236791503e-10, 4.44482541051e-11, 2.66210664623e-11, 1.33695866877e-11, 1.80763407714e-11, 7.83120616965e-12, 4.48130386965e-11]
    },
    "mfcc": {
        "mean": [-663.481689453, 111.18082428, 40.6734924316, 36.1135749817, 14.3913459778, 20.7769432068, 7.20979833603, 8.93991088867, 4.41993331909, 1.5511251688, 0.227908521891, 0.629358351231, -2.55336356163],
        "cov": [[7605.55810547, -1333.22070312, 24.817237854, 2.0931494236, -103.101417542, 35.415802002, -34.7055931091, 86.1569519043, -47.1261444092, -36.3318443298, -71.9036865234, -58.8570785522, -63.0650100708], [-1333.22070312, 1552.53833008, -348.171447754, 74.5850067139, 32.5476226807, 8.31374168396, 12.4359712601, 23.5101337433, 20.2284126282, 45.5790367126, 43.5012512207, 44.0040588379, 30.478723526], [24.817237854, -348.171447754, 733.793395996, 45.728717804, 44.183555603, 131.238464355, 71.5803070068, 46.4519233704, 55.8827590942, 2.47154068947, -22.3881206512, -11.7030096054, -7.60933065414], [2.0931494236, 74.5850067139, 45.728717804, 209.928833008, 62.5627288818, 58.0606040955, 31.779718399, 39.9972877502, 27.3614196777, 29.4249458313, 27.5634384155, 32.1148376465, 21.0788040161], [-103.101417542, 32.5476226807, 44.183555603, 62.5627288818, 183.392456055, 67.4807815552, 44.4857978821, 32.8190536499, 18.2215919495, 19.4713001251, 26.8236141205, 26.9721279144, 24.6248149872], [35.415802002, 8.31374168396, 131.238464355, 58.0606040955, 67.4807815552, 147.668731689, 66.7968444824, 43.1188240051, 32.2628059387, 21.4237003326, 10.7809000015, 22.8142280579, 23.874912262], [-34.7055931091, 12.4359712601, 71.5803070068, 31.779718399, 44.4857978821, 66.7968444824, 111.850349426, 57.9374732971, 44.8733100891, 17.2909908295, 5.97759914398, 13.3700046539, 22.45054245], [86.1569519043, 23.5101337433, 46.4519233704, 39.9972877502, 32.8190536499, 43.1188240051, 57.9374732971, 117.679359436, 59.4293823242, 33.2679443359, 16.7038803101, 9.68050098419, 6.07580661774], [-47.1261444092, 20.2284126282, 55.8827590942, 27.3614196777, 18.2215919495, 32.2628059387, 44.8733100891, 59.4293823242, 101.878562927, 48.2219924927, 23.4621925354, 18.9976215363, 7.47553539276], [-36.3318443298, 45.5790367126, 2.47154068947, 29.4249458313, 19.4713001251, 21.4237003326, 17.2909908295, 33.2679443359, 48.2219924927, 85.6007080078, 44.6921386719, 26.4396686554, 9.64531612396], [-71.9036865234, 43.5012512207, -22.3881206512, 27.5634384155, 26.8236141205, 10.7809000015, 5.97759914398, 16.7038803101, 23.4621925354, 44.6921386719, 91.3442687988, 50.6892814636, 22.7411003113], [-58.8570785522, 44.0040588379, -11.7030096054, 32.1148376465, 26.9721279144, 22.8142280579, 13.3700046539, 9.68050098419, 18.9976215363, 26.4396686554, 50.6892814636, 96.2481689453, 50.3960914612], [-63.0650100708, 30.478723526, -7.60933065414, 21.0788040161, 24.6248149872, 23.874912262, 22.45054245, 6.07580661774, 7.47553539276, 9.64531612396, 22.7411003113, 50.3960914612, 89.514289856]],
