{
"lowlevel": {
    "average_loudness": 0.942130446434,
    "barkbands_crest": {
        "dmean": 2.42969417572,
        "dmean2": 3.64647293091,
        "dvar": 6.22552585602,
        "dvar2": 14.554901123,
        "max": 26.2803516388,
        "mean": 12.7003107071,
        "median": 12.0240898132,
        "min": 2.2047290802,
        "var": 25.9127559662
    },
    "barkbands_flatness_db": {
        "dmean": 0.0247522257268,
        "dmean2": 0.0358333177865,
        "dvar": 0.000702105287928,
        "dvar2": 0.00144345185254,
        "max": 0.437035650015,
        "mean": 0.162290006876,
        "median": 0.158067971468,
        "min": 0.0155329536647,
        "var": 0.00524073559791
    },
    "barkbands_kurtosis": {
        "dmean": 4.07963371277,
        "dmean2": 6.04432201385,
        "dvar": 72.6627731323,
        "dvar2": 160.511230469,
        "max": 462.82131958,
        "mean": 7.84345531464,
        "median": 3.62866926193,
        "min": -1.88835263252,
        "var": 181.850860596
    },
    "barkbands_skewness": {
        "dmean": 0.592112720013,
        "dmean2": 0.844999551773,
        "dvar": 0.449032187462,
        "dvar2": 0.967263579369,
        "max": 19.2553672791,
        "mean": 2.06583547592,
        "median": 1.87102413177,
        "min": -3.01895451546,
        "var": 2.33227849007
    },
    "barkbands_spread": {
        "dmean": 5.16215753555,
        "dmean2": 7.78187417984,
        "dvar": 44.6970825195,
        "dvar2": 101.990867615,
        "max": 120.417266846,
        "mean": 21.2399501801,
        "median": 16.4128608704,
        "min": 0.357257634401,
        "var": 239.73600769
    },
    "dissonance": {
        "dmean": 0.020474659279,
        "dmean2": 0.0343613438308,
        "dvar": 0.000474689848488,
        "dvar2": 0.00132079236209,
        "max": 0.5,
        "mean": 0.454843133688,
        "median": 0.466012835503,
        "min": 0.234203189611,
        "var": 0.00136887934059
    },
    "dynamic_complexity": 2.9604446888,
    "erbbands_crest": {
        "dmean": 2.71153092384,
        "dmean2": 4.05662727356,
        "dvar": 7.64338254929,
        "dvar2": 15.3724575043,
        "max": 31.6610279083,
        "mean": 11.2376260757,
        "median": 9.62123966217,
        "min": 2.3358297348,
        "var": 39.1760787964
    },
    "erbbands_flatness_db": {
        "dmean": 0.0176040828228,
        "dmean2": 0.0241662599146,
        "dvar": 0.000329652248183,
        "dvar2": 0.000576318183448,
        "max": 0.47880795598,
        "mean": 0.149461165071,
        "median": 0.137534379959,
        "min": 0.0511774420738,
        "var": 0.00322514260188
    },
    "erbbands_kurtosis": {
        "dmean": 1.29658639431,
        "dmean2": 1.93694901466,
        "dvar": 5.38047266006,
        "dvar2": 11.3906793594,
        "max": 71.5079269409,
        "mean": 1.79102742672,
        "median": 0.185398578644,
        "min": -1.65597236156,
        "var": 24.2159252167
    },
    "erbbands_skewness": {
        "dmean": 0.355826109648,
        "dmean2": 0.519800662994,
        "dvar": 0.138494998217,
        "dvar2": 0.269309312105,
        "max": 6.59549236298,
        "mean": 0.378672838211,
        "median": 0.272542327642,
        "min": -4.30791378021,
        "var": 1.22595369816
    },
    "erbbands_spread": {
        "dmean": 7.88662910461,
        "dmean2": 11.4156932831,
        "dvar": 65.7602844238,
        "dvar2": 129.962524414,
        "max": 145.83895874,
        "mean": 38.8260726929,
        "median": 38.0274810791,
        "min": 1.12195265293,
        "var": 356.299468994
    },
    "hfc": {
        "dmean": 6.13154697418,
        "dmean2": 8.89746284485,
        "dvar": 84.3888549805,
        "dvar2": 176.696517944,
        "max": 139.985122681,
        "mean": 21.1244106293,
        "median": 13.8414230347,
        "min": 1.05349497822e-16,
        "var": 430.4581604
    },
    "melbands_crest": {
        "dmean": 2.82222151756,
        "dmean2": 4.25017261505,
        "dvar": 7.41373586655,
        "dvar2": 17.7547073364,
        "max": 33.1910133362,
        "mean": 17.2452735901,
        "median": 17.1342124939,
        "min": 1.57369112968,
        "var": 28.3157215118
    },
    "melbands_flatness_db": {
        "dmean": 0.0283930581063,
        "dmean2": 0.0410046577454,
        "dvar": 0.000931100104935,
        "dvar2": 0.00198229309171,
        "max": 0.560006558895,
        "mean": 0.245855569839,
        "median": 0.24926713109,
        "min": 0.00281603937037,
        "var": 0.00745870219544
    },
    "melbands_kurtosis": {
        "dmean": 9.77300071716,
        "dmean2": 14.4126930237,
        "dvar": 289.356262207,
        "dvar2": 652.149475098,
        "max": 427.10723877,
        "mean": 20.5455760956,
        "median": 11.818605423,
        "min": -1.86257863045,
        "var": 732.086730957
    },
    "melbands_skewness": {
        "dmean": 0.825888633728,
        "dmean2": 1.17905163765,
        "dvar": 0.866143763065,
        "dvar2": 1.83729290962,
        "max": 17.6652774811,
        "mean": 3.2543284893,
        "median": 2.91651391983,
        "min": -2.75403904915,
        "var": 3.91392588615
    },
    "melbands_spread": {
        "dmean": 5.38435029984,
        "dmean2": 8.03907489777,
        "dvar": 52.9631881714,
        "dvar2": 120.570541382,
        "max": 160.932327271,
        "mean": 18.8513660431,
        "median": 13.0046634674,
        "min": 0.396765112877,
        "var": 324.853057861
    },
    "pitch_salience": {
        "dmean": 0.0667172372341,
        "dmean2": 0.101800568402,
        "dvar": 0.00483159627765,
        "dvar2": 0.0111877238378,
        "max": 0.986592292786,
        "mean": 0.448778897524,
        "median": 0.448558747768,
        "min": 0.0637341141701,
        "var": 0.0154159544036
    },
    "silence_rate_20dB": {
        "dmean": 0,
        "dmean2": 0,
        "dvar": 0,
        "dvar2": 0,
        "max": 1,
        "mean": 1,
        "median": 1,
        "min": 1,
        "var": 0
    },
    "silence_rate_30dB": {
        "dmean": 0.0245575215667,
        "dmean2": 0.049120478332,
        "dvar": 0.0239568427205,
        "dvar2": 0.0628641545773,
        "max": 1,
        "mean": 0.982745289803,
        "median": 1,
        "min": 0,
        "var": 0.016958527267
    },
    "silence_rate_60dB": {
        "dmean": 0.00353982299566,
        "dmean2": 0.00708042923361,
        "dvar": 0.00352804479189,
        "dvar2": 0.00769548304379,
        "max": 1,
        "mean": 0.0384913161397,
        "median": 0,
        "min": 0,
        "var": 0.0370084829628
    },
    "spectral_centroid": {
        "dmean": 225.814865112,
        "dmean2": 344.642089844,
        "dvar": 79648.09375,
        "dvar2": 182975.3125,
        "max": 11848.5605469,
        "mean": 1370.81237793,
        "median": 1086.57556152,
        "min": 164.125427246,
        "var": 1176486.5
    },
    "spectral_complexity": {
        "dmean": 3.81659293175,
        "dmean2": 5.82896327972,
        "dvar": 22.9141521454,
        "dvar2": 48.3296394348,
        "max": 59,
        "mean": 18.0311908722,
        "median": 14,
        "min": 0,
        "var": 130.476638794
    },
    "spectral_decrease": {
        "dmean": 3.08203729205e-09,
        "dmean2": 4.60868543328e-09,
        "dvar": 2.38297449956e-17,
        "dvar2": 5.72964783084e-17,
        "max": 1.35487176016e-21,
        "mean": -9.38332345157e-09,
        "median": -8.0494189092e-09,
        "min": -5.20962295525e-08,
        "var": 4.67945601642e-17
    },
    "spectral_energy": {
        "dmean": 0.0119384778664,
        "dmean2": 0.0178510472178,
        "dvar": 0.000347710651113,
        "dvar2": 0.000832395162433,
        "max": 0.199793189764,
        "mean": 0.0373309403658,
        "median": 0.0323807857931,
        "min": 9.86929383676e-21,
        "var": 0.000708923093043
    },
    "spectral_energyband_high": {
        "dmean": 0.000454481720226,
        "dmean2": 0.000679095217492,
        "dvar": 6.8645670126e-07,
        "dvar2": 1.54743725034e-06,
        "max": 0.0130416983739,
        "mean": 0.00118530262262,
        "median": 0.000351586582838,
        "min": 7.070853775e-21,
        "var": 3.02513899442e-06
    },
    "spectral_energyband_low": {
        "dmean": 0.00939172320068,
        "dmean2": 0.0138782877475,
        "dvar": 0.000301082240185,
        "dvar2": 0.00075359235052,
        "max": 0.189864873886,
        "mean": 0.0224745050073,
        "median": 0.0157983060926,
        "min": 8.22050018998e-24,
        "var": 0.000531190540642
    },
    "spectral_energyband_middle_high": {
        "dmean": 0.00130080396775,
        "dmean2": 0.00192821596283,
        "dvar": 3.93602022086e-06,
        "dvar2": 8.61552962306e-06,
        "max": 0.0374369323254,
        "mean": 0.00405415333807,
        "median": 0.00248623103835,
        "min": 1.09422181771e-21,
        "var": 1.96354412765e-05
    },
    "spectral_energyband_middle_low": {
        "dmean": 0.00482505001128,
        "dmean2": 0.00740125123411,
        "dvar": 7.96903623268e-05,
        "dvar2": 0.000186590637895,
        "max": 0.0941032543778,
        "mean": 0.0112553648651,
        "median": 0.00786821451038,
        "min": 1.13483661802e-22,
        "var": 0.000125108839711
    },
    "spectral_entropy": {
        "dmean": 0.176829889417,
        "dmean2": 0.253015249968,
        "dvar": 0.0406072624028,
        "dvar2": 0.0826252624393,
        "max": 9.82567691803,
        "mean": 7.3401966095,
        "median": 7.36344623566,
        "min": 5.26745128632,
        "var": 0.376550167799
    },
    "spectral_flux": {
        "dmean": 0.0256766993552,
        "dmean2": 0.0388588756323,
        "dvar": 0.00107027497143,
        "dvar2": 0.00230573047884,
        "max": 0.379482924938,
        "mean": 0.0750331431627,
        "median": 0.0600300878286,
        "min": 6.36279362531e-11,
        "var": 0.00298834010027
    },
    "spectral_kurtosis": {
        "dmean": 1.70997881889,
        "dmean2": 2.81769180298,
        "dvar": 7.30945014954,
        "dvar2": 18.5190238953,
        "max": 67.6569976807,
        "mean": 5.46166372299,
        "median": 3.96512651443,
        "min": -1.2477247715,
        "var": 26.9654979706
    },
    "spectral_rms": {
        "dmean": 0.00087264389731,
        "dmean2": 0.00126062962227,
        "dvar": 1.25198118894e-06,
        "dvar2": 2.83249278255e-06,
        "max": 0.0139613822103,
        "mean": 0.00562811736017,
        "median": 0.00562058808282,
        "min": 3.10299507443e-12,
        "var": 4.74480884805e-06
    },
    "spectral_rolloff": {
        "dmean": 379.093811035,
        "dmean2": 616.506408691,
        "dvar": 497221.59375,
        "dvar2": 1119394.625,
        "max": 19767.4804688,
        "mean": 1209.98828125,
        "median": 667.529296875,
        "min": 64.599609375,
        "var": 3570525.25
    },
    "spectral_skewness": {
        "dmean": 0.218768537045,
        "dmean2": 0.345792323351,
        "dvar": 0.0632985979319,
        "dvar2": 0.145207822323,
        "max": 6.48686695099,
        "mean": 1.67572069168,
        "median": 1.4991877079,
        "min": -0.100079961121,
        "var": 0.491565287113
    },
    "spectral_spread": {
        "dmean": 475691.3125,
        "dmean2": 668291.125,
        "dvar": 465673977856,
        "dvar2": 894298750976,
        "max": 42182652,
        "mean": 4828568,
        "median": 4511863,
        "min": 954435.875,
        "var": 1.01668502897e+13
    },
    "spectral_strongpeak": {
        "dmean": 0.35223698616,
        "dmean2": 0.607563853264,
        "dvar": 0.556171357632,
        "dvar2": 1.41266012192,
        "max": 12.9841775894,
        "mean": 0.656824707985,
        "median": 0.38343539834,
        "min": 0,
        "var": 0.720472931862
    },
    "zerocrossingrate": {
        "dmean": 0.00917304400355,
        "dmean2": 0.0106418197975,
        "dvar": 0.000122932047816,
        "dvar2": 0.00015489931684,
        "max": 0.6640625,
        "mean": 0.0511561147869,
        "median": 0.03955078125,
        "min": 0.0029296875,
        "var": 0.00256520533003
    },
    "barkbands": {
        "dmean": [0.000357322132913, 0.00752387521788, 0.00247035268694, 0.00157295318786, 0.00182238360867, 0.00105654017534, 0.000501485657878, 0.000566600065213, 0.000585406727623, 0.000573410186917, 0.000306055386318, 0.000175122986548, 0.000214130544919, 0.000250919925747, 0.000150876687258, 0.000166175115737, 0.000153962668264, 0.000120088312542, 0.000219639841816, 0.000153965971549, 0.00016533996677, 0.000107680316432, 6.25001557637e-05, 3.9936923713e-05, 4.83288313262e-05, 5.70828015043e-05, 1.47953660417e-05],
        "dmean2": [0.00058342673583, 0.011401059106, 0.00385454320349, 0.00259637855925, 0.00290353270248, 0.00164038431831, 0.000792434089817, 0.000841968052555, 0.000891446718015, 0.000852851720992, 0.000479971553432, 0.000285149144474, 0.000310241943225, 0.00038288460928, 0.000246769224759, 0.000266135553829, 0.000249152508331, 0.000191408093087, 0.000355481810402, 0.000253108621109, 0.000262064248091, 0.000164883196703, 9.59899698501e-05, 5.78406252316e-05, 7.22601253074e-05, 8.72633390827e-05, 2.27358614211e-05],
        "dvar": [5.33239983724e-07, 0.000239453380345, 3.42525927408e-05, 2.66096340056e-05, 2.13075472857e-05, 5.8569085013e-06, 1.63666743447e-06, 1.43751174164e-06, 1.79035350811e-06, 1.6890724055e-06, 4.70604959446e-07, 1.65573325717e-07, 2.39444204908e-07, 2.57731443298e-07, 1.07146341577e-07, 2.45176778435e-07, 1.07150839312e-07, 5.84246571123e-08, 2.16149899757e-07, 8.64852651716e-08, 9.17533213851e-08, 4.66473437655e-08, 1.80158803431e-08, 8.64902283126e-09, 1.30070789695e-08, 1.77011614255e-08, 4.74079042689e-09],
        "dvar2": [1.41740281379e-06, 0.00062362733297, 9.25261992961e-05, 7.28411760065e-05, 4.94945015816e-05, 1.21986440718e-05, 3.65316077477e-06, 2.84960833596e-06, 3.8108046283e-06, 3.84762779504e-06, 1.17980425784e-06, 4.14143926264e-07, 3.70392086779e-07, 5.57690384539e-07, 2.7159890692e-07, 6.30820125025e-07, 2.9468353091e-07, 1.36436952403e-07, 5.51205801003e-07, 2.33064653798e-07, 2.32397638911e-07, 1.1082025253e-07, 4.15528305098e-08, 1.97410816583e-08, 3.03633136411e-08, 4.01082687063e-08, 1.14866844925e-08],
        "max": [0.00983094517142, 0.175342291594, 0.0916753560305, 0.0672321990132, 0.0612560883164, 0.0503336675465, 0.0225832480937, 0.0276502836496, 0.0303898472339, 0.0285846535116, 0.0221027247608, 0.00756850512698, 0.0200256835669, 0.0102115785703, 0.00689107552171, 0.0183805953711, 0.00780716398731, 0.00718195317313, 0.0113467210904, 0.00515242200345, 0.00552284251899, 0.00419357139617, 0.00293207843788, 0.00221169390716, 0.00198072846979, 0.00192348158453, 0.00155731034465],
        "mean": [0.000644291518256, 0.0162216089666, 0.00436980649829, 0.00200564111583, 0.00292652705684, 0.00206444226205, 0.00081473850878, 0.00140531291254, 0.00125006423332, 0.0009725689888, 0.000523417489603, 0.000262277317233, 0.000471973704407, 0.000441501731984, 0.000245795527007, 0.000315957906423, 0.000321265368257, 0.000259592285147, 0.000466367375338, 0.000303890614305, 0.000377192889573, 0.000244638940785, 0.000137425973662, 8.4399318439e-05, 8.83601387613e-05, 9.62329868344e-05, 1.57058475452e-05],
        "median": [0.0001654412481, 0.0103349825367, 0.00253715901636, 0.000617431185674, 0.000936995609663, 0.000543469679542, 0.00024489936186, 0.000369273126125, 0.000366894993931, 0.000335057760822, 0.000213546911255, 0.000105268190964, 0.000101510784589, 0.000137114606332, 8.68701099535e-05, 6.16220204392e-05, 0.000104832412035, 7.86277378211e-05, 0.000131757798954, 9.1455753136e-05, 0.000108340973384, 4.74764456158e-05, 2.66558072326e-05, 1.91132512555e-05, 1.80539409484e-05, 1.20033182611e-05, 7.25663880985e-07],
        "min": [9.99441962081e-26, 2.17444479536e-24, 9.52805528418e-25, 5.70512736214e-25, 6.94544379848e-24, 7.85678088127e-24, 1.14573305905e-23, 1.43244565945e-23, 1.32274626754e-23, 2.23267373477e-23, 1.49652561965e-23, 2.58441971266e-23, 3.67808479652e-23, 4.64333815559e-23, 6.21588945612e-23, 5.97206201664e-23, 5.28962065635e-23, 7.40449016339e-23, 1.3814644506e-22, 1.80718756382e-22, 2.4330262609e-22, 2.82837860792e-22, 4.7045200617e-22, 6.6713358385e-22, 8.73469708294e-22, 1.28540343191e-21, 1.8849075286e-21],
        "var": [1.20068455089e-06, 0.000366798165487, 3.72791982954e-05, 2.14004303416e-05, 3.29128379235e-05, 1.86314337043e-05, 3.73393208974e-06, 7.24998426449e-06, 5.60109310754e-06, 3.45705166183e-06, 9.40459131016e-07, 2.41640861987e-07, 1.76023036147e-06, 6.7151620442e-07, 2.34616265971e-07, 7.40546624911e-07, 3.50662418214e-07, 2.30678182334e-07, 6.60583225454e-07, 2.03977933211e-07, 3.27683068235e-07, 2.04600496545e-07, 5.54048611434e-08, 2.72099249798e-08, 2.6680213594e-08, 3.95721819757e-08, 4.36800684511e-09]
    },
    "erbbands": {
        "dmean": [0.234539121389, 1.67907297611, 2.84988331795, 4.35699605942, 4.60235261917, 6.63895797729, 7.59625196457, 9.74624252319, 8.48702335358, 11.9149923325, 7.74282598495, 16.3022136688, 22.2124252319, 6.25607824326, 14.0222291946, 7.36473035812, 10.1145133972, 13.2966070175, 7.27353525162, 8.67321395874, 7.89374828339, 6.60851240158, 6.21563816071, 12.2796020508, 8.63585758209, 7.53344488144, 7.15044689178, 5.70170402527, 4.15792512894, 2.42132949829, 1.74825847149, 0.90581882, 0.682901978493, 0.52879357338, 0.374513745308, 0.253104269505, 0.108311377466, 0.0271150059998, 0.00222592870705, 4.31603111792e-05],
        "dmean2": [0.365529000759, 2.5210416317, 4.30557537079, 6.99773979187, 7.58555269241, 10.5904064178, 11.9342689514, 15.2927627563, 12.9830970764, 18.1298961639, 11.8207063675, 24.7934646606, 33.1778907776, 9.59395980835, 21.9173851013, 11.6921834946, 14.5658435822, 20.0429401398, 11.5756292343, 13.8906803131, 12.6850786209, 10.6249017715, 9.8370552063, 20.0532569885, 14.1287069321, 12.3410558701, 11.5998563766, 9.02916240692, 6.38367986679, 3.70276761055, 2.67125034332, 1.34970295429, 1.00642812252, 0.789076924324, 0.579001426697, 0.392047911882, 0.168884724379, 0.0415534302592, 0.00342585379258, 6.44483443466e-05],
        "dvar": [0.275603204966, 11.5829744339, 31.1086215973, 172.474121094, 155.745117188, 355.131958008, 365.781890869, 518.271850586, 470.358398438, 693.573181152, 222.009918213, 1422.77185059, 2831.74536133, 286.751037598, 1116.96179199, 267.681549072, 541.927368164, 708.008666992, 244.360946655, 372.770355225, 330.58190918, 179.174789429, 142.792282104, 921.030090332, 284.797088623, 213.791427612, 206.917266846, 108.858901978, 66.3089447021, 22.5453033447, 15.6015501022, 4.52030754089, 2.97700691223, 1.77517306805, 0.691154778004, 0.297773182392, 0.0687226653099, 0.0105096530169, 0.000120766802866, 2.21158487079e-08],
        "dvar2": [0.693730890751, 30.4210166931, 84.8158569336, 456.431549072, 416.040710449, 792.072692871, 838.772644043, 1102.40490723, 1009.22424316, 1514.80688477, 461.081695557, 3075.203125, 6654.60351562, 671.43548584, 2776.29638672, 671.200073242, 816.738220215, 1507.69787598, 590.355102539, 905.393432617, 859.920837402, 476.77557373, 337.151489258, 2369.15087891, 746.959777832, 575.569946289, 537.860412598, 276.154083252, 158.702529907, 50.3789863586, 36.5708732605, 10.7477483749, 7.07349681854, 4.30160570145, 1.60190355778, 0.698969364166, 0.156822308898, 0.0253386069089, 0.000291384058073, 5.23671168651e-08],
        "max": [6.43201208115, 43.6191635132, 84.0248794556, 170.10017395, 175.190643311, 314.31060791, 234.52734375, 489.117034912, 365.174377441, 550.900146484, 518.372619629, 872.011779785, 1154.55822754, 534.958740234, 1168.11157227, 303.485076904, 989.005126953, 541.241760254, 321.113800049, 567.789489746, 504.491271973, 304.029815674, 345.694793701, 845.002929688, 353.336029053, 306.109527588, 282.37197876, 177.235717773, 157.494049072, 83.0878372192, 111.245811462, 50.9653587341, 39.5710334778, 20.2034511566, 11.7253427505, 7.43824386597, 3.66853141785, 2.38009381294, 0.210965618491, 0.00298413797282],
        "mean": [0.462154507637, 3.55826282501, 5.83425760269, 6.43378400803, 5.7388010025, 10.9150791168, 13.4793186188, 18.6492176056, 15.694849968, 26.5845985413, 18.7635002136, 35.5070991516, 38.9045028687, 11.1328992844, 24.6148338318, 12.8849010468, 22.8644733429, 24.8768367767, 12.816775322, 17.3509502411, 16.4539585114, 14.4993019104, 15.280790329, 24.7099113464, 17.837097168, 15.4945678711, 15.5342931747, 13.1042890549, 9.6252450943, 5.21984052658, 3.92885184288, 2.01160430908, 1.34614980221, 0.967285096645, 0.658339738846, 0.440724551678, 0.173840910196, 0.0350236855447, 0.00243571470492, 8.42564695631e-05],
        "median": [0.231449320912, 2.21398043633, 3.8743057251, 2.40458226204, 2.72928476334, 2.48926067352, 3.89681315422, 5.02460861206, 4.36335992813, 7.13143873215, 8.19058132172, 11.2453746796, 15.6781482697, 5.66536903381, 9.77905654907, 6.23187923431, 5.71160078049, 8.94678401947, 5.63152503967, 5.42295742035, 4.59424686432, 4.80139923096, 4.67220926285, 6.55995368958, 5.27322149277, 4.79478788376, 4.55777311325, 3.58597350121, 2.11658000946, 1.00750362873, 0.750399410725, 0.504218459129, 0.289873540401, 0.209609761834, 0.127656161785, 0.0636015385389, 0.0190274249762, 0.00396290235221, 0.000163423406775, 4.78721594845e-05],
        "min": [5.43146826007e-23, 4.71292818299e-22, 1.91200698328e-21, 3.21824674344e-21, 1.26300745624e-20, 2.06786784397e-20, 4.36400716396e-20, 6.03619800868e-20, 1.34760077795e-19, 1.67021827745e-19, 3.20566841209e-19, 2.98422569976e-19, 5.03615887858e-19, 4.99772651636e-19, 1.0236332163e-18, 1.02416033715e-18, 2.13963334891e-18, 1.55121624882e-18, 2.73975846678e-18, 3.0691074587e-18, 4.16697113939e-18, 2.90605258238e-18, 4.68412363118e-18, 6.95522575792e-18, 6.85173512353e-18, 8.83156834503e-18, 6.90488726815e-18, 1.07430876149e-17, 9.86256129743e-18, 1.28915304373e-17, 1.21218264696e-17, 1.01150772046e-17, 1.05687874249e-17, 8.32654893847e-18, 6.28549194393e-18, 4.89842420761e-18, 2.50304605204e-18, 9.68308585198e-19, 2.53122256374e-19, 2.80404372574e-20],
        "var": [0.429808080196, 17.7440757751, 44.0882797241, 160.770019531, 127.950973511, 616.743103027, 736.463928223, 1511.13867188, 1373.89953613, 2646.60742188, 842.600463867, 4340.67138672, 5172.40820312, 447.477874756, 2246.17358398, 446.963684082, 4067.25756836, 1921.34362793, 479.168518066, 1427.62988281, 1077.77148438, 584.524169922, 663.109375, 2453.04003906, 850.74609375, 549.286132812, 554.861694336, 424.138061523, 305.721374512, 80.4122772217, 46.2651100159, 14.722410202, 7.34297847748, 3.41609191895, 1.4306896925, 0.746693015099, 0.146195247769, 0.0110443131998, 0.000110889865027, 2.42449811338e-08]
    },
    "gfcc": {
        "mean": [-14.6798477173, 94.8634338379, -97.6742172241, 35.7045898438, -48.7535972595, 15.8492841721, -20.2126083374, 15.3924379349, -20.1684093475, 10.1158638, -15.9386787415, 0.848748207092, -10.401892662],
        "cov": [[23578.9902344, -943.098327637, -208.438598633, 1911.89160156, -186.59715271, 235.865493774, -171.175292969, 676.359985352, -622.47869873, 142.859817505, -543.733276367, 517.74407959, -479.360168457], [-943.098327637, 1810.2322998, -253.198974609, -54.3196563721, 191.85458374, 8.99451160431, 243.478347778, -57.3624992371, 162.848373413, -152.003997803, 188.433563232, -311.095977783, 172.711929321], [-208.438598633, -253.198974609, 784.266662598, -12.6819572449, -26.084859848, 4.48487186432, -18.4841918945, 134.975997925, -28.2845306396, -26.6831607819, 9.29349422455, 86.0216674805, -9.17409801483], [1911.89160156, -54.3196563721, -12.6819572449, 546.244812012, 75.0999145508, 52.025592804, 81.64453125, 82.4026260376, -4.29639816284, -49.142288208, -42.4410209656, -0.876192033291, -22.0511894226], [-186.59715271, 191.85458374, -26.084859848, 75.0999145508, 352.062255859, 4.51505899429, 103.196578979, -32.955078125, -0.898132443428, 5.00147247314, -2.41573429108, -18.0036373138, -1.15238118172], [235.865493774, 8.99451160431, 4.48487186432, 52.025592804, 4.51505899429, 176.973739624, 32.7565422058, 37.6981582642, 14.5005788803, -26.5199279785, -4.15490818024, -38.1245117188, -2.66716766357], [-171.175292969, 243.478347778, -18.4841918945, 81.64453125, 103.196578979, 32.7565422058, 231.417617798, 58.3936958313, 51.3746681213, -31.5134792328, -20.0779190063, -52.673866272, 2.0793132782], [676.359985352, -57.3624992371, 134.975997925, 82.4026260376, -32.955078125, 37.6981582642, 58.3936958313, 200.785293579, 23.3254871368, -8.31698894501, -32.0415115356, 21.5028247833, -16.9802322388], [-622.47869873, 162.848373413, -28.2845306396, -4.29639816284, -0.898132443428, 14.5005788803, 51.3746681213, 23.3254871368, 142.587539673, -8.99226379395, 41.7143440247, -64.9758758545, 13.0550813675], [142.859817505, -152.003997803, -26.6831607819, -49.142288208, 5.00147247314, -26.5199279785, -31.5134792328, -8.31698894501, -8.99226379395, 148.699813843, -3.30474877357, 48.9720916748, -49.6861534119], [-543.733276367, 188.433563232, 9.29349422455, -42.4410209656, -2.41573429108, -4.15490818024, -20.0779190063, -32.0415115356, 41.7143440247, -3.30474877357, 134.170074463, -22.6208305359, 38.950668335], [517.74407959, -311.095977783, 86.0216674805, -0.876192033291, -18.0036373138, -38.1245117188, -52.673866272, 21.5028247833, -64.9758758545, 48.9720916748, -22.6208305359, 162.474655151, -16.8090133667], [-479.360168457, 172.711929321, -9.17409801483, -22.0511894226, -1.15238118172, -2.66716766357, 2.0793132782, -16.9802322388, 13.0550813675, -49.6861534119, 38.950668335, -16.8090133667, 119.779243469]],
        "icov": [[0.000110253764433, -0.000158436625497, 8.31472061691e-05, -0.000373021175619, 0.000111373454274, -0.000129916646983, 0.000274403690128, -0.000299542152788, 0.000367511907825, -0.000104552855191, 0.000236935826251, -0.000342611689121, 0.000349784037098], [-0.000158436625497, 0.00158820371144, 0.000159505623742, 0.000767518533394, -0.000600802479312, 0.000709510117304, -0.00137427379377, 9.07591820578e-05, -0.000210976504604, 0.000554577622097, -0.00188330584206, 0.0024373056367, -0.00151636765804], [8.31472061691e-05, 0.000159505623742, 0.00175531406421, 1.95809261641e-05, -0.0001868026593, 3.8617534301e-05, 0.000253750447882, -0.00159265880939, 0.000629719288554, 0.000752134481445, -0.00075104489224, -0.000644727027975, 0.000406803708756], [-0.000373021175619, 0.000767518533394, 1.95809261641e-05, 0.00353449047543, -0.000941761711147, 0.000180839298991, -0.0013527207775, 5.67168171983e-05, -0.00099804031197, 0.0013775723055, -0.000909278984182, 0.00113678385969, -0.000785427226219], [0.000111373454274, -0.000600802479312, -0.0001868026593, -0.000941761711147, 0.00392848020419, -0.00030964933103, -0.00145361898467, 0.0011973179644, 0.000788651697803, -0.000933470786549, 0.000547538453247, -0.000946974789258, 0.000566094240639], [-0.000129916646983, 0.000709510117304, 3.8617534301e-05, 0.000180839298991, -0.00030964933103, 0.00679594604298, -0.000828143907711, -0.00101605337113, 6.22988227406e-05, 0.000836459221318, -0.00104052864481, 0.00276368670166, -0.000421660923166], [0.000274403690128, -0.00137427379377, 0.000253750447882, -0.0013527207775, -0.00145361898467, -0.000828143907711, 0.00817275885493, -0.00256915064529, -0.00107846874744, 0.000212847648072, 0.00291743478738, -0.000954040966462, 0.00143489486072], [-0.000299542152788, 9.07591820578e-05, -0.00159265880939, 5.67168171983e-05, 0.0011973179644, -0.00101605337113, -0.00256915064529, 0.00885787513107, -0.00304898549803, -7.53217245801e-05, 0.00138961372431, -0.00119088962674, -0.000469909689855], [0.000367511907825, -0.000210976504604, 0.000629719288554, -0.00099804031197, 0.000788651697803, 6.22988227406e-05, -0.00107846874744, -0.00304898549803, 0.0119398636743, -0.00130221538711, -0.00289383437485, 0.00308595225215, 0.000767524237745], [-0.000104552855191, 0.000554577622097, 0.000752134481445, 0.0013775723055, -0.000933470786549, 0.000836459221318, 0.000212847648072, -7.53217245801e-05, -0.00130221538711, 0.0100147873163, -0.00155644491315, -0.00220956001431, 0.00358067988418], [0.000236935826251, -0.00188330584206, -0.00075104489224, -0.000909278984182, 0.000547538453247, -0.00104052864481, 0.00291743478738, 0.00138961372431, -0.00289383437485, -0.00155644491315, 0.0123387128115, -0.00247632409446, -0.00112280424219], [-0.000342611689121, 0.0024373056367, -0.000644727027975, 0.00113678385969, -0.000946974789258, 0.00276368670166, -0.000954040966462, -0.00119088962674, 0.00308595225215, -0.00220956001431, -0.00247632409446, 0.0138638066128, -0.00332755409181], [0.000349784037098, -0.00151636765804, 0.000406803708756, -0.000785427226219, 0.000566094240639, -0.000421660923166, 0.00143489486072, -0.000469909689855, 0.000767524237745, 0.00358067988418, -0.00112280424219, -0.00332755409181, 0.01302592922]]
    },
    "melbands": {
        "dmean": [0.0020710346289, 0.00169858208392, 0.000746344216168, 0.000362943974324, 0.000304779328872, 0.000216402084334, 0.000120285432786, 0.000136556278449, 6.60514197079e-05, 9.89712279988e-05, 0.000109372027509, 2.35815350607e-05, 4.19568314101e-05, 2.78662519122e-05, 1.86747765838e-05, 2.1146137442e-05, 2.79728319583e-05, 1.21971979752e-05, 1.02207804957e-05, 1.52116126628e-05, 9.04679109226e-06, 7.75170974521e-06, 6.80009679854e-06, 6.6834604695e-06, 1.12553907456e-05, 6.71603083902e-06, 5.80973210162e-06, 5.09492792844e-06, 4.63306969323e-06, 4.56041561847e-06, 3.59841828868e-06, 2.7444857551e-06, 1.79111646048e-06, 1.31692695504e-06, 1.18252830816e-06, 7.23134178315e-07, 5.49766525637e-07, 5.0790424666e-07, 4.94482037539e-07, 4.50508451877e-07],
        "dmean2": [0.003181474749, 0.00251633510925, 0.00120230473112, 0.000582618988119, 0.00047598866513, 0.000336886820151, 0.000183997894055, 0.000206022552447, 0.00010091108561, 0.00015072520182, 0.000163493590662, 3.64140214515e-05, 6.59769648337e-05, 4.43178250862e-05, 2.79593732557e-05, 3.07978007186e-05, 4.23663841502e-05, 1.95581742446e-05, 1.66015161085e-05, 2.42594342126e-05, 1.46574129758e-05, 1.24858579511e-05, 1.10652863441e-05, 1.05394410639e-05, 1.85221033462e-05, 1.10961718747e-05, 9.41172402236e-06, 8.39851782075e-06, 7.57526549933e-06, 7.43220743971e-06, 5.75804551772e-06, 4.23352548751e-06, 2.84501129499e-06, 2.04465550269e-06, 1.84059058483e-06, 1.10628911898e-06, 8.46503496632e-07, 7.61867454457e-07, 7.39501160751e-07, 6.91365755756e-07],
        "dvar": [1.97792742256e-05, 9.66934021562e-06, 4.85239388581e-06, 8.32251942029e-07, 6.27375015938e-07, 2.48923271329e-07, 9.58594981171e-08, 9.07809507567e-08, 1.63032929379e-08, 5.11360980227e-08, 6.95582258459e-08, 4.78262229819e-09, 9.23720566703e-09, 3.89630328002e-09, 1.65748825776e-09, 2.32220442875e-09, 3.38057160043e-09, 6.78233191831e-10, 5.00089969435e-10, 2.10875916729e-09, 3.70183633747e-10, 2.57254217928e-10, 2.07222919379e-10, 2.58161853006e-10, 8.23210943857e-10, 1.91363924706e-10, 1.20777221557e-10, 9.95598603559e-11, 9.80672279494e-11, 7.33496388627e-11, 4.82308012972e-11, 3.37034983255e-11, 1.36994998678e-11, 7.10230528903e-12, 8.19942117675e-12, 2.77705636265e-12, 2.03735552734e-12, 1.5810237234e-12, 1.92773162884e-12, 1.24118022717e-12],
        "dvar2": [5.06999313075e-05, 2.59164771705e-05, 1.29002128233e-05, 2.0211091396e-06, 1.39410826705e-06, 5.23290566434e-07, 2.03592122716e-07, 1.91758687151e-07, 3.39948229566e-08, 1.10173807855e-07, 1.63351359106e-07, 1.1272851097e-08, 2.34433823465e-08, 9.77947323122e-09, 2.71878675129e-09, 3.96230426247e-09, 7.17707004938e-09, 1.63904578798e-09, 1.22788978985e-09, 5.40536992943e-09, 9.83590764392e-10, 6.71207700531e-10, 5.75246628109e-10, 5.76894199078e-10, 2.12978323866e-09, 5.08677711064e-10, 3.17391612992e-10, 2.71835387533e-10, 2.46916875835e-10, 1.95076524379e-10, 1.26124860556e-10, 8.23466850264e-11, 3.33607204361e-11, 1.66286706627e-11, 1.97204926e-11, 6.64534573203e-12, 5.13878783276e-12, 3.79258473585e-12, 4.69712463369e-12, 3.05965539363e-12],
        "max": [0.05016669631, 0.0418965108693, 0.0263653229922, 0.0150938779116, 0.00898700021207, 0.00949504505843, 0.00536109600216, 0.00674524577335, 0.00397880515084, 0.00591564318165, 0.00562674785033, 0.0021432179492, 0.00305434479378, 0.00158512790222, 0.00179407407995, 0.00211286754347, 0.00124382891227, 0.00047704402823, 0.000471379928058, 0.00181554502342, 0.000479337002616, 0.000328751513734, 0.000372966838768, 0.000577519414946, 0.000805163057521, 0.000220887115574, 0.000189414509805, 0.000183291660505, 0.0002088562469, 0.000165497462149, 0.000127170191263, 0.000135333233629, 9.55430368776e-05, 4.33051682194e-05, 9.39977326198e-05, 4.21699733124e-05, 3.42692983395e-05, 3.35813274432e-05, 2.41354628088e-05, 1.76198773261e-05],
        "mean": [0.00436047185212, 0.00378042832017, 0.00109938660171, 0.000531219353434, 0.000549036718439, 0.000417499861214, 0.000218848930672, 0.000314685516059, 0.000154423003551, 0.000212753744563, 0.000185778582818, 3.732201003e-05, 7.33345514163e-05, 4.5418368245e-05, 3.81906611437e-05, 4.47624079243e-05, 4.92702420161e-05, 2.06153708859e-05, 1.64212488016e-05, 3.01265772578e-05, 1.76981357072e-05, 1.59828068718e-05, 1.39686508192e-05, 1.48609196913e-05, 2.09984737012e-05, 1.24064108604e-05, 1.16362771223e-05, 9.72190900939e-06, 9.11234747036e-06, 9.5404966487e-06, 7.36948049962e-06, 5.9899880398e-06, 3.70884345102e-06, 2.52867334893e-06, 2.46813669946e-06, 1.57654835675e-06, 1.07646212655e-06, 9.7697829915e-07, 8.34644879433e-07, 7.96208155407e-07],
        "median": [0.00259575201198, 0.00267896521837, 0.000478081783513, 0.000199746413273, 0.000141543219797, 0.000109516018711, 5.56577870157e-05, 7.80457048677e-05, 6.83223261149e-05, 6.7888526246e-05, 6.6848937422e-05, 1.64126431628e-05, 2.97709684673e-05, 1.92910229089e-05, 1.21226248666e-05, 9.02670490177e-06, 1.55063698912e-05, 8.64955381985e-06, 5.45838474864e-06, 6.62678075969e-06, 5.0310086408e-06, 4.99660973219e-06, 4.23321262133e-06, 3.9255601223e-06, 5.40404425919e-06, 3.36904054166e-06, 3.42726298186e-06, 2.91349306281e-06, 2.52613108387e-06, 2.71444218924e-06, 1.56014300501e-06, 1.20472998333e-06, 6.52596952477e-07, 4.48953755949e-07, 4.29690288684e-07, 3.83617930311e-07, 2.2518757703e-07, 1.9213608482e-07, 1.60709902275e-07, 1.67917193039e-07],
        "min": [7.4538012472e-25, 9.57744586546e-25, 5.54844824649e-25, 1.12379714469e-24, 1.50521464641e-24, 1.43334645972e-24, 2.40407017474e-24, 1.81150764224e-24, 2.61931718362e-24, 1.79901070499e-24, 2.46361635409e-24, 2.05437937672e-24, 2.50827357272e-24, 2.56128246176e-24, 2.8182288553e-24, 2.95656922288e-24, 2.65622680208e-24, 3.52149204142e-24, 4.07842468506e-24, 3.42574010474e-24, 4.34324647423e-24, 3.104143799e-24, 3.22226171728e-24, 3.59189708835e-24, 4.05852054113e-24, 3.99437707763e-24, 4.61275488604e-24, 4.99168422187e-24, 3.94308928588e-24, 5.11166878226e-24, 5.69458295425e-24, 5.46390069847e-24, 5.11417104905e-24, 6.66351279957e-24, 7.26608341316e-24, 5.88303038602e-24, 5.62382844194e-24, 6.79761205371e-24, 5.02927738831e-24, 6.06319004512e-24],
        "var": [3.07490590785e-05, 1.5028339476e-05, 4.2932215365e-06, 1.00734609987e-06, 1.29296643081e-06, 7.64628850902e-07, 2.82016799247e-07, 3.94509157786e-07, 5.69981324361e-08, 1.54077937964e-07, 1.27407076889e-07, 7.11105307971e-09, 1.87868511858e-08, 6.40618758041e-09, 1.10278959298e-08, 1.45394913886e-08, 9.11829012296e-09, 1.2449408171e-09, 1.10234843476e-09, 6.72176625471e-09, 1.18664567061e-09, 8.36488767142e-10, 5.97843052841e-10, 1.09479536547e-09, 2.06187844576e-09, 4.65306487785e-10, 3.53643198059e-10, 2.25868324044e-10, 2.21676024759e-10, 2.21219778607e-10, 1.60205501643e-10, 1.50419551814e-10, 4.21098086956e-11, 2.04442296425e-11, 1.97565193372e-11, 8.26764871842e-12, 5.13825700738e-12, 3.94919947438e-12, 3.55982105772e-12, 2.28625191695e-12]
    },
    "mfcc": {
        "mean": [-658.292419434, 126.451293945, 9.97352790833, 32.7155761719, 0.982822477818, 10.1805076599, 9.35460662842, 7.63752031326, 7.92386865616, 7.53573846817, 5.19500637054, 3.51491641998, -0.60946559906],
        "cov": [[11236.9921875, -774.014831543, -57.4566802979, 937.103881836, -3.98737859726, 222.023925781, -54.0418815613, 171.89440918, 40.1071853638, -104.182342529, -27.6134853363, -99.1251068115, 60.4690475464], [-774.014831543, 1752.12243652, -27.7323150635, 49.8845252991, 35.2511558533, -21.7435855865, 171.757736206, 38.7450027466, 109.354812622, 102.017044067, 9.32105255127, 68.251953125, -35.2005844116], [-57.4566802979, -27.7323150635, 569.399780273, -109.239868164, 27.9973583221, -97.434387207, -21.9133358002, 55.7448234558, -9.00069713593, 7.57390928268, -12.4927530289, -9.68080234528, 3.83411049843], [937.103881836, 49.8845252991, -109.239868164, 372.305267334, 24.842256546, 77.4919891357, 40.4597396851, 45.1540603638, 52.9298706055, 0.0527932904661, 4.6598815918, 1.29977965355, -1.08402049541], [-3.98737859726, 35.2511558533, 27.9973583221, 24.842256546, 176.209594727, 26.0717830658, 24.2988929749, 2.12352180481, -11.5143032074, 0.646014511585, -13.4398269653, -1.31320250034, -8.98187065125], [222.023925781, -21.7435855865, -97.434387207, 77.4919891357, 26.0717830658, 159.797424316, 39.8196105957, 7.10728263855, 9.26671504974, 11.3454294205, 19.8434638977, -2.43334507942, -10.0339174271], [-54.0418815613, 171.757736206, -21.9133358002, 40.4597396851, 24.2988929749, 39.8196105957, 126.74559021, 38.6923942566, 35.4977836609, 16.217748642, -2.50395846367, -1.99107134342, -16.227935791], [171.89440918, 38.7450027466, 55.7448234558, 45.1540603638, 2.12352180481, 7.10728263855, 38.6923942566, 165.29914856, 71.8532562256, 37.1411590576, 0.037447180599, -15.5338945389, -1.86698460579], [40.1071853638, 109.354812622, -9.00069713593, 52.9298706055, -11.5143032074, 9.26671504974, 35.4977836609, 71.8532562256, 124.746185303, 56.8754234314, 12.7993812561, -7.09050226212, -9.33493804932], [-104.182342529, 102.017044067, 7.57390928268, 0.0527932904661, 0.646014511585, 11.3454294205, 16.217748642, 37.1411590576, 56.8754234314, 103.386016846, 43.6220817566, 8.1736946106, -14.1852760315], [-27.6134853363, 9.32105255127, -12.4927530289, 4.6598815918, -13.4398269653, 19.8434638977, -2.50395846367, 0.037447180599, 12.7993812561, 43.6220817566, 103.293640137, 37.9915466309, 15.9294900894], [-99.1251068115, 68.251953125, -9.68080234528, 1.29977965355, -1.31320250034, -2.43334507942, -1.99107134342, -15.5338945389, -7.09050226212, 8.1736946106, 37.9915466309, 91.2235794067, 32.0267333984], [60.4690475464, -35.2005844116, 3.83411049843, -1.08402049541, -8.98187065125, -10.0339174271, -16.227935791, -1.86698460579, -9.33493804932, -14.1852760315, 15.9294900894, 32.0267333984, 95.7301254272]],
