{
"lowlevel": {
    "average_loudness": 0.924029886723,
    "barkbands_crest": {
        "dmean": 2.1358795166,
        "dmean2": 3.3374068737,
        "dvar": 3.8054561615,
        "dvar2": 9.36112976074,
        "max": 23.9062538147,
        "mean": 8.63096427917,
        "median": 7.94823503494,
        "min": 2.18709278107,
        "var": 11.2925977707
    },
    "barkbands_flatness_db": {
        "dmean": 0.0152610484511,
        "dmean2": 0.0226997826248,
        "dvar": 0.00021995230054,
        "dvar2": 0.000479673588416,
        "max": 0.277274936438,
        "mean": 0.139481499791,
        "median": 0.140565603971,
        "min": 0.0133691141382,
        "var": 0.00188077357598
    },
    "barkbands_kurtosis": {
        "dmean": 1.1190584898,
        "dmean2": 1.75218725204,
        "dvar": 1.89158403873,
        "dvar2": 4.7808637619,
        "max": 21.3634052277,
        "mean": 1.26271378994,
        "median": 0.600157737732,
        "min": -1.83157634735,
        "var": 6.18646669388
    },
    "barkbands_skewness": {
        "dmean": 0.334909319878,
        "dmean2": 0.509633481503,
        "dvar": 0.0829824507236,
        "dvar2": 0.193580314517,
        "max": 4.36700868607,
        "mean": 1.01105844975,
        "median": 0.957751870155,
        "min": -2.67657661438,
        "var": 0.40568754077
    },
    "barkbands_spread": {
        "dmean": 3.8137755394,
        "dmean2": 5.80421829224,
        "dvar": 15.5725765228,
        "dvar2": 35.6919364929,
        "max": 79.9471206665,
        "mean": 20.9976425171,
        "median": 19.0887928009,
        "min": 2.09487891197,
        "var": 134.894073486
    },
    "dissonance": {
        "dmean": 0.0209222380072,
        "dmean2": 0.0355174317956,
        "dvar": 0.000338699610438,
        "dvar2": 0.00094919122057,
        "max": 0.499640524387,
        "mean": 0.454713970423,
        "median": 0.45973098278,
        "min": 0.299681305885,
        "var": 0.000700218079146
    },
    "dynamic_complexity": 3.52647638321,
    "erbbands_crest": {
        "dmean": 2.48756814003,
        "dmean2": 4.05075311661,
        "dvar": 4.93051767349,
        "dvar2": 12.5887374878,
        "max": 27.8387775421,
        "mean": 8.5416021347,
        "median": 7.73770809174,
        "min": 2.52285981178,
        "var": 12.2438745499
    },
    "erbbands_flatness_db": {
        "dmean": 0.0146637829021,
        "dmean2": 0.0219930130988,
        "dvar": 0.000221576541662,
        "dvar2": 0.000451480358606,
        "max": 0.326878935099,
        "mean": 0.186358273029,
        "median": 0.193103030324,
        "min": 0.046945091337,
        "var": 0.00185818481259
    },
    "erbbands_kurtosis": {
        "dmean": 0.775116920471,
        "dmean2": 1.25899028778,
        "dvar": 1.07521140575,
        "dvar2": 2.71216702461,
        "max": 22.6391334534,
        "mean": 0.270467728376,
        "median": -0.165531635284,
        "min": -1.63585555553,
        "var": 2.31840705872
    },
    "erbbands_skewness": {
        "dmean": 0.312198132277,
        "dmean2": 0.489056438208,
        "dvar": 0.0734212622046,
        "dvar2": 0.177804082632,
        "max": 3.14305210114,
        "mean": 0.353136062622,
        "median": 0.336531639099,
        "min": -2.08687162399,
        "var": 0.449646562338
    },
    "erbbands_spread": {
        "dmean": 6.10814857483,
        "dmean2": 9.46047401428,
        "dvar": 36.7576675415,
        "dvar2": 85.0473327637,
        "max": 99.5052032471,
        "mean": 31.9279003143,
        "median": 29.3883705139,
        "min": 3.16063761711,
        "var": 194.10369873
    },
    "hfc": {
        "dmean": 5.11566543579,
        "dmean2": 7.74631404877,
        "dvar": 32.2407264709,
        "dvar2": 69.9145507812,
        "max": 113.145080566,
        "mean": 24.2792415619,
        "median": 21.4355621338,
        "min": 1.1489526797e-16,
        "var": 261.608184814
    },
    "melbands_crest": {
        "dmean": 2.57368636131,
        "dmean2": 3.98411488533,
        "dvar": 5.0532336235,
        "dvar2": 12.4345769882,
        "max": 28.9304275513,
        "mean": 11.8717432022,
        "median": 11.1072292328,
        "min": 1.64505672455,
        "var": 18.2503623962
    },
    "melbands_flatness_db": {
        "dmean": 0.0166035369039,
        "dmean2": 0.0245435498655,
        "dvar": 0.000262182205915,
        "dvar2": 0.000583338260185,
        "max": 0.336875736713,
        "mean": 0.180094733834,
        "median": 0.17861752212,
        "min": 0.0032643720042,
        "var": 0.00264925742522
    },
    "melbands_kurtosis": {
        "dmean": 2.31583023071,
        "dmean2": 3.58318710327,
        "dvar": 7.68037033081,
        "dvar2": 18.2348880768,
        "max": 62.1352310181,
        "mean": 4.77789926529,
        "median": 3.36967968941,
        "min": -1.64854562283,
        "var": 24.3407840729
    },
    "melbands_skewness": {
        "dmean": 0.434358477592,
        "dmean2": 0.65773576498,
        "dvar": 0.148389086127,
        "dvar2": 0.339285343885,
        "max": 6.47476100922,
        "mean": 1.69127726555,
        "median": 1.58169186115,
        "min": -1.74094378948,
        "var": 0.639490246773
    },
    "melbands_spread": {
        "dmean": 5.08205127716,
        "dmean2": 7.77423048019,
        "dvar": 26.3474159241,
        "dvar2": 61.0062332153,
        "max": 139.30531311,
        "mean": 25.6067371368,
        "median": 23.0591335297,
        "min": 4.15934562683,
        "var": 192.372817993
    },
    "pitch_salience": {
        "dmean": 0.056539721787,
        "dmean2": 0.0894335135818,
        "dvar": 0.00220284587704,
        "dvar2": 0.00557760242373,
        "max": 0.95387762785,
        "mean": 0.554975032806,
        "median": 0.554969549179,
        "min": 0.21845588088,
        "var": 0.0080310665071
    },
    "silence_rate_20dB": {
        "dmean": 0,
        "dmean2": 0,
        "dvar": 0,
        "dvar2": 0,
        "max": 1,
        "mean": 1,
        "median": 1,
        "min": 1,
        "var": 0
    },
    "silence_rate_30dB": {
        "dmean": 0,
        "dmean2": 0,
        "dvar": 0,
        "dvar2": 0,
        "max": 1,
        "mean": 1,
        "median": 1,
        "min": 1,
        "var": 0
    },
    "silence_rate_60dB": {
        "dmean": 0.00237167533487,
        "dmean2": 0.00474415440112,
        "dvar": 0.00236614700407,
        "dvar2": 0.0057386290282,
        "max": 1,
        "mean": 0.0738482400775,
        "median": 0,
        "min": 0,
        "var": 0.0683954358101
    },
    "spectral_centroid": {
        "dmean": 188.777267456,
        "dmean2": 287.086578369,
        "dvar": 39009.4023438,
        "dvar2": 87783.5,
        "max": 11712.2382812,
        "mean": 1379.51513672,
        "median": 1333.91186523,
        "min": 411.499786377,
        "var": 332682.03125
    },
    "spectral_complexity": {
        "dmean": 2.52244615555,
        "dmean2": 4.1355471611,
        "dvar": 5.66867733002,
        "dvar2": 13.6613712311,
        "max": 49,
        "mean": 19.8848247528,
        "median": 20,
        "min": 0,
        "var": 71.0143356323
    },
    "spectral_decrease": {
        "dmean": 1.39430034185e-09,
        "dmean2": 2.13127759885e-09,
        "dvar": 2.20475334942e-18,
        "dvar2": 5.36179093442e-18,
        "max": 6.0897989101e-29,
        "mean": -6.39185460116e-09,
        "median": -6.20175022448e-09,
        "min": -2.47138487453e-08,
        "var": 1.16682998834e-17
    },
    "spectral_energy": {
        "dmean": 0.00561101641506,
        "dmean2": 0.00857216399163,
        "dvar": 3.50973205059e-05,
        "dvar2": 8.46988259582e-05,
        "max": 0.0973452478647,
        "mean": 0.0263265203685,
        "median": 0.0255644656718,
        "min": 1.03502387784e-20,
        "var": 0.000192714025616
    },
    "spectral_energyband_high": {
        "dmean": 0.000265626149485,
        "dmean2": 0.000396701332647,
        "dvar": 2.82790637129e-07,
        "dvar2": 6.23925700438e-07,
        "max": 0.0129388710484,
        "mean": 0.000832179444842,
        "median": 0.000337591045536,
        "min": 7.60501373349e-21,
        "var": 1.91326193999e-06
    },
    "spectral_energyband_low": {
        "dmean": 0.00135970499832,
        "dmean2": 0.00204751687124,
        "dvar": 8.44198530103e-06,
        "dvar2": 2.34803537751e-05,
        "max": 0.0713422596455,
        "mean": 0.00378602021374,
        "median": 0.00170611555222,
        "min": 5.22858333267e-23,
        "var": 2.85212281597e-05
    },
    "spectral_energyband_middle_high": {
        "dmean": 0.00260275113396,
        "dmean2": 0.00408492004499,
        "dvar": 1.0004532669e-05,
        "dvar2": 2.27706095757e-05,
        "max": 0.0557680502534,
        "mean": 0.00779585726559,
        "median": 0.00630553392693,
        "min": 1.40375972975e-21,
        "var": 3.90954992326e-05
    },
    "spectral_energyband_middle_low": {
        "dmean": 0.00423060264438,
        "dmean2": 0.0061976891011,
        "dvar": 2.39761502598e-05,
        "dvar2": 5.58758802072e-05,
        "max": 0.0706009715796,
        "mean": 0.0150807732716,
        "median": 0.0137289408594,
        "min": 2.90791875879e-22,
        "var": 9.17603101698e-05
    },
    "spectral_entropy": {
        "dmean": 0.114116646349,
        "dmean2": 0.169635534286,
        "dvar": 0.0156215028837,
        "dvar2": 0.0317720174789,
        "max": 9.81055450439,
        "mean": 7.42266082764,
        "median": 7.3611164093,
        "min": 6.44985771179,
        "var": 0.135917976499
    },
    "spectral_flux": {
        "dmean": 0.0146507583559,
        "dmean2": 0.0243847556412,
        "dvar": 0.000224089963012,
        "dvar2": 0.000580188760068,
        "max": 0.216784268618,
        "mean": 0.0716432780027,
        "median": 0.0721947997808,
        "min": 6.62846028066e-11,
        "var": 0.00100162404124
    },
    "spectral_kurtosis": {
        "dmean": 1.90070128441,
        "dmean2": 3.28671050072,
        "dvar": 4.44609022141,
        "dvar2": 13.250497818,
        "max": 22.5455284119,
        "mean": 5.06662464142,
        "median": 4.32444858551,
        "min": -1.21795701981,
        "var": 10.3403949738
    },
    "spectral_rms": {
        "dmean": 0.00051437469665,
        "dmean2": 0.000779809954111,
        "dvar": 2.40753450953e-07,
        "dvar2": 5.74095224692e-07,
        "max": 0.00974530540407,
        "mean": 0.0047791628167,
        "median": 0.00499409064651,
        "min": 3.17770267565e-12,
        "var": 2.84396878669e-06
    },
    "spectral_rolloff": {
        "dmean": 384.49331665,
        "dmean2": 644.551147461,
        "dvar": 362218.9375,
        "dvar2": 836480.9375,
        "max": 19013.8183594,
        "mean": 1736.54602051,
        "median": 1356.59179688,
        "min": 236.865234375,
        "var": 1676776.875
    },
    "spectral_skewness": {
        "dmean": 0.214500159025,
        "dmean2": 0.360683858395,
        "dvar": 0.0422109477222,
        "dvar2": 0.118154339492,
        "max": 3.37011384964,
        "mean": 1.51605892181,
        "median": 1.44789075851,
        "min": -0.0913095772266,
        "var": 0.184929579496
    },
    "spectral_spread": {
        "dmean": 334484.03125,
        "dmean2": 482062.5625,
        "dvar": 379895742464,
        "dvar2": 695414816768,
        "max": 41149996,
        "mean": 3842601,
        "median": 3300099.5,
        "min": 1706962.5,
        "var": 2.54442654925e+12
    },
    "spectral_strongpeak": {
        "dmean": 0.638189435005,
        "dmean2": 1.06969106197,
        "dvar": 0.785389006138,
        "dvar2": 1.97400045395,
        "max": 8.71167850494,
        "mean": 1.33702528477,
        "median": 0.991726398468,
        "min": 0,
        "var": 1.29602432251
    },
    "zerocrossingrate": {
        "dmean": 0.00735532073304,
        "dmean2": 0.00851224269718,
        "dvar": 8.89864240889e-05,
        "dvar2": 0.000105566956336,
        "max": 0.66162109375,
        "mean": 0.0660201087594,
        "median": 0.05712890625,
        "min": 0.01123046875,
        "var": 0.00175951258279
    },
    "barkbands": {
        "dmean": [6.35738661003e-06, 0.00051291071577, 0.000761567498557, 0.000758738955483, 0.00138402346056, 0.00120679626707, 0.000979041797109, 0.0012537984876, 0.00160761654843, 0.00104914722033, 0.000548441486899, 0.00090102624381, 0.000652955495752, 0.000432190776337, 0.000323724671034, 0.00028269275208, 0.00022770583746, 0.000170904459083, 0.000233884624322, 0.000161516130902, 0.00012571872503, 5.4251147958e-05, 4.39999312221e-05, 4.67577447125e-05, 2.57437459368e-05, 1.74689175765e-05, 1.54910480887e-06],
        "dmean2": [1.09981392598e-05, 0.000887027650606, 0.00111872213893, 0.00116672215518, 0.00190985191148, 0.00170941546094, 0.00140427029692, 0.00190858345013, 0.00240707630292, 0.00166456471197, 0.000889468763489, 0.00144921126775, 0.00108673761133, 0.000706646998879, 0.000537000130862, 0.000477212772239, 0.000379568518838, 0.000284735375317, 0.000391040812247, 0.000263534398982, 0.00020783515356, 8.63842506078e-05, 6.73798567732e-05, 7.22941185813e-05, 3.6618388549e-05, 2.44187212957e-05, 2.15623003896e-06],
        "dvar": [6.32264962608e-10, 4.59899320049e-06, 3.53359473593e-06, 2.73230511993e-06, 6.18962485532e-06, 4.97667952004e-06, 2.47786829277e-06, 4.88688419864e-06, 7.5645070865e-06, 4.75150000057e-06, 1.33763592203e-06, 2.68593976216e-06, 1.5172423673e-06, 6.11457494415e-07, 4.99142174704e-07, 3.6165192796e-07, 2.00371559345e-07, 8.74234729054e-08, 1.9558989095e-07, 8.39780156525e-08, 6.82113139305e-08, 1.67584435218e-08, 1.1720779014e-08, 1.48414143197e-08, 6.8207821613e-09, 6.85187151461e-09, 5.74050217084e-11],
        "dvar2": [1.64547453441e-09, 1.33278499561e-05, 9.58686723607e-06, 7.27829456082e-06, 1.33080284286e-05, 1.04544233182e-05, 5.38978292752e-06, 1.0665499758e-05, 1.74654796865e-05, 1.12432489914e-05, 3.17115427606e-06, 6.01817100687e-06, 3.9934848246e-06, 1.53975690864e-06, 1.29625834688e-06, 9.16426245112e-07, 5.21459639913e-07, 2.43206073947e-07, 5.22099696809e-07, 2.09984762023e-07, 1.86074544217e-07, 3.94449273244e-08, 2.83329075756e-08, 3.75808717479e-08, 1.42521674462e-08, 1.41331693015e-08, 1.01372611694e-10],
        "max": [0.000566969334614, 0.0382697582245, 0.0530519410968, 0.0448247119784, 0.0393806397915, 0.0352397374809, 0.0315102413297, 0.039812579751, 0.0531371422112, 0.047277521342, 0.0230787862092, 0.0456240028143, 0.0243261624128, 0.0123268254101, 0.0138458311558, 0.0108700348064, 0.00748542416841, 0.00519561395049, 0.00937606301159, 0.00497666513547, 0.00450553186238, 0.0030061614234, 0.00198177341372, 0.00258419988677, 0.00225053098984, 0.0024739317596, 0.000206588490983],
        "mean": [7.97835309641e-06, 0.000746341480408, 0.00204866472632, 0.00175667472649, 0.00322006712668, 0.00256400788203, 0.00201616599225, 0.00222952803597, 0.00306754186749, 0.00156242272351, 0.000878802791703, 0.00138303858694, 0.00101067975629, 0.000625377928372, 0.000496609136462, 0.000452481297543, 0.000402142555686, 0.000329887116095, 0.000467350560939, 0.000339269608958, 0.000275619793683, 0.000125941092847, 0.000100511046185, 0.000120211756439, 6.40277503408e-05, 3.2502150134e-05, 2.69130350716e-06],
        "median": [1.40148097216e-06, 9.94135189103e-05, 0.000611885800026, 0.0006788095925, 0.00166728324257, 0.00104596605524, 0.00102623854764, 0.000955407158472, 0.00154093327001, 0.000564426649362, 0.000346589571564, 0.000704897916876, 0.000430955202319, 0.000249558361247, 0.00013901796774, 0.000179221329745, 0.000156171707204, 0.00017517208471, 0.000214330299059, 0.000182657822734, 0.000122105440823, 3.81255085813e-05, 1.97039953491e-05, 1.42465651152e-05, 6.3068291638e-06, 1.68230735653e-06, 3.76994009343e-08],
        "min": [2.85943816013e-24, 2.09245008011e-23, 2.03858239765e-23, 1.94793675762e-23, 7.83044286668e-23, 1.17952139157e-23, 4.8829407716e-23, 5.21300616969e-23, 3.59061905479e-23, 5.13493481471e-23, 2.43379839795e-23, 1.29325452905e-22, 8.40247872567e-23, 7.64975648515e-23, 1.23400034656e-22, 1.23819784388e-22, 1.36824112235e-22, 1.40143209784e-22, 1.7318025011e-22, 3.38245103124e-22, 2.94045113009e-22, 5.21967980673e-22, 4.72302913667e-22, 8.7353362496e-22, 1.03950592045e-21, 1.58021476236e-21, 2.11802322147e-21],
        "var": [1.05538677797e-09, 5.04928220835e-06, 1.38564328154e-05, 9.31784052227e-06, 1.83888550964e-05, 1.73029711732e-05, 7.53415497456e-06, 1.25705128085e-05, 1.87055666174e-05, 8.37887455418e-06, 2.67603559223e-06, 4.85850887344e-06, 2.62959315478e-06, 9.95337018139e-07, 8.79799415543e-07, 5.94158223066e-07, 4.25277875138e-07, 1.89498763348e-07, 4.46512103736e-07, 2.13965137164e-07, 2.0007803414e-07, 6.41246273858e-08, 4.03190547615e-08, 7.52160715933e-08, 2.87741777072e-08, 1.88231634723e-08, 1.70726682791e-10]
    },
    "erbbands": {
        "dmean": [0.00803600810468, 0.139061808586, 0.684358537197, 1.84619045258, 3.05282330513, 4.9453253746, 7.55206441879, 11.454706192, 14.0594577789, 17.1058883667, 28.0356941223, 34.2405891418, 33.9432411194, 21.0449066162, 28.2031593323, 23.9820213318, 29.12849617, 14.6805238724, 15.0973854065, 20.5939750671, 17.1071510315, 13.3790073395, 10.2062730789, 12.0763530731, 7.54889345169, 7.27883577347, 4.96917724609, 4.99351406097, 2.38147640228, 0.991223752499, 1.28627622128, 1.27951431274, 0.680365681648, 0.315421760082, 0.192451506853, 0.110995158553, 0.0239949692041, 0.00423969188705, 0.000246502284426, 1.03048168967e-05],
        "dmean2": [0.0138767585158, 0.237322553992, 1.04151642323, 2.67512798309, 4.71420049667, 6.85137462616, 10.5290346146, 15.6222810745, 19.5329933167, 25.9835548401, 42.0602912903, 51.3292694092, 53.019203186, 33.1398429871, 45.5447311401, 38.8517379761, 48.2090911865, 24.0623245239, 24.5311336517, 34.0174217224, 28.9644317627, 22.1633663177, 17.0923709869, 20.5146751404, 12.1612443924, 11.8694591522, 8.23224544525, 8.20286941528, 3.79547905922, 1.53151941299, 1.9698843956, 1.98628473282, 1.03141856194, 0.46084612608, 0.284455984831, 0.164622172713, 0.0322861485183, 0.00513349939138, 0.000348178495187, 1.4694548554e-05],
        "dvar": [0.00262517645024, 0.268688678741, 2.93000555038, 12.7067403793, 75.2296218872, 99.1093521118, 193.628555298, 475.084320068, 627.3828125, 663.937133789, 1907.63928223, 3958.59008789, 3400.30761719, 1096.40002441, 2121.1574707, 1392.67236328, 3139.61889648, 810.905029297, 710.803161621, 2293.44189453, 1433.77709961, 689.594543457, 296.301879883, 575.23840332, 169.112365723, 189.015991211, 80.596321106, 165.413146973, 34.2758216858, 7.15706920624, 9.858335495, 11.9204998016, 3.04725575447, 0.786209344864, 0.657877027988, 0.293252587318, 0.0121098533273, 0.000380987068638, 1.48419576362e-06, 4.64027927194e-10],
        "dvar2": [0.00723015051335, 0.791053593159, 8.31838321686, 32.6196594238, 191.851806641, 193.30632019, 463.566894531, 830.675292969, 1297.89135742, 1540.64929199, 4393.98388672, 8899.50390625, 8184.84423828, 2569.15332031, 4921.06835938, 3213.33984375, 8063.83984375, 1922.16674805, 1778.1427002, 5809.14697266, 3661.30493164, 1739.4708252, 815.176208496, 1544.7512207, 430.952392578, 472.647277832, 215.460037231, 443.12387085, 81.0856323242, 16.5413398743, 22.8410758972, 31.6223735809, 7.36541461945, 1.74688482285, 1.55943846703, 0.695348322392, 0.0235689133406, 0.000544653681573, 2.94031497106e-06, 8.34737057254e-10],
        "max": [1.06939017773, 8.94865322113, 49.1759300232, 75.8803100586, 143.00402832, 209.207244873, 409.879211426, 417.43951416, 580.336303711, 361.078094482, 762.210693359, 1312.08068848, 1185.24328613, 622.108520508, 1170.62487793, 826.33392334, 1212.68139648, 559.227600098, 332.385406494, 952.018737793, 750.795043945, 488.274536133, 277.858612061, 472.474578857, 291.454956055, 310.46661377, 148.39201355, 247.356658936, 151.8465271, 48.8644828796, 49.4073867798, 76.1483154297, 32.9864349365, 21.3955135345, 21.9852828979, 15.5364494324, 3.17174053192, 0.608704209328, 0.0339906774461, 0.000643980922177],
        "mean": [0.00986607652158, 0.233161509037, 1.84170341492, 4.8386182785, 6.40531587601, 11.2280502319, 17.0335865021, 24.574514389, 31.1265792847, 32.3822212219, 53.9702072144, 65.7040481567, 57.622592926, 37.2690162659, 46.7803192139, 41.5938415527, 46.941444397, 23.9980602264, 24.3783035278, 33.8029289246, 28.4357852936, 25.594165802, 21.3822879791, 24.0557956696, 17.8946628571, 15.5321588516, 11.3843736649, 10.2173547745, 5.50206518173, 2.27628111839, 2.99512815475, 3.0937936306, 1.700548172, 0.838311612606, 0.403238505125, 0.187705084682, 0.0477105565369, 0.00855723395944, 0.00042166543426, 4.12306544604e-05],
        "median": [0.00169905158691, 0.0444017350674, 0.556085765362, 2.44428396225, 2.15269136429, 4.8209810257, 8.67819595337, 9.7676486969, 15.5384883881, 19.0372619629, 31.523651123, 33.1474227905, 29.7012825012, 20.6508979797, 27.8180160522, 26.8171081543, 22.1867103577, 13.772195816, 11.6432933807, 11.0070171356, 11.4087591171, 11.5148878098, 11.4794149399, 10.881814003, 10.0299787521, 8.22914505005, 5.97884845734, 3.62146854401, 1.76614534855, 0.63493424654, 0.583492040634, 0.382846534252, 0.192738652229, 0.0858529731631, 0.0354973599315, 0.010782700032, 0.00259584910236, 0.000314725737553, 2.55617305811e-05, 3.41023114743e-05],
        "min": [3.91664643168e-22, 4.97663077733e-21, 2.47303173243e-20, 3.97332168272e-20, 6.94788933797e-20, 3.3259683905e-19, 1.72934062399e-19, 1.37217515073e-19, 4.26826333451e-19, 9.2636587525e-19, 8.69431964266e-19, 8.53211883032e-19, 8.95874653703e-19, 2.30030077518e-18, 1.39270559259e-18, 5.12309638814e-18, 4.31199533952e-18, 3.84744078134e-18, 6.01109462805e-18, 7.8126596742e-18, 6.68799306692e-18, 7.86947126585e-18, 8.11863130124e-18, 7.95219511737e-18, 8.05768628807e-18, 1.47747692292e-17, 1.22528824843e-17, 1.07647655372e-17, 1.54949374859e-17, 1.4691621034e-17, 1.53540620101e-17, 1.51916566774e-17, 1.53615976255e-17, 1.19101203452e-17, 7.25360800284e-18, 5.5398576913e-18, 3.20791146742e-18, 9.80101078805e-19, 2.89554444177e-19, 3.36196444733e-20],
        "var": [0.00206988770515, 0.350008249283, 11.8720111847, 41.2746086121, 146.151535034, 352.36730957, 554.309753418, 1709.2310791, 2060.35668945, 1497.16210938, 4604.71972656, 9696.50878906, 6284.86328125, 2453.16308594, 3971.74658203, 2685.04125977, 5537.3515625, 1172.84191895, 1235.99572754, 4041.64672852, 2361.35595703, 1441.54443359, 692.220336914, 1290.64196777, 503.208465576, 461.862579346, 246.014434814, 444.89541626, 126.325576782, 18.8180198669, 34.5854187012, 50.6526031494, 15.7625799179, 4.03771162033, 1.68626999855, 0.61699205637, 0.0389896668494, 0.00147348223254, 3.73753005078e-06, 1.84331072628e-09]
    },
    "gfcc": {
        "mean": [-22.8662948608, 102.016365051, -147.474716187, 18.185842514, -71.5443115234, -1.54543840885, -37.4342041016, 3.25663042068, -30.1121959686, -5.96190738678, -16.7211933136, -9.17702865601, -12.8121614456],
        "cov": [[23442.7773438, -297.757385254, -96.4671783447, 262.460205078, -1192.85095215, 517.797912598, -312.421112061, 417.123626709, -293.094207764, 220.667984009, -139.944122314, 218.82711792, -90.065071106], [-297.757385254, 1595.78295898, -444.023162842, -83.2757568359, 291.499603271, -219.182830811, 175.317077637, -110.707015991, 173.420516968, -133.103775024, 140.839080811, -131.790969849, 64.5574951172], [-96.4671783447, -444.023162842, 650.548095703, 40.1686820984, -75.5770874023, 180.140060425, -6.25074577332, 80.7792434692, -27.1691265106, 62.9233856201, -39.0952033997, 58.612739563, -29.6914730072], [262.460205078, -83.2757568359, 40.1686820984, 242.637130737, 30.6032714844, 38.27293396, 21.2338829041, 3.97477006912, 5.7077498436, -5.53110980988, -19.7859382629, -16.5441894531, -10.7728853226], [-1192.85095215, 291.499603271, -75.5770874023, 30.6032714844, 421.910736084, -38.8708076477, 48.5338668823, -23.0661468506, 49.9832801819, 16.6743793488, -49.6918945312, -70.2333602905, -19.571685791], [517.797912598, -219.182830811, 180.140060425, 38.27293396, -38.8708076477, 179.49810791, 18.732208252, 66.184135437, -8.75885009766, 41.9122543335, -17.2167987823, 22.3324737549, -15.1907844543], [-312.421112061, 175.317077637, -6.25074577332, 21.2338829041, 48.5338668823, 18.732208252, 163.105804443, 38.0349349976, 56.3502502441, -9.44204521179, 35.5090370178, -20.6202602386, 5.63015508652], [417.123626709, -110.707015991, 80.7792434692, 3.97477006912, -23.0661468506, 66.184135437, 38.0349349976, 113.755653381, 28.652381897, 41.7083358765, -2.70824766159, 24.9105415344, -1.30085146427], [-293.094207764, 173.420516968, -27.1691265106, 5.7077498436, 49.9832801819, -8.75885009766, 56.3502502441, 28.652381897, 104.427589417, 17.7800979614, 35.5054855347, -11.2825975418, 18.2736339569], [220.667984009, -133.103775024, 62.9233856201, -5.53110980988, 16.6743793488, 41.9122543335, -9.44204521179, 41.7083358765, 17.7800979614, 102.743560791, 3.12268686295, 24.6793708801, -6.20258045197], [-139.944122314, 140.839080811, -39.0952033997, -19.7859382629, -49.6918945312, -17.2167987823, 35.5090370178, -2.70824766159, 35.5054855347, 3.12268686295, 120.922912598, 38.5371513367, 33.2133140564], [218.82711792, -131.790969849, 58.612739563, -16.5441894531, -70.2333602905, 22.3324737549, -20.6202602386, 24.9105415344, -11.2825975418, 24.6793708801, 38.5371513367, 97.8164672852, 32.0528297424], [-90.065071106, 64.5574951172, -29.6914730072, -10.7728853226, -19.571685791, -15.1907844543, 5.63015508652, -1.30085146427, 18.2736339569, -6.20258045197, 33.2133140564, 32.0528297424, 68.0020370483]],
        "icov": [[9.12954565138e-05, -0.000250338780461, 0.000130100408569, -0.00022270824411, 0.000384431157727, -0.00024812752963, 0.000206463475479, -0.000394598260755, 0.000387596548535, -0.000400251534302, 0.000376131705707, -0.000249821168836, 0.000204051568289], [-0.000250338780461, 0.00236163265072, -3.24339634972e-05, 0.0012246289989, -0.0019388840301, 0.00104909215588, -0.00112795445602, 0.0016504607629, -0.002560014138, 0.0027030876372, -0.00279157795012, 0.00224443594925, -0.00135241996031], [0.000130100408569, -3.24339634972e-05, 0.00257363263518, -0.000299170729704, 0.000572159478907, -0.00213509728201, 7.09198502591e-05, -0.000450765306596, 0.00013913611474, -0.000579190556891, 0.0010290669743, -0.00149090064224, 0.00106255465653], [-0.00022270824411, 0.0012246289989, -0.000299170729704, 0.00524451257661, -0.00148378184531, -0.000445101381047, -0.00113735173363, 0.0017690800596, -0.00201143091545, 0.00214518466964, -0.000957175157964, 0.00135845888872, -0.00059245195007], [0.000384431157727, -0.0019388840301, 0.000572159478907, -0.00148378184531, 0.00543075334281, -0.000677734671626, -0.00011311309936, -0.000447365542641, 0.00082744890824, -0.00414260942489, 0.00461640162393, -0.00106704828795, 0.00142504670657], [-0.00024812752963, 0.00104909215588, -0.00213509728201, -0.000445101381047, -0.000677734671626, 0.0106709050015, -0.00196058955044, -0.00242194999009, 0.000582918350119, -0.000634095922578, -0.000945545907598, 0.00115825980902, -0.000321264175], [0.000206463475479, -0.00112795445602, 7.09198502591e-05, -0.00113735173363, -0.00011311309936, -0.00196058955044, 0.0106761725619, -0.00514233997092, -0.00119541643653, 0.00172020168975, -0.00267840409651, 0.002001730958, 0.000585032568779], [-0.000394598260755, 0.0016504607629, -0.000450765306596, 0.0017690800596, -0.000447365542641, -0.00242194999009, -0.00514233997092, 0.0182876773179, -0.00723569886759, -0.00147952162661, 0.00227460241877, -0.0033083956223, 0.000357662793249], [0.000387596548535, -0.002560014138, 0.00013913611474, -0.00201143091545, 0.00082744890824, 0.000582918350119, -0.00119541643653, -0.00723569886759, 0.0200270619243, -0.0062454752624, -0.00201324908994, 0.00311145093292, -0.00341993826441], [-0.000400251534302, 0.0027030876372, -0.000579190556891, 0.00214518466964, -0.00414260942489, -0.000634095922578, 0.00172020168975, -0.00147952162661, -0.0062454752624, 0.0177146140486, -0.00455044815317, -0.000672491616569, 0.00131958140992], [0.000376131705707, -0.00279157795012, 0.0010290669743, -0.000957175157964, 0.00461640162393, -0.000945545907598, -0.00267840409651, 0.00227460241877, -0.00201324908994, -0.00455044815317, 0.0183266270906, -0.00944871734828, 0.000457302754512], [-0.000249821168836, 0.00224443594925, -0.00149090064224, 0.00135845888872, -0.00106704828795, 0.00115825980902, 0.002001730958, -0.0033083956223, 0.00311145093292, -0.000672491616569, -0.00944871734828, 0.0227502975613, -0.0101806893945], [0.000204051568289, -0.00135241996031, 0.00106255465653, -0.00059245195007, 0.00142504670657, -0.000321264175, 0.000585032568779, 0.000357662793249, -0.00341993826441, 0.00131958140992, 0.000457302754512, -0.0101806893945, 0.0225411746651]]
    },
    "melbands": {
        "dmean": [0.000107518317236, 0.000284599052975, 0.000345334818121, 0.000270180345979, 0.000266650749836, 0.000259490218014, 0.00020020447846, 0.000224052753765, 0.00025654071942, 0.000206358716241, 0.00018138847372, 9.94841393549e-05, 9.07801950234e-05, 0.000102015073935, 8.06216339697e-05, 4.52021704405e-05, 2.99257353618e-05, 3.24635329889e-05, 2.5494808142e-05, 2.23209171963e-05, 1.88876438187e-05, 1.52677130245e-05, 1.35478712764e-05, 7.63330444897e-06, 1.14676522571e-05, 7.10933045411e-06, 7.31434101908e-06, 4.4560929382e-06, 3.77589162781e-06, 3.04312516164e-06, 2.89525337394e-06, 1.56607336521e-06, 8.62874856011e-07, 5.31066746134e-07, 7.39167830943e-07, 1.04047319383e-06, 7.7961220768e-07, 5.57399971512e-07, 3.52590035391e-07, 2.85105414832e-07],
        "dmean2": [0.00018501120212, 0.000440330244601, 0.000513684935868, 0.000393827096559, 0.000364203355275, 0.000357280514436, 0.000281040149275, 0.000339377700584, 0.000384260871215, 0.000310065486701, 0.00028344290331, 0.000156718801009, 0.000147457860294, 0.000162791067851, 0.00013575257617, 7.31629115762e-05, 4.92510735057e-05, 5.28834389115e-05, 4.22262019129e-05, 3.72679132852e-05, 3.19880709867e-05, 2.52941081271e-05, 2.29554152611e-05, 1.2747836081e-05, 1.95066768356e-05, 1.16264400276e-05, 1.2004961718e-05, 7.2831048783e-06, 6.26466453468e-06, 5.03817818753e-06, 4.79651089336e-06, 2.51722167377e-06, 1.38039820285e-06, 8.32362843539e-07, 1.13184989914e-06, 1.67161294939e-06, 1.21547225262e-06, 8.52819596275e-07, 5.41153383438e-07, 4.28716077749e-07],
        "dvar": [2.8909838079e-07, 5.10606923854e-07, 4.6724034064e-07, 3.56397606538e-07, 1.99399593726e-07, 2.14394503928e-07, 1.10270107712e-07, 1.23123882645e-07, 1.58589969601e-07, 1.28669000787e-07, 1.00700830785e-07, 2.67614357341e-08, 2.6112205731e-08, 4.31454552086e-08, 1.95493790045e-08, 8.52396642159e-09, 2.92078672359e-09, 3.97170296651e-09, 3.01445624018e-09, 1.92893701012e-09, 1.94721638813e-09, 1.09003639448e-09, 5.99211347208e-10, 1.59998153615e-10, 5.39660927057e-10, 1.82441103891e-10, 1.66352862041e-10, 7.33876986958e-11, 5.40234766644e-11, 6.07742189906e-11, 6.64493668423e-11, 1.46760364278e-11, 4.46982598504e-12, 2.38221920489e-12, 3.23363362996e-12, 8.86508921827e-12, 4.25804964205e-12, 2.13812040989e-12, 8.3347120438e-13, 7.49791179665e-13],
        "dvar2": [8.11575887383e-07, 1.47726416344e-06, 1.20153538319e-06, 8.1143252828e-07, 4.42130129841e-07, 3.98529920176e-07, 2.31255071981e-07, 2.75535313676e-07, 3.74310673124e-07, 2.97626371548e-07, 2.41418007363e-07, 6.23895815011e-08, 6.18002928832e-08, 9.38864417321e-08, 5.2666873529e-08, 1.9472485846e-08, 7.13830727861e-09, 9.94414950384e-09, 7.74221398103e-09, 4.83065898393e-09, 4.8187329682e-09, 2.64326271981e-09, 1.73699188366e-09, 4.4646228381e-10, 1.45176559663e-09, 4.68604877124e-10, 4.27527124813e-10, 1.80837150809e-10, 1.40788228298e-10, 1.72529351916e-10, 1.77849818206e-10, 3.51133566667e-11, 1.03641253565e-11, 5.7775971507e-12, 7.24462070195e-12, 2.39196093488e-11, 1.11272172032e-11, 5.20752278105e-12, 2.08816861372e-12, 1.76862886316e-12],
        "max": [0.0106279142201, 0.0188273396343, 0.0148416943848, 0.00969126913697, 0.0114786038175, 0.00834611058235, 0.00752174342051, 0.00576361687854, 0.00799276307225, 0.00769962882623, 0.00655553955585, 0.00343543360941, 0.00284256250598, 0.00570866279304, 0.00217205099761, 0.00166018854361, 0.000927265326027, 0.000786945980508, 0.000918151403312, 0.00077992194565, 0.00101066275965, 0.000689278356731, 0.00038716205745, 0.000190810809727, 0.000459319126094, 0.000353102572262, 0.00020649410726, 0.000189762897207, 0.000129403662868, 0.000142910823342, 0.000144098361488, 9.67895030044e-05, 4.6654149628e-05, 2.59071894106e-05, 2.59202988673e-05, 7.06752689439e-05, 3.89228080167e-05, 2.83415283775e-05, 1.77334568434e-05, 2.09076697502e-05],
        "mean": [0.000145765443449, 0.000757040281314, 0.000883520347998, 0.000592794793192, 0.000617503770627, 0.000563246314414, 0.000439916591858, 0.000410087115597, 0.000488216610393, 0.000390404602513, 0.000294719095109, 0.000166213110788, 0.000150343330461, 0.000151321335579, 0.00012404815061, 7.32193657313e-05, 4.52351705462e-05, 4.68865182484e-05, 4.00481403631e-05, 3.72532122128e-05, 2.9657394407e-05, 2.56669318333e-05, 2.46930467256e-05, 1.37478555189e-05, 2.09303070733e-05, 1.40858664963e-05, 1.44449950312e-05, 8.65693891683e-06, 7.56603731134e-06, 6.08033860772e-06, 5.49523610971e-06, 3.32429317496e-06, 1.7660956928e-06, 1.0864118849e-06, 1.53152996063e-06, 2.27620421356e-06, 1.70190253357e-06, 1.27958242047e-06, 8.10566973541e-07, 6.77366983837e-07],
        "median": [2.13890434679e-05, 0.000223318464123, 0.000492486637086, 0.000256569648627, 0.000326663372107, 0.000242574620643, 0.000234530685702, 0.000215952415601, 0.000286809256067, 0.000195334956516, 0.000144276767969, 8.59618012328e-05, 8.26810719445e-05, 6.98004878359e-05, 5.62141576665e-05, 3.34700453095e-05, 2.32836900977e-05, 1.59383343998e-05, 1.17463087008e-05, 1.40679912874e-05, 1.04413438748e-05, 1.00940505945e-05, 1.02122976386e-05, 7.96380209067e-06, 8.08750337455e-06, 7.16688282409e-06, 6.97103087077e-06, 4.18536455982e-06, 3.82899361284e-06, 2.22516405302e-06, 1.82125154424e-06, 1.01516047835e-06, 4.83954295305e-07, 2.78447771507e-07, 3.36891332609e-07, 2.77818969607e-07, 1.99460203021e-07, 1.45405664398e-07, 8.3300214726e-08, 6.08707182437e-08],
        "min": [5.24227969348e-24, 1.0295928545e-23, 8.10821215101e-24, 1.22597141493e-23, 9.79842868198e-24, 2.6552608419e-24, 8.36519069063e-24, 1.02040838364e-23, 7.38021265348e-24, 4.94569954755e-24, 4.42166161479e-24, 9.40206315356e-24, 3.37922176602e-24, 1.11397564893e-23, 1.0793315601e-23, 7.381519796e-24, 6.57528975137e-24, 8.41801755001e-24, 9.28516816691e-24, 9.49126517814e-24, 7.72342788954e-24, 6.96880275875e-24, 8.62927528929e-24, 5.33244373393e-24, 5.7547430646e-24, 5.47986724319e-24, 6.79406533508e-24, 1.10454560566e-23, 7.90708101917e-24, 6.84069805863e-24, 6.0421617744e-24, 8.9702880257e-24, 9.2412404474e-24, 6.36159167088e-24, 7.62331670751e-24, 6.42861368782e-24, 1.03539792413e-23, 1.00735431338e-23, 1.06603018194e-23, 9.56925827812e-24],
        "var": [2.69897981298e-07, 1.86435443084e-06, 1.38254790727e-06, 9.42562394357e-07, 6.2632841491e-07, 7.70805797856e-07, 3.61211533573e-07, 3.0259255368e-07, 3.70798659333e-07, 3.13774137339e-07, 1.85163571587e-07, 5.55759562815e-08, 5.021519911e-08, 7.71818235989e-08, 3.43576616046e-08, 1.47733478784e-08, 4.33378621878e-09, 6.5463026111e-09, 5.41780220686e-09, 3.53391982344e-09, 3.09866932113e-09, 1.92466909077e-09, 1.30054733649e-09, 2.86431489638e-10, 1.16503184877e-09, 3.87322979245e-10, 3.86540993658e-10, 1.64839059069e-10, 1.25284740915e-10, 1.49286902285e-10, 1.4116925684e-10, 4.86972233371e-11, 1.37743401754e-11, 4.6010010038e-12, 8.52331052958e-12, 3.05841046933e-11, 1.49667639393e-11, 9.4279757612e-12, 3.35881366123e-12, 3.06556733123e-12]
    },
    "mfcc": {
        "mean": [-647.341674805, 126.356742859, -21.2075519562, 13.4893226624, -15.8699970245, -9.03474712372, -3.04368495941, -2.92765235901, -7.17202854156, -2.81191182137, -8.00761508942, -0.867021620274, -7.7597284317],
        "cov": [[13319.7060547, 1185.51123047, -185.595443726, 179.916183472, -478.140380859, -35.2715148926, 44.5884399414, 14.6327133179, 21.0757484436, 65.6213912964, -116.769683838, 123.740463257, -9.48230266571], [1185.51123047, 1868.8972168, -574.493347168, 172.942321777, -40.4225616455, -39.1789627075, -18.3501434326, 41.5817756653, -33.3797683716, 39.782371521, 37.2760047913, 16.7690162659, -47.2216567993], [-185.595443726, -574.493347168, 702.737854004, -109.017944336, -18.4589633942, 35.8365898132, 43.1434326172, 58.3944396973, 18.4848575592, 6.21814060211, 6.62394714355, 37.8144760132, 16.897895813], [179.916183472, 172.942321777, -109.017944336, 210.39604187, 57.2940597534, 36.5415534973, 14.3394756317, 6.56528043747, 25.8908996582, 20.8973808289, 1.11702227592, -9.58358192444, -0.78358322382], [-478.140380859, -40.4225616455, -18.4589633942, 57.2940597534, 203.651641846, 66.3473129272, 9.40152168274, -18.6670742035, 40.6094894409, 26.9606552124, 15.6832447052, -32.830696106, 3.07855987549], [-35.2715148926, -39.1789627075, 35.8365898132, 36.5415534973, 66.3473129272, 110.469482422, 38.0045394897, 9.45180892944, 33.3974876404, 34.3143424988, 16.919172287, 0.557302713394, 0.0362558662891], [44.5884399414, -18.3501434326, 43.1434326172, 14.3394756317, 9.40152168274, 38.0045394897, 94.1743927002, 38.8602523804, 29.9909057617, 23.9382591248, 17.2080936432, 18.2858734131, 8.83851146698], [14.6327133179, 41.5817756653, 58.3944396973, 6.56528043747, -18.6670742035, 9.45180892944, 38.8602523804, 100.967803955, 30.9072132111, 19.4368572235, 9.60039997101, 30.0220088959, 13.4183607101], [21.0757484436, -33.3797683716, 18.4848575592, 25.8908996582, 40.6094894409, 33.3974876404, 29.9909057617, 30.9072132111, 104.550422668, 51.774269104, 26.1762962341, 6.43928194046, 11.467250824], [65.6213912964, 39.782371521, 6.21814060211, 20.8973808289, 26.9606552124, 34.3143424988, 23.9382591248, 19.4368572235, 51.774269104, 96.6895980835, 40.8180503845, 12.5534448624, 3.37596940994], [-116.769683838, 37.2760047913, 6.62394714355, 1.11702227592, 15.6832447052, 16.919172287, 17.2080936432, 9.60039997101, 26.1762962341, 40.8180503845, 87.7165985107, 28.8235874176, 3.83709478378], [123.740463257, 16.7690162659, 37.8144760132, -9.58358192444, -32.830696106, 0.557302713394, 18.2858734131, 30.0220088959, 6.43928194046, 12.5534448624, 28.8235874176, 99.3936233521, 31.9911804199], [-9.48230266571, -47.2216567993, 16.897895813, -0.78358322382, 3.07855987549, 0.0362558662891, 8.83851146698, 13.4183607101, 11.467250824, 3.37596940994, 3.83709478378, 31.9911804199, 70.5261688232]],
