{
"lowlevel": {
    "average_loudness": 0.887541890144,
    "barkbands_crest": {
        "dmean": 3.25220799446,
        "dmean2": 5.12282085419,
        "dvar": 8.54801940918,
        "dvar2": 18.5339374542,
        "max": 26.5266723633,
        "mean": 12.6038198471,
        "median": 11.7958946228,
        "min": 2.16846823692,
        "var": 34.154045105
    },
    "barkbands_flatness_db": {
        "dmean": 0.037312772125,
        "dmean2": 0.0536957755685,
        "dvar": 0.00127813487779,
        "dvar2": 0.00277595291846,
        "max": 0.566886842251,
        "mean": 0.144622787833,
        "median": 0.135241419077,
        "min": 0.0174567773938,
        "var": 0.00550624588504
    },
    "barkbands_kurtosis": {
        "dmean": 6.44793701172,
        "dmean2": 10.033657074,
        "dvar": 276.401855469,
        "dvar2": 718.65423584,
        "max": 504.989532471,
        "mean": 8.4454498291,
        "median": 2.9950325489,
        "min": -1.91579115391,
        "var": 367.064208984
    },
    "barkbands_skewness": {
        "dmean": 0.864890575409,
        "dmean2": 1.28150177002,
        "dvar": 0.994553029537,
        "dvar2": 2.35137176514,
        "max": 17.5,
        "mean": 2.19429206848,
        "median": 1.87386441231,
        "min": -2.22166180611,
        "var": 3.26362323761
    },
    "barkbands_spread": {
        "dmean": 9.16445159912,
        "dmean2": 14.1249752045,
        "dvar": 103.295822144,
        "dvar2": 236.097640991,
        "max": 146.480758667,
        "mean": 25.261800766,
        "median": 22.9516353607,
        "min": 0.219707906246,
        "var": 242.598892212
    },
    "dissonance": {
        "dmean": 0.0125162275508,
        "dmean2": 0.021195050329,
        "dvar": 0.000194790569367,
        "dvar2": 0.000537031621207,
        "max": 0.500000119209,
        "mean": 0.4776943326,
        "median": 0.48285356164,
        "min": 0.292955845594,
        "var": 0.000385338673368
    },
    "dynamic_complexity": 3.20999145508,
    "erbbands_crest": {
        "dmean": 2.35522675514,
        "dmean2": 3.93872094154,
        "dvar": 5.53623437881,
        "dvar2": 14.2970104218,
        "max": 30.5413837433,
        "mean": 7.06853818893,
        "median": 6.26996135712,
        "min": 2.21488595009,
        "var": 10.348575592
    },
    "erbbands_flatness_db": {
        "dmean": 0.0204595793039,
        "dmean2": 0.0303238239139,
        "dvar": 0.000451670697657,
        "dvar2": 0.000948846747633,
        "max": 0.40196749568,
        "mean": 0.13589592278,
        "median": 0.125534236431,
        "min": 0.0433129295707,
        "var": 0.00206640642136
    },
    "erbbands_kurtosis": {
        "dmean": 0.796300649643,
        "dmean2": 1.29527640343,
        "dvar": 2.54830908775,
        "dvar2": 6.28360939026,
        "max": 62.48412323,
        "mean": -0.152073472738,
        "median": -0.645474553108,
        "min": -1.8589938879,
        "var": 5.36655950546
    },
    "erbbands_skewness": {
        "dmean": 0.375481545925,
        "dmean2": 0.591734349728,
        "dvar": 0.124476127326,
        "dvar2": 0.305842131376,
        "max": 7.49217557907,
        "mean": -0.177213296294,
        "median": -0.242505341768,
        "min": -4.00846576691,
        "var": 0.537756562233
    },
    "erbbands_spread": {
        "dmean": 10.3657426834,
        "dmean2": 15.8028717041,
        "dvar": 97.2438430786,
        "dvar2": 213.573471069,
        "max": 149.179351807,
        "mean": 51.2094841003,
        "median": 49.5091629028,
        "min": 2.29016113281,
        "var": 385.129302979
    },
    "hfc": {
        "dmean": 7.15031194687,
        "dmean2": 9.86132335663,
        "dvar": 92.558265686,
        "dvar2": 175.01512146,
        "max": 109.315513611,
        "mean": 16.3555774689,
        "median": 12.0254745483,
        "min": 1.0545773275e-16,
        "var": 225.782211304
    },
    "melbands_crest": {
        "dmean": 4.22032976151,
        "dmean2": 6.47020626068,
        "dvar": 13.9411878586,
        "dvar2": 31.6093959808,
        "max": 37.1141357422,
        "mean": 18.5207519531,
        "median": 18.5847587585,
        "min": 1.5595010519,
        "var": 52.0468864441
    },
    "melbands_flatness_db": {
        "dmean": 0.044705979526,
        "dmean2": 0.0649477988482,
        "dvar": 0.00184849032667,
        "dvar2": 0.00409410195425,
        "max": 0.733394682407,
        "mean": 0.215082779527,
        "median": 0.20946572721,
        "min": 0.00214405334555,
        "var": 0.0092483619228
    },
    "melbands_kurtosis": {
        "dmean": 18.7464694977,
        "dmean2": 28.5139198303,
        "dvar": 1523.96459961,
        "dvar2": 3864.61206055,
        "max": 988.002929688,
        "mean": 31.9793243408,
        "median": 15.2540655136,
        "min": -1.78906011581,
        "var": 2549.42089844
    },
    "melbands_skewness": {
        "dmean": 1.267583251,
        "dmean2": 1.87172400951,
        "dvar": 2.07824373245,
        "dvar2": 4.80461788177,
        "max": 25.1882343292,
        "mean": 4.19003486633,
        "median": 3.55313920975,
        "min": -0.626116871834,
        "var": 7.50226545334
    },
    "melbands_spread": {
        "dmean": 9.90426254272,
        "dmean2": 15.3686037064,
        "dvar": 140.600662231,
        "dvar2": 317.521484375,
        "max": 226.146240234,
        "mean": 23.74467659,
        "median": 16.4899253845,
        "min": 0.235412478447,
        "var": 524.743591309
    },
    "pitch_salience": {
        "dmean": 0.100134246051,
        "dmean2": 0.145905658603,
        "dvar": 0.00794643722475,
        "dvar2": 0.0169110931456,
        "max": 0.901065826416,
        "mean": 0.473448514938,
        "median": 0.502297401428,
        "min": 0.0349339060485,
        "var": 0.0299382936209
    },
    "silence_rate_20dB": {
        "dmean": 0,
        "dmean2": 0,
        "dvar": 0,
        "dvar2": 0,
        "max": 1,
        "mean": 1,
        "median": 1,
        "min": 1,
        "var": 0
    },
    "silence_rate_30dB": {
        "dmean": 0.0271276254207,
        "dmean2": 0.0542586743832,
        "dvar": 0.0263889916241,
        "dvar2": 0.0702320560813,
        "max": 1,
        "mean": 0.981390357018,
        "median": 1,
        "min": 0,
        "var": 0.0182621534914
    },
    "silence_rate_60dB": {
        "dmean": 0.0293987765908,
        "dmean2": 0.0588012635708,
        "dvar": 0.0285301059484,
        "dvar2": 0.0645658150315,
        "max": 1,
        "mean": 0.0757633075118,
        "median": 0,
        "min": 0,
        "var": 0.0700202584267
    },
    "spectral_centroid": {
        "dmean": 387.519714355,
        "dmean2": 578.6171875,
        "dvar": 142000.21875,
        "dvar2": 310974.96875,
        "max": 11830.9716797,
        "mean": 1860.82409668,
        "median": 1796.2019043,
        "min": 102.61554718,
        "var": 1553378.375
    },
    "spectral_complexity": {
        "dmean": 5.78878307343,
        "dmean2": 8.33993721008,
        "dvar": 41.8744773865,
        "dvar2": 77.3091888428,
        "max": 60,
        "mean": 18.8635501862,
        "median": 17,
        "min": 0,
        "var": 138.062789917
    },
    "spectral_decrease": {
        "dmean": 3.230327561e-09,
        "dmean2": 4.59589344359e-09,
        "dvar": 1.87752876411e-17,
        "dvar2": 3.55716085324e-17,
        "max": 1.84356333734e-28,
        "mean": -7.99536259422e-09,
        "median": -4.99195973447e-09,
        "min": -4.37263345532e-08,
        "var": 6.25002649245e-17
    },
    "spectral_energy": {
        "dmean": 0.0125278905034,
        "dmean2": 0.0176871512085,
        "dvar": 0.000275167258224,
        "dvar2": 0.000516005908139,
        "max": 0.173799082637,
        "mean": 0.0316599644721,
        "median": 0.0204005166888,
        "min": 9.91139119071e-21,
        "var": 0.000937964185141
    },
    "spectral_energyband_high": {
        "dmean": 0.000569217198063,
        "dmean2": 0.000826955365483,
        "dvar": 7.36608456009e-07,
        "dvar2": 1.52869085923e-06,
        "max": 0.00970823969692,
        "mean": 0.000917912693694,
        "median": 0.000518223561812,
        "min": 7.01990785032e-21,
        "var": 1.34024924137e-06
    },
    "spectral_energyband_low": {
        "dmean": 0.0104626761749,
        "dmean2": 0.0152843249962,
        "dvar": 0.000241379821091,
        "dvar2": 0.000509874487761,
        "max": 0.151762858033,
        "mean": 0.0210241787136,
        "median": 0.0101313162595,
        "min": 9.59678715713e-24,
        "var": 0.000660273712128
    },
    "spectral_energyband_middle_high": {
        "dmean": 0.00132493430283,
        "dmean2": 0.00196828763001,
        "dvar": 2.74161288871e-06,
        "dvar2": 5.75036665396e-06,
        "max": 0.0240278020501,
        "mean": 0.00310816825368,
        "median": 0.00234557781368,
        "min": 1.06737853456e-21,
        "var": 7.4761965152e-06
    },
    "spectral_energyband_middle_low": {
        "dmean": 0.00668016728014,
        "dmean2": 0.0102275982499,
        "dvar": 0.00019151509332,
        "dvar2": 0.000413983972976,
        "max": 0.139489963651,
        "mean": 0.00842054653913,
        "median": 0.00390590797178,
        "min": 1.4468087655e-22,
        "var": 0.000205718082725
    },
    "spectral_entropy": {
        "dmean": 0.204023629427,
        "dmean2": 0.310311943293,
        "dvar": 0.0470623932779,
        "dvar2": 0.109235286713,
        "max": 9.8269367218,
        "mean": 7.74957036972,
        "median": 7.79974937439,
        "min": 4.38826942444,
        "var": 0.251302540302
    },
    "spectral_flux": {
        "dmean": 0.0292967092246,
        "dmean2": 0.0396914929152,
        "dvar": 0.00102501257788,
        "dvar2": 0.00149648438673,
        "max": 0.372185587883,
        "mean": 0.0971625372767,
        "median": 0.0757785141468,
        "min": 6.36538391441e-11,
        "var": 0.00464322697371
    },
    "spectral_kurtosis": {
        "dmean": 1.58545958996,
        "dmean2": 2.68284702301,
        "dvar": 12.2460651398,
        "dvar2": 30.682264328,
        "max": 146.987106323,
        "mean": 3.8941757679,
        "median": 2.95377922058,
        "min": -1.2723249197,
        "var": 29.0502166748
    },
    "spectral_rms": {
        "dmean": 0.00101342692506,
        "dmean2": 0.00137664971408,
        "dvar": 1.17480863082e-06,
        "dvar2": 1.96670998776e-06,
        "max": 0.0130215240642,
        "mean": 0.00489597162232,
        "median": 0.00446127168834,
        "min": 3.1096061056e-12,
        "var": 6.91715786161e-06
    },
    "spectral_rolloff": {
        "dmean": 720.489685059,
        "dmean2": 1195.50512695,
        "dvar": 1114501,
        "dvar2": 2523365.5,
        "max": 19681.3476562,
        "mean": 1588.47814941,
        "median": 775.1953125,
        "min": 64.599609375,
        "var": 5870846
    },
    "spectral_skewness": {
        "dmean": 0.213472530246,
        "dmean2": 0.349371731281,
        "dvar": 0.0729007646441,
        "dvar2": 0.184221416712,
        "max": 9.79090213776,
        "mean": 1.24344420433,
        "median": 1.18375444412,
        "min": -0.0902351289988,
        "var": 0.316925942898
    },
    "spectral_spread": {
        "dmean": 654692,
        "dmean2": 949399.5625,
        "dvar": 597462155264,
        "dvar2": 1.20678671974e+12,
        "max": 42482288,
        "mean": 4896589,
        "median": 4437696,
        "min": 621890.3125,
        "var": 1.68200482324e+13
    },
    "spectral_strongpeak": {
        "dmean": 0.246869698167,
        "dmean2": 0.406760782003,
        "dvar": 0.175704866648,
        "dvar2": 0.464693427086,
        "max": 9.16971683502,
        "mean": 0.464105695486,
        "median": 0.357429683208,
        "min": 0,
        "var": 0.205697864294
    },
    "zerocrossingrate": {
        "dmean": 0.0147543121129,
        "dmean2": 0.0181353818625,
        "dvar": 0.00023192387016,
        "dvar2": 0.000307307491312,
        "max": 0.83984375,
        "mean": 0.0623212233186,
        "median": 0.05078125,
        "min": 0.001953125,
        "var": 0.00384591985494
    },
    "barkbands": {
        "dmean": [0.000288796058157, 0.00715261744335, 0.00565406586975, 0.00395246315747, 0.00320464954711, 0.000640546320938, 0.000457058747998, 0.000317408092087, 0.000257521838648, 0.000232088117627, 0.00019331384101, 0.000260962813627, 0.000148573119077, 0.000106725696241, 9.00917657418e-05, 0.000110368200694, 0.000258540268987, 0.000227922690101, 0.000335307384375, 0.000214721687371, 0.000154060020577, 0.000100955323433, 7.77374152676e-05, 7.01718672644e-05, 6.73714021104e-05, 3.98922347813e-05, 5.16302679898e-06],
        "dmean2": [0.000369039509678, 0.00988438166678, 0.00834732688963, 0.00672668404877, 0.00566763058305, 0.00106633163523, 0.000765688891988, 0.000511082645971, 0.000415575428633, 0.000376217009034, 0.000324165506754, 0.000429187057307, 0.00024393836793, 0.000174084547325, 0.000142644683365, 0.000178725735168, 0.000420930940891, 0.000366425316315, 0.000524832285009, 0.000330969225615, 0.000232724807574, 0.000152051885379, 0.000113986017823, 0.000104881532025, 0.000100434597698, 6.09471680946e-05, 8.69737141329e-06],
        "dvar": [1.92877735117e-07, 0.000129619074869, 0.000142860997585, 0.000113193120342, 7.62968411436e-05, 1.69427880792e-06, 1.06079289708e-06, 2.49144022746e-07, 1.45179782862e-07, 1.30731592662e-07, 1.0754741453e-07, 1.65539233876e-07, 6.7895619793e-08, 3.46751676261e-08, 2.95483015833e-08, 3.32441913997e-08, 1.62174998763e-07, 1.58853694643e-07, 3.04021909869e-07, 1.15190182726e-07, 5.90717021964e-08, 2.60864254642e-08, 1.55835646609e-08, 1.54940984487e-08, 1.31797168734e-08, 5.16276577045e-09, 1.47146336782e-10],
        "dvar2": [3.47755189978e-07, 0.000275149446679, 0.000290875905193, 0.000294284283882, 0.000209791833186, 4.60438150185e-06, 2.93447851618e-06, 5.94034077039e-07, 3.46757843772e-07, 3.13485372772e-07, 2.70885863074e-07, 4.20855087668e-07, 1.72473932025e-07, 8.67335998578e-08, 6.59423378124e-08, 8.06158979572e-08, 4.12154150808e-07, 3.97883809455e-07, 7.16527154054e-07, 2.60689859033e-07, 1.24793345435e-07, 5.60992496901e-08, 3.30257279302e-08, 3.58656571109e-08, 3.02541032227e-08, 1.19878045268e-08, 3.77406467189e-10],
        "max": [0.00761483376846, 0.123731061816, 0.0946876183152, 0.0827288031578, 0.0781902596354, 0.0235542710871, 0.0248416718096, 0.0125528164208, 0.00971878040582, 0.00876798015088, 0.0125526543707, 0.00875105150044, 0.00615385966375, 0.0047645973973, 0.00380476261489, 0.0031825134065, 0.00925634149462, 0.0114797567949, 0.0100272372365, 0.00483739282936, 0.00379846175201, 0.00217648316175, 0.00157657184172, 0.0015845419839, 0.00103315070737, 0.000642776722088, 0.000123239165987],
        "mean": [0.000578048813622, 0.0129516953602, 0.00576829072088, 0.00316114281304, 0.00280786887743, 0.000933529809117, 0.000586036301684, 0.000449273007689, 0.000373052287614, 0.000321214145515, 0.000264577829512, 0.000383156671887, 0.000207101023989, 0.000147635641042, 0.000125522870803, 0.00015504930343, 0.000419896969106, 0.000366823427612, 0.000571331649553, 0.000361410406185, 0.000260164146312, 0.000151117827045, 0.000111266192107, 8.64160538185e-05, 7.53735803301e-05, 3.89689739677e-05, 3.99015016228e-06],
        "median": [0.000118658688734, 0.0054641328752, 0.000772937550209, 0.000487681594677, 0.000853793404531, 0.000368781358702, 0.000242094974965, 0.000214588697418, 0.000203139177756, 0.000167092570337, 0.00014227500651, 0.000208242563531, 0.000105579681986, 7.44223798392e-05, 6.2732535298e-05, 8.28800257295e-05, 0.000255950319115, 0.000217600667384, 0.000304153596517, 0.000191884959349, 0.00013757814304, 7.61769988458e-05, 5.49618562218e-05, 3.39564649039e-05, 2.50743505603e-05, 8.28265001473e-06, 3.07936915078e-07],
        "min": [6.23660242899e-26, 2.5766315256e-24, 1.57586690263e-24, 8.93486146574e-25, 7.85606696215e-24, 7.45800301621e-24, 4.4643898713e-24, 6.72154298548e-24, 1.47205231447e-23, 1.59934369899e-23, 9.12509172316e-24, 1.91823251578e-23, 3.38827465488e-23, 3.17288596659e-23, 3.05120574968e-23, 3.49339100159e-23, 3.0511205527e-23, 7.56398016794e-23, 1.11482542567e-22, 1.58993716379e-22, 1.88600461323e-22, 2.48050155101e-22, 4.14143619626e-22, 5.14108199754e-22, 7.81787915236e-22, 1.24253837115e-21, 1.88630480952e-21],
        "var": [8.45139311423e-07, 0.000306178611936, 0.000171858540853, 8.2252008724e-05, 5.05970456288e-05, 2.49910272032e-06, 1.23617201098e-06, 4.34526469917e-07, 2.34551507106e-07, 2.01491616281e-07, 1.56013101105e-07, 2.84952164975e-07, 1.00887824317e-07, 5.02419368331e-08, 4.11803675604e-08, 4.68118308561e-08, 2.77050332897e-07, 2.30556906899e-07, 5.88561590575e-07, 2.29765049653e-07, 1.20645310631e-07, 4.46181651625e-08, 2.49665532692e-08, 1.95235170253e-08, 1.5722218194e-08, 5.45951550635e-09, 1.16194512345e-10]
    },
    "erbbands": {
        "dmean": [0.198265105486, 1.75830006599, 5.54889917374, 10.2370443344, 12.4881038666, 10.4848499298, 4.85536956787, 6.71327114105, 7.29649829865, 5.92286205292, 5.23948097229, 5.25286912918, 6.96554374695, 6.8566660881, 10.4362106323, 8.28447151184, 6.79546403885, 5.24592494965, 4.56967782974, 4.72375869751, 7.00675010681, 14.7576875687, 12.0085515976, 16.8878173828, 13.4957551956, 10.5591907501, 7.19539260864, 5.65669202805, 3.61454725266, 2.85376238823, 2.22069001198, 1.60449695587, 1.14067006111, 0.784723639488, 0.484170764685, 0.190574377775, 0.0655370429158, 0.0138147650287, 0.000696840463206, 2.19861340156e-05],
        "dmean2": [0.297128200531, 2.31269240379, 7.43189287186, 15.7770500183, 21.4334220886, 18.8757457733, 8.258893013, 11.1025257111, 12.2118053436, 9.69146251678, 8.41261672974, 8.54686641693, 11.2460680008, 11.1123390198, 17.3037242889, 13.647939682, 11.076877594, 8.41373729706, 7.35650205612, 7.33134222031, 11.2632446289, 23.9298496246, 19.072221756, 26.6525821686, 21.0632781982, 16.29870224, 11.118642807, 8.62277317047, 5.38492441177, 4.24780273438, 3.27067828178, 2.41679024696, 1.71489822865, 1.17143666744, 0.732091128826, 0.289490193129, 0.0998629108071, 0.0222630109638, 0.00117456831504, 3.33424031851e-05],
        "dvar": [0.100082315505, 8.11451911926, 102.335975647, 580.602661133, 1231.32751465, 825.584960938, 89.7429504395, 220.020523071, 302.985168457, 85.2867507935, 60.5885543823, 63.6600875854, 116.632629395, 155.115432739, 276.265350342, 185.08442688, 128.211105347, 81.2989196777, 74.631149292, 61.358001709, 122.216163635, 524.234802246, 379.512573242, 1004.42767334, 463.63873291, 302.775177002, 131.833084106, 79.214012146, 31.2555103302, 21.4502506256, 13.5273113251, 8.42714214325, 3.99618625641, 1.83277845383, 0.6872164011, 0.1144573614, 0.014240139164, 0.000764071883168, 2.87611851491e-06, 9.44911260348e-10],
        "dvar2": [0.260147690773, 15.390255928, 196.479537964, 1315.23901367, 3309.95996094, 2313.53540039, 240.729217529, 591.592041016, 849.771484375, 215.735824585, 148.036483765, 158.034133911, 279.976593018, 373.096832275, 685.179138184, 489.231536865, 324.032409668, 197.259078979, 170.052017212, 137.447692871, 301.36706543, 1336.43408203, 948.693481445, 2447.19897461, 1060.68786621, 693.747436523, 288.356384277, 170.843276978, 64.8997344971, 46.1560554504, 29.4898948669, 19.3454456329, 9.16125392914, 4.20173788071, 1.59459495544, 0.258091360331, 0.0331725142896, 0.00189469312318, 7.45002853364e-06, 2.07351247283e-09],
        "max": [3.47960758209, 30.1191501617, 91.4159240723, 231.638320923, 398.250488281, 283.724761963, 207.063446045, 277.603088379, 447.010467529, 162.070892334, 159.211105347, 175.520751953, 306.305908203, 309.753570557, 530.089111328, 267.151489258, 268.953613281, 284.287445068, 200.065750122, 230.791809082, 198.190933228, 532.569763184, 608.050537109, 607.930297852, 351.673797607, 281.87298584, 169.161682129, 128.774841309, 74.5058135986, 60.7759246826, 49.7145233154, 48.1995010376, 21.5896472931, 13.8327102661, 8.3531332016, 3.53553700447, 1.03246486187, 0.268893033266, 0.0167586747557, 0.000310869363602],
        "mean": [0.366295009851, 2.86850953102, 6.68131399155, 9.41392326355, 10.4275856018, 8.77262306213, 5.92694473267, 9.88008594513, 9.98596858978, 8.60080623627, 7.99123287201, 7.68850708008, 9.87959194183, 10.0619153976, 15.1053590775, 12.8277626038, 10.1234636307, 7.96819782257, 6.56342029572, 7.2151017189, 10.8756742477, 24.5669670105, 20.8019657135, 28.4165363312, 23.057138443, 17.868062973, 12.2341117859, 9.2523355484, 5.61159038544, 4.0673289299, 3.08951377869, 2.07189702988, 1.33949553967, 0.89407980442, 0.512641191483, 0.195816546679, 0.0635399967432, 0.0121587915346, 0.000555206614081, 4.85149794258e-05],
        "median": [0.124189473689, 0.980052351952, 1.19437611103, 1.49537372589, 2.2709710598, 2.37491703033, 2.55852818489, 3.53313302994, 4.05097389221, 5.00329971313, 4.52896642685, 4.34122276306, 5.67696666718, 5.30029249191, 8.592628479, 7.27617311478, 5.52700233459, 4.23107624054, 3.44278120995, 3.99658989906, 6.42453813553, 15.1922473907, 13.0005149841, 15.3089599609, 13.1197032928, 9.20719337463, 6.58883523941, 4.6647233963, 2.90836858749, 2.0197687149, 1.46549189091, 0.884967327118, 0.472965359688, 0.307497859001, 0.153273612261, 0.0497737713158, 0.0121208885685, 0.00210135104135, 7.09066953277e-05, 3.25865439663e-05],
        "min": [6.46853762269e-23, 3.80636014303e-22, 1.83184478087e-21, 4.14452868247e-21, 6.64290816924e-21, 1.94452342085e-20, 2.09401676797e-20, 8.38914040295e-20, 1.13795559986e-19, 2.12171077487e-19, 3.1438963734e-19, 3.96043091298e-19, 4.14116987682e-19, 8.57881265892e-19, 9.98560337958e-19, 1.09457936007e-18, 1.55880387318e-18, 2.09461363048e-18, 1.9365826356e-18, 3.09809703725e-18, 2.72086793634e-18, 3.63430942471e-18, 5.73833512979e-18, 5.54808648403e-18, 5.58829986951e-18, 8.00874201122e-18, 7.38969079414e-18, 8.84650474535e-18, 9.36228825323e-18, 9.15409516485e-18, 1.00378814011e-17, 1.11636940671e-17, 7.25405550755e-18, 7.52053753215e-18, 5.87782549161e-18, 4.05049087425e-18, 2.39913500311e-18, 1.00981588795e-18, 2.4893736871e-19, 2.52626500538e-20],
        "var": [0.227576300502, 19.0165576935, 164.093887329, 564.949707031, 849.131713867, 530.65246582, 104.403427124, 335.910522461, 383.6612854, 121.521858215, 102.409759521, 95.8631668091, 172.456985474, 236.397491455, 445.758666992, 306.576568604, 200.336380005, 132.823745728, 104.319442749, 101.289924622, 181.883377075, 928.665283203, 640.684509277, 1651.45446777, 877.146362305, 591.94934082, 257.301147461, 157.129333496, 58.3222579956, 34.109703064, 20.6864433289, 11.0022735596, 4.84500837326, 2.22206783295, 0.773382544518, 0.12696890533, 0.0151060726494, 0.000695538183209, 2.22942890105e-06, 2.09495309988e-09]
    },
    "gfcc": {
        "mean": [-27.0570011139, 83.3095321655, -110.992660522, 51.2527084351, -51.3294029236, 10.828953743, -25.1298389435, 16.2305469513, -26.7946376801, 1.0094628334, -9.84000015259, 5.11507129669, -11.6750888824],
        "cov": [[24805.3691406, -1203.73803711, -1611.9486084, 886.684265137, -1166.5604248, 678.629211426, -973.49017334, 586.332824707, -586.007019043, 438.815216064, -459.252258301, 275.300598145, -412.076293945], [-1203.73803711, 1875.01953125, -156.125595093, 129.810440063, 240.512588501, -173.282409668, 367.270172119, -138.129104614, 132.296798706, -289.336547852, 172.560958862, -170.510726929, 102.146697998], [-1611.9486084, -156.125595093, 921.799987793, 90.9671630859, 347.492584229, 187.800140381, 109.821838379, 55.2858428955, 87.2632369995, 82.5353393555, -25.3698501587, 1.73256862164, -19.3867855072], [886.684265137, 129.810440063, 90.9671630859, 393.574523926, 148.396408081, 104.255653381, 89.5393447876, 62.2219390869, 51.3113594055, 50.7067184448, 66.1221313477, 0.48362416029, 8.02194595337], [-1166.5604248, 240.512588501, 347.492584229, 148.396408081, 397.173339844, 132.796829224, 199.198760986, 59.5909156799, 124.582977295, 15.7196063995, 87.5297012329, 1.01646411419, 10.1175289154], [678.629211426, -173.282409668, 187.800140381, 104.255653381, 132.796829224, 310.494873047, 55.2181396484, 126.324539185, 58.1228790283, 58.0506591797, -9.91745281219, 28.1634140015, -33.7992286682], [-973.49017334, 367.270172119, 109.821838379, 89.5393447876, 199.198760986, 55.2181396484, 283.413665771, 67.5052719116, 121.892501831, -15.2149362564, 95.7920150757, -3.12540006638, 47.3523292542], [586.332824707, -138.129104614, 55.2858428955, 62.2219390869, 59.5909156799, 126.324539185, 67.5052719116, 189.542068481, 82.1027450562, 74.9429702759, 35.611995697, 59.1676559448, -13.0202608109], [-586.007019043, 132.296798706, 87.2632369995, 51.3113594055, 124.582977295, 58.1228790283, 121.892501831, 82.1027450562, 166.8515625, 53.5412826538, 85.4585571289, 22.8436794281, 33.8871994019], [438.815216064, -289.336547852, 82.5353393555, 50.7067184448, 15.7196063995, 58.0506591797, -15.2149362564, 74.9429702759, 53.5412826538, 181.171981812, 47.0996437073, 76.1063766479, 3.1384499073], [-459.252258301, 172.560958862, -25.3698501587, 66.1221313477, 87.5297012329, -9.91745281219, 95.7920150757, 35.611995697, 85.4585571289, 47.0996437073, 169.275360107, 51.0448455811, 54.1926574707], [275.300598145, -170.510726929, 1.73256862164, 0.48362416029, 1.01646411419, 28.1634140015, -3.12540006638, 59.1676559448, 22.8436794281, 76.1063766479, 51.0448455811, 114.430152893, 31.7064361572], [-412.076293945, 102.146697998, -19.3867855072, 8.02194595337, 10.1175289154, -33.7992286682, 47.3523292542, -13.0202608109, 33.8871994019, 3.1384499073, 54.1926574707, 31.7064361572, 91.1078796387]],
        "icov": [[0.00015427073231, -0.00028674522764, 0.000226166914217, -0.000421014701715, 0.000299204199109, -0.000380141398637, 0.000449133280199, -0.000578744336963, 0.000568831979763, -0.000566542556044, 0.000517155451234, -0.000439136230852, 0.000267201452516], [-0.00028674522764, 0.00205119815655, -0.000157886781381, 0.000371507834643, -0.000795459782239, 0.00116397510283, -0.0019696187228, 0.00191152736079, -0.00203913403675, 0.00301547208801, -0.00202221679501, 0.00191014772281, -0.000653280876577], [0.000226166914217, -0.000157886781381, 0.00246710889041, -0.000416614406276, -0.00183963880409, -0.00077504949877, 0.000549091084395, -0.000421644654125, 0.000704093195964, -0.00187085755169, 0.00227258447558, -0.000248910335358, -0.000129852924147], [-0.000421014701715, 0.000371507834643, -0.000416614406276, 0.00476264813915, -0.00196509808302, 0.000117393159599, -0.00102986581624, 0.000532038975507, 9.68807944446e-05, -0.000339424383128, -0.00225199363194, 0.00290671526454, -0.00165205518715], [0.000299204199109, -0.000795459782239, -0.00183963880409, -0.00196509808302, 0.00827430188656, -0.00218985672109, -0.00176652695518, 0.000506557931658, -0.00088867242448, 0.000489203375764, -0.00148423935752, -0.00208883336745, 0.00320943817496], [-0.000380141398637, 0.00116397510283, -0.00077504949877, 0.000117393159599, -0.00218985672109, 0.00684844935313, -0.00126356969122, -0.00128781725653, -0.00197891076095, 0.00174955441616, 0.000372760230675, 0.000607696711086, 0.000299454666674], [0.000449133280199, -0.0019696187228, 0.000549091084395, -0.00102986581624, -0.00176652695518, -0.00126356969122, 0.0105221094564, -0.00507673807442, 0.000235147221247, -0.000912018818781, 0.000518390326761, 0.000230891746469, -0.0024644152727], [-0.000578744336963, 0.00191152736079, -0.000421644654125, 0.000532038975507, 0.000506557931658, -0.00128781725653, -0.00507673807442, 0.0149983773008, -0.0074252136983, 0.00242424500175, -0.00151570048183, -0.00398682476953, 0.00431795371696], [0.000568831979763, -0.00203913403675, 0.000704093195964, 9.68807944446e-05, -0.00088867242448, -0.00197891076095, 0.000235147221247, -0.0074252136983, 0.0170720499009, -0.00695776101202, -0.000924917927478, 0.00244992226362, -0.00323115242645], [-0.000566542556044, 0.00301547208801, -0.00187085755169, -0.000339424383128, 0.000489203375764, 0.00174955441616, -0.000912018818781, 0.00242424500175, -0.00695776101202, 0.0155439535156, -0.00528512289748, -0.00276891211979, 0.00126345304307], [0.000517155451234, -0.00202221679501, 0.00227258447558, -0.00225199363194, -0.00148423935752, 0.000372760230675, 0.000518390326761, -0.00151570048183, -0.000924917927478, -0.00528512289748, 0.015780409798, -0.00648773508146, -0.00149736413732], [-0.000439136230852, 0.00191014772281, -0.000248910335358, 0.00290671526454, -0.00208883336745, 0.000607696711086, 0.000230891746469, -0.00398682476953, 0.00244992226362, -0.00276891211979, -0.00648773508146, 0.021323107183, -0.00904650986195], [0.000267201452516, -0.000653280876577, -0.000129852924147, -0.00165205518715, 0.00320943817496, 0.000299454666674, -0.0024644152727, 0.00431795371696, -0.00323115242645, 0.00126345304307, -0.00149736413732, -0.00904650986195, 0.0198846440762]]
    },
    "melbands": {
        "dmean": [0.00187646900304, 0.00241201533936, 0.00173010933213, 0.000826191797387, 0.000219263514737, 0.000140414587804, 0.000104778184323, 6.97040450177e-05, 4.22656485171e-05, 3.49351794284e-05, 3.53195646312e-05, 2.81039719994e-05, 3.09810930048e-05, 2.98952654703e-05, 1.87426339835e-05, 1.44907317008e-05, 9.99462554319e-06, 8.00638827059e-06, 6.97212863088e-06, 7.01354565535e-06, 8.96113033377e-06, 1.58198927238e-05, 1.45433359648e-05, 1.07894002213e-05, 1.54274930537e-05, 1.25372089315e-05, 7.95644882601e-06, 7.24262508811e-06, 5.04804984303e-06, 3.89928300137e-06, 3.3314133816e-06, 2.22694325203e-06, 1.75876527919e-06, 1.54616316195e-06, 1.34367610372e-06, 1.11427209504e-06, 9.75533453129e-07, 8.42086080866e-07, 6.64308345222e-07, 6.90783963364e-07],
        "dmean2": [0.00264047761448, 0.00312860822305, 0.00261119287461, 0.00144730880857, 0.000379434466595, 0.000232831691392, 0.00017475700588, 0.000113313566544, 6.79560544086e-05, 5.67523165955e-05, 5.71579475945e-05, 4.55894078186e-05, 5.15576357429e-05, 4.91401806357e-05, 3.10423092742e-05, 2.35645329667e-05, 1.62242340593e-05, 1.31638644234e-05, 1.09755064841e-05, 1.12808602353e-05, 1.4573948647e-05, 2.58126747212e-05, 2.37349631789e-05, 1.74511278601e-05, 2.46495292231e-05, 1.98304769583e-05, 1.25838596432e-05, 1.13049936772e-05, 7.98173732619e-06, 5.9704098021e-06, 5.1986953622e-06, 3.3969922697e-06, 2.63325114247e-06, 2.35000788962e-06, 2.00348495127e-06, 1.67352300195e-06, 1.50367043261e-06, 1.29498130264e-06, 9.93499952529e-07, 1.05044045995e-06],
        "dvar": [8.6285681391e-06, 1.49142433656e-05, 1.53952023538e-05, 5.35582194061e-06, 2.16945181819e-07, 9.01547920762e-08, 5.72354537098e-08, 1.18271321625e-08, 4.11666656319e-09, 2.72810951607e-09, 2.99143865234e-09, 2.6286526289e-09, 2.47836373646e-09, 2.36760078209e-09, 1.07143149908e-09, 7.27753246554e-10, 3.11789843943e-10, 2.33690733431e-10, 1.85760129501e-10, 1.36763433911e-10, 2.10941653034e-10, 5.99525928902e-10, 7.23339887987e-10, 3.4972449936e-10, 9.65941326925e-10, 4.39898867333e-10, 1.67158620279e-10, 1.52031734424e-10, 6.51937462348e-11, 4.09587606887e-11, 2.88251002928e-11, 1.20640546164e-11, 8.40312628508e-12, 6.25439240329e-12, 4.97801409469e-12, 3.57135653516e-12, 3.5268845136e-12, 2.32024100454e-12, 1.33598774404e-12, 1.46921884381e-12],
        "dvar2": [2.08419696719e-05, 2.65937560471e-05, 3.30929251504e-05, 1.45083267853e-05, 5.95243704993e-07, 2.44825088203e-07, 1.59064541094e-07, 2.90849762052e-08, 9.9443280277e-09, 6.75016664786e-09, 7.14966574833e-09, 6.30383256706e-09, 6.25461593629e-09, 5.96285376631e-09, 2.82567591547e-09, 1.82109993752e-09, 7.73810238108e-10, 5.6072552157e-10, 4.23872326127e-10, 3.15092507641e-10, 5.26367005538e-10, 1.52963142153e-09, 1.88150273139e-09, 8.86882955964e-10, 2.39332087482e-09, 1.04228736753e-09, 3.96795513113e-10, 3.5314540181e-10, 1.51752693744e-10, 8.83929457407e-11, 6.45680037215e-11, 2.65957880718e-11, 1.7414288761e-11, 1.39153662551e-11, 1.09179826638e-11, 7.90013714169e-12, 8.46065665444e-12, 5.49634860195e-12, 3.01869857236e-12, 3.42008951541e-12],
        "max": [0.0328887924552, 0.0346080996096, 0.0339469313622, 0.021066820249, 0.00814588088542, 0.00547835882753, 0.00589742790908, 0.00236083567142, 0.0014405103866, 0.000962412974332, 0.00157977314666, 0.00115652836394, 0.00136710726656, 0.00117719813716, 0.000765094941016, 0.000776847824454, 0.000573265191633, 0.000386606086977, 0.000351911789039, 0.000309440074489, 0.000301675027004, 0.000507042102981, 0.00091311376309, 0.000311439187499, 0.000637774472125, 0.000353964918759, 0.000176254921826, 0.00024653118453, 0.000124728903756, 0.000102425372461, 0.000100849261798, 5.62852583244e-05, 5.02746515849e-05, 3.38418576575e-05, 3.41352570103e-05, 2.58244890574e-05, 2.86927333946e-05, 1.7797727196e-05, 1.28674701045e-05, 1.19683109006e-05],
        "mean": [0.00342866685241, 0.00374906160869, 0.00170600658748, 0.000695307389833, 0.000247106334427, 0.00020823070372, 0.000143220284372, 9.96831731754e-05, 6.36870536255e-05, 4.97341752634e-05, 4.91876162414e-05, 3.97470030293e-05, 4.44978795713e-05, 4.31288790423e-05, 2.73947844107e-05, 1.9908127797e-05, 1.42160688483e-05, 1.07229643618e-05, 9.55709947448e-06, 1.0106746231e-05, 1.2930478988e-05, 2.50377161137e-05, 2.29635625146e-05, 1.6596457499e-05, 2.42932201218e-05, 2.00470440177e-05, 1.24628195408e-05, 1.16296523629e-05, 8.00737325335e-06, 6.19962065684e-06, 5.08917628395e-06, 3.28443115905e-06, 2.50900006904e-06, 2.12907752939e-06, 1.8419909793e-06, 1.46734907958e-06, 1.19225603612e-06, 9.5331358807e-07, 7.97658685769e-07, 7.51043273794e-07],
        "median": [0.00138616538607, 0.000973965856247, 0.000319189595757, 0.000182466465048, 9.76706141955e-05, 7.63910284149e-05, 6.00355378992e-05, 5.39788343303e-05, 3.47057866747e-05, 2.75242018688e-05, 2.75375823549e-05, 1.97145491256e-05, 2.51003148151e-05, 2.3546461307e-05, 1.41954096762e-05, 9.18988553167e-06, 7.10829954187e-06, 5.21759693584e-06, 4.77554385725e-06, 5.56018585485e-06, 7.06049013388e-06, 1.44416735566e-05, 1.43550687426e-05, 9.2170539574e-06, 1.22594283312e-05, 1.06591251097e-05, 6.84504539095e-06, 5.55079213882e-06, 4.14201122112e-06, 3.09129427478e-06, 2.47429989031e-06, 1.63276581588e-06, 1.17483705253e-06, 1.03560046227e-06, 8.56811084304e-07, 6.37923790237e-07, 4.74576893339e-07, 3.26760584812e-07, 2.90660182145e-07, 2.38670480712e-07],
        "min": [1.15510230085e-24, 1.05426181691e-24, 1.29059123208e-24, 5.10968085278e-25, 7.19993052372e-25, 2.10830886643e-24, 1.41311750231e-24, 1.99692703143e-24, 2.08104070595e-24, 2.25301159443e-24, 1.30859471427e-24, 2.89779139405e-24, 2.35543768879e-24, 2.50368989643e-24, 2.53099828882e-24, 2.89955863969e-24, 3.44631280829e-24, 2.06415178562e-24, 3.72326964477e-24, 3.14300584821e-24, 2.41791448641e-24, 2.34695053153e-24, 4.114656672e-24, 3.70457719119e-24, 3.62307760449e-24, 3.94778971358e-24, 3.28913542837e-24, 4.23862892427e-24, 4.81566371593e-24, 3.76939158088e-24, 5.40205360907e-24, 4.14232281281e-24, 4.5586358725e-24, 5.13516460989e-24, 5.46900896726e-24, 5.44921920816e-24, 6.08372409449e-24, 4.43049527921e-24, 5.61665651302e-24, 6.16131290325e-24],
        "var": [1.99934038392e-05, 3.45956977981e-05, 1.6325917386e-05, 3.58920533472e-06, 2.15671192905e-07, 1.39078764505e-07, 7.31469143034e-08, 1.84969994876e-08, 6.90840717965e-09, 4.21827550667e-09, 4.41017888875e-09, 4.0095429199e-09, 3.88645382543e-09, 4.04898869988e-09, 1.55110324584e-09, 1.09816988836e-09, 4.63867499967e-10, 3.01514035961e-10, 2.46749870536e-10, 2.11528197736e-10, 2.93212149005e-10, 1.03593933432e-09, 1.03417574504e-09, 4.94170093734e-10, 1.45045975231e-09, 7.96997745578e-10, 2.71962036225e-10, 2.7687313553e-10, 1.16214565749e-10, 7.74428229877e-11, 5.1251600186e-11, 2.05776281431e-11, 1.44731995486e-11, 9.31026956918e-12, 7.60378999348e-12, 5.04284418043e-12, 4.10165564707e-12, 2.61196880097e-12, 1.7103128809e-12, 1.67286551365e-12]
    },
    "mfcc": {
        "mean": [-657.828186035, 104.909797668, 2.26031637192, 41.1106185913, 2.06574988365, 3.51441669464, 11.2306833267, 12.5741739273, -0.857089757919, -1.22033905983, 1.00399899483, 5.37838315964, 2.1587369442],
        "cov": [[9959.12890625, -634.301330566, -180.554260254, 121.647644043, 22.51471138, 17.6183376312, -69.6417007446, -77.9860687256, -70.9922332764, 33.2117271423, 46.2584724426, 26.0045776367, 3.2809586525], [-634.301330566, 1288.4822998, -68.6296157837, 170.051528931, -30.0005531311, 9.89043521881, 117.35018158, 166.988632202, 41.0177345276, -2.54300093651, -1.55542266369, 17.3963298798, 1.03268074989], [-180.554260254, -68.6296157837, 510.321136475, 60.9051742554, 204.224533081, 139.682861328, 67.9614105225, 32.8335609436, 80.8766174316, 63.2612686157, 43.3397903442, -1.88380360603, 12.600353241], [121.647644043, 170.051528931, 60.9051742554, 338.778869629, 78.2986984253, 72.7174224854, 96.6540603638, 46.1096458435, 36.1944961548, 32.1567878723, 36.5164642334, 64.6259231567, 46.7319030762], [22.51471138, -30.0005531311, 204.224533081, 78.2986984253, 277.606719971, 144.235946655, 86.0705337524, 83.0678863525, 53.3366241455, 66.2582244873, 76.6504211426, 42.1770973206, 34.1588478088], [17.6183376312, 9.89043521881, 139.682861328, 72.7174224854, 144.235946655, 195.528686523, 92.5492706299, 65.4891891479, 64.2847213745, 54.3431243896, 50.0354537964, 32.9838256836, 25.8789768219], [-69.6417007446, 117.35018158, 67.9614105225, 96.6540603638, 86.0705337524, 92.5492706299, 160.622024536, 108.277709961, 54.5528106689, 45.2273902893, 46.9542198181, 44.8487472534, 34.4341812134], [-77.9860687256, 166.988632202, 32.8335609436, 46.1096458435, 83.0678863525, 65.4891891479, 108.277709961, 198.401672363, 87.1949310303, 48.0212631226, 64.5469436646, 54.212562561, 42.5515098572], [-70.9922332764, 41.0177345276, 80.8766174316, 36.1944961548, 53.3366241455, 64.2847213745, 54.5528106689, 87.1949310303, 130.524429321, 59.3296394348, 43.5017242432, 36.8033218384, 26.9692268372], [33.2117271423, -2.54300093651, 63.2612686157, 32.1567878723, 66.2582244873, 54.3431243896, 45.2273902893, 48.0212631226, 59.3296394348, 103.388587952, 66.5429763794, 35.9313049316, 28.5529575348], [46.2584724426, -1.55542266369, 43.3397903442, 36.5164642334, 76.6504211426, 50.0354537964, 46.9542198181, 64.5469436646, 43.5017242432, 66.5429763794, 113.173141479, 69.792388916, 44.1927680969], [26.0045776367, 17.3963298798, -1.88380360603, 64.6259231567, 42.1770973206, 32.9838256836, 44.8487472534, 54.212562561, 36.8033218384, 35.9313049316, 69.792388916, 113.509605408, 68.5341186523], [3.2809586525, 1.03268074989, 12.600353241, 46.7319030762, 34.1588478088, 25.8789768219, 34.4341812134, 42.5515098572, 26.9692268372, 28.5529575348, 44.1927680969, 68.5341186523, 90.6034545898]],
