{
"lowlevel": {
    "average_loudness": 0.970998048782,
    "barkbands_crest": {
        "dmean": 3.34143805504,
        "dmean2": 5.17159080505,
        "dvar": 8.72099304199,
        "dvar2": 20.0277881622,
        "max": 26.4662857056,
        "mean": 11.8060073853,
        "median": 11.2146949768,
        "min": 2.22142839432,
        "var": 26.393907547
    },
    "barkbands_flatness_db": {
        "dmean": 0.0358881540596,
        "dmean2": 0.0515197142959,
        "dvar": 0.00133878702763,
        "dvar2": 0.00272717652842,
        "max": 0.547918319702,
        "mean": 0.151025086641,
        "median": 0.137323379517,
        "min": 0.0125240478665,
        "var": 0.00648847222328
    },
    "barkbands_kurtosis": {
        "dmean": 6.17174386978,
        "dmean2": 9.26411533356,
        "dvar": 261.302398682,
        "dvar2": 523.446472168,
        "max": 442.188598633,
        "mean": 8.028881073,
        "median": 1.81078004837,
        "min": -1.89913225174,
        "var": 481.697509766
    },
    "barkbands_skewness": {
        "dmean": 0.869033157825,
        "dmean2": 1.23984181881,
        "dvar": 0.976806759834,
        "dvar2": 1.98881757259,
        "max": 19.5862255096,
        "mean": 1.91636550426,
        "median": 1.57149744034,
        "min": -3.7425122261,
        "var": 3.67456126213
    },
    "barkbands_spread": {
        "dmean": 9.35677719116,
        "dmean2": 14.0446910858,
        "dvar": 103.383880615,
        "dvar2": 215.904281616,
        "max": 110.25202179,
        "mean": 28.5477848053,
        "median": 25.9893417358,
        "min": 0.312467306852,
        "var": 333.205535889
    },
    "dissonance": {
        "dmean": 0.0199354253709,
        "dmean2": 0.0325127840042,
        "dvar": 0.000538981112186,
        "dvar2": 0.0013380094897,
        "max": 0.500000119209,
        "mean": 0.463534355164,
        "median": 0.474262595177,
        "min": 0.152016595006,
        "var": 0.0013011994306
    },
    "dynamic_complexity": 2.35675811768,
    "erbbands_crest": {
        "dmean": 2.78384160995,
        "dmean2": 4.34060335159,
        "dvar": 7.66470432281,
        "dvar2": 16.9141559601,
        "max": 32.8644599915,
        "mean": 8.82069969177,
        "median": 7.61255168915,
        "min": 2.30089378357,
        "var": 21.7691421509
    },
    "erbbands_flatness_db": {
        "dmean": 0.0220880061388,
        "dmean2": 0.0322874560952,
        "dvar": 0.000611505180132,
        "dvar2": 0.00115860835649,
        "max": 0.415381580591,
        "mean": 0.144044622779,
        "median": 0.132352769375,
        "min": 0.0504617020488,
        "var": 0.0028985820245
    },
    "erbbands_kurtosis": {
        "dmean": 1.15500891209,
        "dmean2": 1.80296826363,
        "dvar": 6.68547868729,
        "dvar2": 14.578083992,
        "max": 70.3127975464,
        "mean": 0.359469026327,
        "median": -0.445610284805,
        "min": -1.90923023224,
        "var": 9.98192024231
    },
    "erbbands_skewness": {
        "dmean": 0.449107468128,
        "dmean2": 0.659804224968,
        "dvar": 0.237220719457,
        "dvar2": 0.462208718061,
        "max": 7.10015487671,
        "mean": 0.0261740013957,
        "median": -0.0125929284841,
        "min": -4.5023727417,
        "var": 0.790664553642
    },
    "erbbands_spread": {
        "dmean": 11.9515218735,
        "dmean2": 17.6795158386,
        "dvar": 164.265808105,
        "dvar2": 308.049438477,
        "max": 186.808898926,
        "mean": 50.4654083252,
        "median": 47.1841545105,
        "min": 1.61485397816,
        "var": 633.604125977
    },
    "hfc": {
        "dmean": 16.5596313477,
        "dmean2": 25.1823062897,
        "dvar": 519.689758301,
        "dvar2": 1288.97351074,
        "max": 216.156158447,
        "mean": 29.0303211212,
        "median": 19.691532135,
        "min": 1.1881769226e-16,
        "var": 778.896362305
    },
    "melbands_crest": {
        "dmean": 4.15464305878,
        "dmean2": 6.41780996323,
        "dvar": 12.9616889954,
        "dvar2": 30.5593147278,
        "max": 37.8427352905,
        "mean": 16.9263935089,
        "median": 16.7023906708,
        "min": 1.69530284405,
        "var": 40.1208305359
    },
    "melbands_flatness_db": {
        "dmean": 0.044745143503,
        "dmean2": 0.0628875866532,
        "dvar": 0.00203365483321,
        "dvar2": 0.00403331080452,
        "max": 0.700558662415,
        "mean": 0.215102374554,
        "median": 0.20530807972,
        "min": 0.00463034259155,
        "var": 0.0106451027095
    },
    "melbands_kurtosis": {
        "dmean": 18.3584136963,
        "dmean2": 27.0804691315,
        "dvar": 1674.51879883,
        "dvar2": 3696.43261719,
        "max": 932.108947754,
        "mean": 30.9627246857,
        "median": 12.0518169403,
        "min": -1.88961851597,
        "var": 3790.36865234
    },
    "melbands_skewness": {
        "dmean": 1.26737964153,
        "dmean2": 1.79544663429,
        "dvar": 2.00742149353,
        "dvar2": 4.28029537201,
        "max": 24.1640110016,
        "mean": 3.80437064171,
        "median": 3.16289281845,
        "min": -1.76127111912,
        "var": 8.30675315857
    },
    "melbands_spread": {
        "dmean": 12.0751314163,
        "dmean2": 18.187171936,
        "dvar": 283.262084961,
        "dvar2": 596.488464355,
        "max": 249.76651001,
        "mean": 28.7924842834,
        "median": 19.88854599,
        "min": 0.328764408827,
        "var": 842.996032715
    },
    "pitch_salience": {
        "dmean": 0.102030977607,
        "dmean2": 0.150299057364,
        "dvar": 0.00797338876873,
        "dvar2": 0.0183579493314,
        "max": 0.877507925034,
        "mean": 0.469947069883,
        "median": 0.475537359715,
        "min": 0.0499787293375,
        "var": 0.0223683416843
    },
    "silence_rate_20dB": {
        "dmean": 0,
        "dmean2": 0,
        "dvar": 0,
        "dvar2": 0,
        "max": 1,
        "mean": 1,
        "median": 1,
        "min": 1,
        "var": 0
    },
    "silence_rate_30dB": {
        "dmean": 0.000949517299887,
        "dmean2": 0.00189933518413,
        "dvar": 0.00094866391737,
        "dvar2": 0.00284558697604,
        "max": 1,
        "mean": 0.999525308609,
        "median": 1,
        "min": 0,
        "var": 0.000474470318295
    },
    "silence_rate_60dB": {
        "dmean": 0.0398797281086,
        "dmean2": 0.0797720775008,
        "dvar": 0.0382863357663,
        "dvar2": 0.0901881977916,
        "max": 1,
        "mean": 0.0534810125828,
        "median": 0,
        "min": 0,
        "var": 0.0506228096783
    },
    "spectral_centroid": {
        "dmean": 400.660186768,
        "dmean2": 591.099182129,
        "dvar": 197381.8125,
        "dvar2": 379462.75,
        "max": 11548.4863281,
        "mean": 1690.98913574,
        "median": 1664.27832031,
        "min": 129.188110352,
        "var": 847528.375
    },
    "spectral_complexity": {
        "dmean": 5.74014854431,
        "dmean2": 8.41088962555,
        "dvar": 43.4957122803,
        "dvar2": 86.2290344238,
        "max": 58,
        "mean": 17.994146347,
        "median": 16,
        "min": 0,
        "var": 141.912078857
    },
    "spectral_decrease": {
        "dmean": 3.16321502325e-09,
        "dmean2": 4.74272221496e-09,
        "dvar": 1.17936475247e-17,
        "dvar2": 2.47612893317e-17,
        "max": 1.71819191835e-28,
        "mean": -8.71957528403e-09,
        "median": -7.79443443122e-09,
        "min": -3.07011660539e-08,
        "var": 3.50671143855e-17
    },
    "spectral_energy": {
        "dmean": 0.0129460105672,
        "dmean2": 0.0195265319198,
        "dvar": 0.000188400634215,
        "dvar2": 0.000402025762014,
        "max": 0.121038593352,
        "mean": 0.0355428829789,
        "median": 0.0329851359129,
        "min": 1.05768272974e-20,
        "var": 0.000536317005754
    },
    "spectral_energyband_high": {
        "dmean": 0.00152004440315,
        "dmean2": 0.00234462809749,
        "dvar": 6.21458502792e-06,
        "dvar2": 1.54949757416e-05,
        "max": 0.0321270599961,
        "mean": 0.00213642674498,
        "median": 0.000993186840788,
        "min": 7.99896980933e-21,
        "var": 8.22099264042e-06
    },
    "spectral_energyband_low": {
        "dmean": 0.00937642343342,
        "dmean2": 0.0135548291728,
        "dvar": 0.000132928427774,
        "dvar2": 0.000284285284579,
        "max": 0.107685528696,
        "mean": 0.020109359175,
        "median": 0.0140341520309,
        "min": 2.07989882979e-23,
        "var": 0.000374114752049
    },
    "spectral_energyband_middle_high": {
        "dmean": 0.00276817567647,
        "dmean2": 0.00419139163569,
        "dvar": 1.38083760248e-05,
        "dvar2": 3.18780766975e-05,
        "max": 0.0464392416179,
        "mean": 0.005091490224,
        "median": 0.00332896155305,
        "min": 1.34168917499e-21,
        "var": 2.72856741503e-05
    },
    "spectral_energyband_middle_low": {
        "dmean": 0.0072646648623,
        "dmean2": 0.0115091670305,
        "dvar": 0.000143176395795,
        "dvar2": 0.000344417116139,
        "max": 0.10076738894,
        "mean": 0.0107001718134,
        "median": 0.00586611032486,
        "min": 2.29976430372e-22,
        "var": 0.000169980718056
    },
    "spectral_entropy": {
        "dmean": 0.259878665209,
        "dmean2": 0.388051718473,
        "dvar": 0.101205177605,
        "dvar2": 0.197364524007,
        "max": 9.8059425354,
        "mean": 7.61448764801,
        "median": 7.74821901321,
        "min": 4.72290277481,
        "var": 0.425882548094
    },
    "spectral_flux": {
        "dmean": 0.037984803319,
        "dmean2": 0.0552427135408,
        "dvar": 0.00138545746449,
        "dvar2": 0.00279569160193,
        "max": 0.349466472864,
        "mean": 0.105884879827,
        "median": 0.093155041337,
        "min": 6.72140954006e-11,
        "var": 0.00374107505195
    },
    "spectral_kurtosis": {
        "dmean": 1.86990582943,
        "dmean2": 3.00985956192,
        "dvar": 23.5847930908,
        "dvar2": 52.9852027893,
        "max": 294.763641357,
        "mean": 3.9265229702,
        "median": 2.33099293709,
        "min": -1.25394165516,
        "var": 83.8268508911
    },
    "spectral_rms": {
        "dmean": 0.00112931232434,
        "dmean2": 0.00166184525006,
        "dvar": 1.36131234285e-06,
        "dvar2": 2.71910312222e-06,
        "max": 0.0108667584136,
        "mean": 0.00547926779836,
        "median": 0.00567279616371,
        "min": 3.21229761541e-12,
        "var": 4.65356743007e-06
    },
    "spectral_rolloff": {
        "dmean": 909.344665527,
        "dmean2": 1442.90563965,
        "dvar": 1965079.125,
        "dvar2": 3819029,
        "max": 19272.2167969,
        "mean": 1944.74523926,
        "median": 1065.89355469,
        "min": 43.06640625,
        "var": 5434387
    },
    "spectral_skewness": {
        "dmean": 0.259304761887,
        "dmean2": 0.403707355261,
        "dvar": 0.141465753317,
        "dvar2": 0.315619409084,
        "max": 13.7645349503,
        "mean": 1.32090675831,
        "median": 1.15025746822,
        "min": -0.0563686750829,
        "var": 0.549920201302
    },
    "spectral_spread": {
        "dmean": 752273.25,
        "dmean2": 1054487.125,
        "dvar": 1.02098252595e+12,
        "dvar2": 1.76124710093e+12,
        "max": 42695716,
        "mean": 5451865,
        "median": 5377331,
        "min": 407855.84375,
        "var": 4.76138543514e+12
    },
    "spectral_strongpeak": {
        "dmean": 0.611476838589,
        "dmean2": 1.03668999672,
        "dvar": 2.15717935562,
        "dvar2": 5.18363618851,
        "max": 25.504524231,
        "mean": 0.876469492912,
        "median": 0.481393665075,
        "min": 0,
        "var": 2.55494642258
    },
    "zerocrossingrate": {
        "dmean": 0.0194966327399,
        "dmean2": 0.0208357293159,
        "dvar": 0.000477323075756,
        "dvar2": 0.000501223956235,
        "max": 0.64404296875,
        "mean": 0.0729979723692,
        "median": 0.060546875,
        "min": 0.00244140625,
        "var": 0.00329444860108
    },
    "barkbands": {
        "dmean": [0.000232446982409, 0.0062925289385, 0.00511899590492, 0.00316160381772, 0.004013763275, 0.000692179135513, 0.000645122199785, 0.000590922718402, 0.000564171001315, 0.000581227766816, 0.000308269285597, 0.000430580810644, 0.00055907422211, 0.00023263184994, 0.000288460811134, 0.000252242869465, 0.000323521235259, 0.000418436917244, 0.000333523959853, 0.00038449690328, 0.000345247186488, 0.000322798237903, 0.000337303266861, 0.000197680274141, 0.000142577191582, 0.000107240215584, 1.20096365208e-05],
        "dmean2": [0.000375467527192, 0.00888285692781, 0.00785270892084, 0.0053654354997, 0.00700909458101, 0.0011505256407, 0.000999916461296, 0.000906771514565, 0.000835205952171, 0.000912938266993, 0.000462336523924, 0.000667472719215, 0.000888665148523, 0.000367306580301, 0.000464773562271, 0.000395754788769, 0.000511026126333, 0.000659891404212, 0.000539605331142, 0.000629631162155, 0.000564013724215, 0.000520584289916, 0.000517167616636, 0.000294321012916, 0.000218418965233, 0.000161773103173, 1.96022083401e-05],
        "dvar": [2.31968201092e-07, 6.95572598488e-05, 8.80518346094e-05, 5.27685260749e-05, 7.73955543991e-05, 2.23687743528e-06, 1.73403213921e-06, 1.85760484328e-06, 1.48072933825e-06, 1.2729503851e-06, 3.87809620861e-07, 7.66057382862e-07, 1.72691227363e-06, 2.13681772721e-07, 4.51213651331e-07, 4.447650781e-07, 4.41998707856e-07, 1.02777801203e-06, 5.05932234773e-07, 8.69371262979e-07, 6.1779888938e-07, 4.49965028793e-07, 3.4589123743e-07, 1.09788722114e-07, 6.64640822379e-08, 4.33558682289e-08, 1.23474741542e-09],
        "dvar2": [5.7798860098e-07, 0.000140428746818, 0.000207362842048, 0.000145132580656, 0.000214430619963, 5.53247627977e-06, 3.86334022551e-06, 3.93716709368e-06, 2.98939971799e-06, 2.93377729577e-06, 8.55544499245e-07, 1.85102453543e-06, 4.0568620534e-06, 4.70204128078e-07, 1.1337668866e-06, 1.10794280772e-06, 1.09255984171e-06, 2.49026152233e-06, 1.1997292404e-06, 2.19486173592e-06, 1.53464259256e-06, 1.14677504826e-06, 8.1082282577e-07, 2.377338717e-07, 1.56082649028e-07, 1.04440012194e-07, 2.94181479177e-09],
        "max": [0.00845899991691, 0.0775896906853, 0.0863541513681, 0.0662303566933, 0.0917047187686, 0.0216040983796, 0.0190809015185, 0.0273026358336, 0.035553380847, 0.0223684813827, 0.015879560262, 0.021504715085, 0.0413195639849, 0.010105076246, 0.0138938212767, 0.015613748692, 0.0158554483205, 0.0173940062523, 0.0143045540899, 0.0154707189649, 0.0113480053842, 0.0112599693239, 0.00956669356674, 0.00581756746396, 0.005663278047, 0.00226530223154, 0.000551676435862],
        "mean": [0.000337895180564, 0.0103121092543, 0.00705771101639, 0.00367957912385, 0.00354941212572, 0.000808557146229, 0.000877457496244, 0.000786563614383, 0.000862186017912, 0.000834537961055, 0.000394282513298, 0.000562838627957, 0.000671729154419, 0.000305302412016, 0.000379202567274, 0.000334996235324, 0.000417516101152, 0.00053473690059, 0.000449588580523, 0.000522314105183, 0.000428774190368, 0.000403177575208, 0.000432769331383, 0.000286848546239, 0.000180184724741, 0.000121839912026, 1.07590003608e-05],
        "median": [8.55048128869e-05, 0.00552627490833, 0.00225856085308, 0.000794452615082, 0.00101852207445, 0.000234240520513, 0.000254707934801, 0.000123630888993, 0.000196155961021, 0.00027943745954, 8.46465918585e-05, 0.000139861745993, 0.000164662531461, 0.000107069507067, 0.000132978704642, 0.000123714780784, 0.000158788287081, 0.00017436494818, 0.000200281545403, 0.000237957632635, 0.000193800762645, 0.000127739418531, 0.000125673788716, 7.92583305156e-05, 5.43166243006e-05, 2.61654477072e-05, 4.15698025336e-07],
        "min": [6.25362540638e-24, 1.29040872911e-23, 3.55584022852e-24, 4.86431276796e-24, 1.82596497772e-23, 2.97730210463e-23, 2.24212633946e-23, 2.6101954272e-23, 4.79777724154e-23, 2.64289860266e-23, 3.10349429038e-23, 4.60363320851e-23, 4.31949213688e-23, 6.86169580043e-23, 9.14243593457e-23, 7.64313951988e-23, 1.21639852474e-22, 1.14002643926e-22, 2.1418308164e-22, 2.83408693165e-22, 3.96840605692e-22, 5.29071414378e-22, 6.20721653e-22, 6.31645445406e-22, 1.17037887864e-21, 1.36706479821e-21, 2.55155229636e-21],
        "var": [4.49082278919e-07, 0.000155741261551, 0.000136595204822, 5.39843567822e-05, 5.30304132553e-05, 3.31494698003e-06, 2.77733533949e-06, 3.46886440639e-06, 4.33016111856e-06, 2.46006129601e-06, 6.96061931649e-07, 1.11832628136e-06, 2.2444055503e-06, 3.40924998454e-07, 5.8771422573e-07, 6.24106576197e-07, 5.42904786016e-07, 1.39632970786e-06, 6.40843438759e-07, 1.07883329292e-06, 6.09584219546e-07, 4.91078310461e-07, 5.13743259489e-07, 1.99674602186e-07, 9.05158614728e-08, 5.09560322826e-08, 1.28101007579e-09]
    },
    "erbbands": {
        "dmean": [0.15085375309, 1.54849946499, 4.94931507111, 8.77208042145, 11.2251739502, 14.0136995316, 7.85542726517, 5.75058221817, 9.97642040253, 8.63879299164, 12.4198560715, 12.2539873123, 12.929561615, 17.3552093506, 13.8854541779, 16.5002441406, 24.8882923126, 12.9406375885, 14.0108575821, 12.8764686584, 15.9422979355, 18.25157547, 18.8868560791, 18.7917079926, 17.7602119446, 16.6617584229, 16.1963291168, 12.4088220596, 11.0286903381, 10.2782478333, 9.9741601944, 5.34309911728, 3.29380011559, 1.80618083477, 0.768582880497, 0.437183946371, 0.196644470096, 0.0445474982262, 0.00191830971744, 5.11602120241e-05],
        "dmean2": [0.22264906764, 2.15785050392, 7.24270582199, 13.9807014465, 19.1677474976, 24.9528160095, 12.9365911484, 9.50127029419, 15.4420309067, 13.5147066116, 18.9051513672, 18.2483558655, 20.3088340759, 27.1375751495, 20.9755134583, 24.9528522491, 39.5223083496, 19.7311038971, 22.6454582214, 20.581199646, 24.775604248, 28.6994342804, 29.7727203369, 29.4961833954, 28.4556941986, 27.2045402527, 26.7983589172, 20.3962936401, 17.7298984528, 16.4278182983, 15.1858377457, 8.00135612488, 5.07476425171, 2.80230808258, 1.15849363804, 0.660411775112, 0.299874991179, 0.070428468287, 0.00312327197753, 7.88676697994e-05],
        "dvar": [0.0456812679768, 4.49596261978, 70.7695083618, 319.003204346, 640.327026367, 1032.91223145, 259.484344482, 145.97668457, 437.344390869, 344.261566162, 641.773010254, 753.902282715, 599.119445801, 1011.70098877, 637.409301758, 1009.19909668, 3721.45898438, 691.801635742, 1161.90319824, 814.703125, 1855.16931152, 1510.54455566, 1819.02172852, 1500.69726562, 1617.20410156, 2018.55419922, 1333.1541748, 575.255615234, 448.73425293, 556.818725586, 347.94329834, 81.3752365112, 30.0965175629, 10.2705945969, 1.77606129646, 0.667976796627, 0.169117495418, 0.0111183505505, 3.26746885548e-05, 9.66450297568e-09],
        "dvar2": [0.095534875989, 8.92395114899, 157.747634888, 810.722290039, 1729.75036621, 2898.27832031, 647.576904297, 365.813903809, 964.776062012, 802.33026123, 1385.16601562, 1556.22155762, 1379.23168945, 2353.67089844, 1455.3416748, 2305.87524414, 8803.08300781, 1467.7454834, 2949.86035156, 1966.57458496, 4625.89355469, 3690.84301758, 4407.80273438, 3674.29980469, 3815.70629883, 5116.63037109, 3356.83447266, 1448.45666504, 1125.36572266, 1448.68029785, 785.551513672, 161.614334106, 73.2346420288, 24.2777900696, 4.24533843994, 1.5897513628, 0.409210681915, 0.0282049179077, 7.84126314102e-05, 2.35837411822e-08],
        "max": [2.66421627998, 20.9180107117, 86.7322845459, 172.039031982, 218.699829102, 371.165252686, 185.294403076, 266.183746338, 327.633972168, 300.063354492, 682.534240723, 838.575866699, 469.950683594, 580.226989746, 722.976196289, 702.804870605, 2059.3269043, 961.74786377, 947.513793945, 597.307006836, 1002.83551025, 1105.38635254, 954.781433105, 628.132568359, 743.089233398, 1084.81005859, 579.993652344, 402.253448486, 292.877532959, 451.178863525, 443.803924561, 194.129455566, 61.7118492126, 67.162902832, 14.7765684128, 8.66734313965, 5.09415531158, 1.1344845295, 0.0833309516311, 0.0012763341656],
        "mean": [0.256413400173, 2.48228979111, 7.53685665131, 11.9775924683, 11.1135177612, 11.6063537598, 8.61001873016, 6.93229436874, 13.9966287613, 11.8366584778, 17.7646389008, 18.629076004, 19.5682144165, 24.9028110504, 19.5255489349, 22.3684158325, 29.5108757019, 17.6849060059, 19.9998111725, 16.7019424438, 21.3322677612, 24.7588863373, 25.7978038788, 25.8242511749, 24.3822612762, 23.1336975098, 20.5091018677, 15.4424161911, 14.0552892685, 12.529381752, 12.8767852783, 7.58459329605, 4.32215738297, 2.31764221191, 1.01966631413, 0.540531754494, 0.213721200824, 0.0430494174361, 0.00177568232175, 8.15714156488e-05],
        "median": [0.123666085303, 1.25174748898, 3.23064851761, 3.40665769577, 3.29969120026, 3.17843699455, 2.49370861053, 2.36938977242, 4.13911151886, 3.36365866661, 4.64385700226, 4.81984519958, 7.53892087936, 9.2563495636, 6.48348617554, 6.95317077637, 7.28667926788, 6.16800403595, 7.45032310486, 6.57275104523, 7.83734035492, 10.1707201004, 10.1425132751, 10.221613884, 11.2199068069, 11.2893047333, 9.17310523987, 7.16611099243, 4.83871364594, 4.02235031128, 3.46715950966, 2.06411457062, 1.18791174889, 0.709276080132, 0.328892678022, 0.144988924265, 0.0392077863216, 0.00474719889462, 0.000147568207467, 5.76722159167e-05],
        "min": [5.38994754451e-22, 1.84969903819e-21, 5.0035315148e-21, 1.76223947103e-20, 6.09310803482e-20, 4.56385367684e-20, 1.30791976075e-19, 3.01495959542e-19, 2.03717227004e-19, 5.57938803239e-19, 7.90217012905e-19, 7.28307662236e-19, 1.01444789259e-18, 9.63594482887e-19, 1.68853515814e-18, 1.96673626406e-18, 2.36089299582e-18, 2.63344383778e-18, 4.09901949284e-18, 4.61586634139e-18, 4.31315504674e-18, 7.75793175051e-18, 7.43050719428e-18, 8.07922193532e-18, 1.11124626359e-17, 1.20263458387e-17, 1.69478057856e-17, 1.75508634655e-17, 1.86712746421e-17, 1.36121801131e-17, 1.76526927076e-17, 1.30755069861e-17, 1.08590194593e-17, 1.40522881755e-17, 8.08661113973e-18, 4.49568609738e-18, 2.97471436349e-18, 1.09289914945e-18, 3.42157495968e-19, 3.33572084992e-20],
        "var": [0.119444780052, 9.59265327454, 129.572906494, 445.176696777, 495.363616943, 670.702697754, 301.081359863, 224.005096436, 732.326965332, 527.431518555, 1266.38366699, 2000.43920898, 1250.34558105, 1842.36340332, 1128.92163086, 1446.11096191, 4672.49804688, 1129.05615234, 1766.74682617, 990.917663574, 2592.27685547, 1952.96838379, 2494.53076172, 2106.03344727, 1987.43273926, 2269.09863281, 1376.66149902, 616.740600586, 557.393188477, 534.224060059, 594.146362305, 154.861846924, 43.7438774109, 13.9218788147, 2.6566696167, 0.856581270695, 0.184126123786, 0.0107638910413, 3.29294816765e-05, 1.0788862248e-08]
    },
    "gfcc": {
        "mean": [4.80384206772, 70.9322814941, -104.184539795, 48.6907043457, -52.9205856323, 22.5583992004, -27.4529323578, 11.1558456421, -23.5936813354, 2.50276112556, -15.3975305557, 1.23941862583, -13.4390230179],
        "cov": [[9021.98535156, -2168.53295898, 199.483901978, 289.960205078, -347.001831055, 400.735015869, -411.048950195, 353.92565918, -502.859436035, 127.236877441, -489.252685547, 206.14994812, -420.458404541], [-2168.53295898, 2647.3894043, -120.014678955, 84.2929229736, 398.067657471, -314.040710449, 358.701721191, -232.138198853, 265.191650391, -200.478652954, 241.809066772, -227.420700073, 211.508560181], [199.483901978, -120.014678955, 1209.5760498, 196.284057617, 167.480499268, 173.876022339, -28.9817619324, -34.8816375732, -95.933921814, 37.5162353516, -80.6524887085, -12.570353508, -103.097442627], [289.960205078, 84.2929229736, 196.284057617, 527.172973633, 179.842346191, 19.974357605, 21.6087741852, 16.8937072754, 12.9786787033, 2.45990085602, 33.1830329895, -25.1139812469, 9.90124988556], [-347.001831055, 398.067657471, 167.480499268, 179.842346191, 422.242156982, 39.7157440186, 90.3799133301, -28.109582901, 40.7136917114, -20.0112056732, 44.9502487183, -20.4517841339, 27.7161712646], [400.735015869, -314.040710449, 173.876022339, 19.974357605, 39.7157440186, 340.135101318, 52.479927063, 58.041759491, -23.2071933746, 14.7298202515, -29.4426383972, 38.6960105896, -48.0411834717], [-411.048950195, 358.701721191, -28.9817619324, 21.6087741852, 90.3799133301, 52.479927063, 253.946411133, 61.6568565369, 95.4464797974, -22.4125328064, 53.5590248108, -26.2090244293, 36.8048286438], [353.92565918, -232.138198853, -34.8816375732, 16.8937072754, -28.109582901, 58.041759491, 61.6568565369, 216.236938477, 62.1546287537, 51.3015022278, -30.7559661865, 36.3922805786, 2.14299845695], [-502.859436035, 265.191650391, -95.933921814, 12.9786787033, 40.7136917114, -23.2071933746, 95.4464797974, 62.1546287537, 213.928390503, 57.3814582825, 70.539642334, -27.602678299, 43.0219192505], [127.236877441, -200.478652954, 37.5162353516, 2.45990085602, -20.0112056732, 14.7298202515, -22.4125328064, 51.3015022278, 57.3814582825, 199.145233154, 68.9964447021, 31.7360572815, -23.2226448059], [-489.252685547, 241.809066772, -80.6524887085, 33.1830329895, 44.9502487183, -29.4426383972, 53.5590248108, -30.7559661865, 70.539642334, 68.9964447021, 187.493347168, 40.90675354, 24.0858688354], [206.14994812, -227.420700073, -12.570353508, -25.1139812469, -20.4517841339, 38.6960105896, -26.2090244293, 36.3922805786, -27.602678299, 31.7360572815, 40.90675354, 138.466003418, 26.8817253113], [-420.458404541, 211.508560181, -103.097442627, 9.90124988556, 27.7161712646, -48.0411834717, 36.8048286438, 2.14299845695, 43.0219192505, -23.2226448059, 24.0858688354, 26.8817253113, 150.851028442]],
        "icov": [[0.000228054472245, -0.000110974760901, 0.000139967087307, -0.000291951495456, 0.000126850049128, -0.00015152998094, 0.000116051072837, -0.000229568642681, 0.000371533853468, -0.000392029673094, 0.000781570677646, -0.000607280991971, 0.00062656251248], [-0.000110974760901, 0.00131115864497, -0.00028631472378, 0.000429569743574, -0.000677890784573, 0.000858263636474, -0.000970806868281, 0.000757381203584, -0.000820037734229, 0.00144938461017, -0.00196945248172, 0.00199243566021, -0.00133118941449], [0.000139967087307, -0.00028631472378, 0.00126931432169, -0.000608561211266, -0.000189043290447, -0.000581181840971, 9.32189323066e-06, 0.000336439959938, 0.000567452050745, -0.00112775026355, 0.00166326353792, -0.000961595098488, 0.00111194280908], [-0.000291951495456, 0.000429569743574, -0.000608561211266, 0.00294607877731, -0.00123858544976, 0.000307343900204, 0.00036311862641, -0.000744242221117, -0.000161897725775, 0.00119609909598, -0.0026841412764, 0.00240168394521, -0.00154700642452], [0.000126850049128, -0.000677890784573, -0.000189043290447, -0.00123858544976, 0.00369130028412, -0.000730084255338, -0.000447438389529, 0.000380473793484, 2.92031381832e-05, -0.000521595415194, 0.000923713494558, -0.00121025019325, 0.000428729021223], [-0.00015152998094, 0.000858263636474, -0.000581181840971, 0.000307343900204, -0.000730084255338, 0.00458300486207, -0.0021536052227, 0.000353360141162, -0.000450755906058, 0.000672364782076, -0.000263063440798, -0.00050148461014, 0.000434426532593], [0.000116051072837, -0.000970806868281, 9.32189323066e-06, 0.00036311862641, -0.000447438389529, -0.0021536052227, 0.00811020284891, -0.00393151072785, -0.000508422090206, 0.00165779993404, -0.00244315131567, 0.00171688152477, -0.000375012663426], [-0.000229568642681, 0.000757381203584, 0.000336439959938, -0.000744242221117, 0.000380473793484, 0.000353360141162, -0.00393151072785, 0.00970137305558, -0.00373894511722, -0.00188972032629, 0.00421226629987, -0.00344237545505, 0.000157311849762], [0.000371533853468, -0.000820037734229, 0.000567452050745, -0.000161897725775, 2.92031381832e-05, -0.000450755906058, -0.000508422090206, -0.00373894511722, 0.00978715158999, -0.00311123463325, -0.00117635319475, 0.00232218648307, -0.000884170061909], [-0.000392029673094, 0.00144938461017, -0.00112775026355, 0.00119609909598, -0.000521595415194, 0.000672364782076, 0.00165779993404, -0.00188972032629, -0.00311123463325, 0.0103473877534, -0.00730872200802, 0.00297103216872, -0.000924041320104], [0.000781570677646, -0.00196945248172, 0.00166326353792, -0.0026841412764, 0.000923713494558, -0.000263063440798, -0.00244315131567, 0.00421226629987, -0.00117635319475, -0.00730872200802, 0.0170524027199, -0.0106460498646, 0.00492025259882], [-0.000607280991971, 0.00199243566021, -0.000961595098488, 0.00240168394521, -0.00121025019325, -0.00050148461014, 0.00171688152477, -0.00344237545505, 0.00232218648307, 0.00297103216872, -0.0106460498646, 0.0172608084977, -0.0071893632412], [0.00062656251248, -0.00133118941449, 0.00111194280908, -0.00154700642452, 0.000428729021223, 0.000434426532593, -0.000375012663426, 0.000157311849762, -0.000884170061909, -0.000924041320104, 0.00492025259882, -0.0071893632412, 0.0118576847017]]
    },
    "melbands": {
        "dmean": [0.00156463228632, 0.00216771406122, 0.00143945147283, 0.000961141195148, 0.000341808219673, 0.00013113435125, 0.000142995821079, 0.00010526607366, 0.00010366897186, 7.50591498218e-05, 6.9771289418e-05, 7.72431085352e-05, 4.59941475128e-05, 4.97462133353e-05, 5.4463485867e-05, 4.56402922282e-05, 2.26829906751e-05, 2.46866638918e-05, 1.8625654775e-05, 1.43444794958e-05, 2.0990093617e-05, 1.88831818377e-05, 1.5950496163e-05, 2.2890204491e-05, 1.4855821064e-05, 1.45532076203e-05, 1.30234193421e-05, 1.08365902634e-05, 1.07946307253e-05, 9.6189451142e-06, 7.10246922608e-06, 6.23256710242e-06, 6.68725033393e-06, 5.57181692784e-06, 5.92204787608e-06, 5.11668713443e-06, 2.74548028756e-06, 2.36217215388e-06, 2.35946436078e-06, 1.24681082525e-06],
        "dmean2": [0.0022261380218, 0.0030492709484, 0.00222778040916, 0.00168596708681, 0.000572497781832, 0.000216367363464, 0.000221257723751, 0.000163695600349, 0.000155543195433, 0.000112416499178, 0.000109546788735, 0.000121300188766, 6.88401778461e-05, 7.74044674472e-05, 8.36340113892e-05, 7.23289267626e-05, 3.49423062289e-05, 4.01416582463e-05, 3.00549254462e-05, 2.29950310313e-05, 3.29379108734e-05, 2.97644382954e-05, 2.56601524597e-05, 3.61307138519e-05, 2.35961560975e-05, 2.34417875618e-05, 2.09185509448e-05, 1.79001290235e-05, 1.80006700248e-05, 1.58975108207e-05, 1.17924000733e-05, 1.03161464722e-05, 1.08097983684e-05, 9.07692265173e-06, 9.27214205149e-06, 7.93943399913e-06, 4.01230317948e-06, 3.6606274989e-06, 3.7865233935e-06, 1.92399875232e-06],
        "dvar": [4.20669903178e-06, 1.01284213088e-05, 7.86691816757e-06, 4.86527414978e-06, 4.49436470262e-07, 7.40992547321e-08, 8.48379571039e-08, 5.59256143617e-08, 4.0689332792e-08, 2.72537583612e-08, 1.68954770174e-08, 2.15876525544e-08, 7.27163085301e-09, 1.09422240158e-08, 1.59011150913e-08, 1.05734283551e-08, 2.145565281e-09, 3.66886698799e-09, 2.04462846654e-09, 6.650611728e-10, 4.03406774652e-09, 1.71237257707e-09, 1.14474874024e-09, 3.70688080231e-09, 9.42119271485e-10, 1.28556487677e-09, 1.17666998367e-09, 9.68170543736e-10, 6.76725786519e-10, 8.690383968e-10, 1.86530985102e-10, 1.4815283722e-10, 2.40967329423e-10, 1.67599711887e-10, 1.36618688584e-10, 7.4928882543e-11, 2.09507463461e-11, 1.77733227441e-11, 1.84496272426e-11, 4.89864399045e-12],
        "dvar2": [8.60825821292e-06, 2.11997012229e-05, 1.92591669474e-05, 1.341310508e-05, 1.16379055726e-06, 1.84094517408e-07, 1.87156516063e-07, 1.24737923102e-07, 8.62887645781e-08, 5.74650727003e-08, 3.88397296547e-08, 4.99402972309e-08, 1.61691069422e-08, 2.70878182107e-08, 3.61311194297e-08, 2.52255674127e-08, 4.59180826695e-09, 9.21492748773e-09, 4.98981922448e-09, 1.59232227404e-09, 1.0165254416e-08, 4.19519041728e-09, 2.89462942504e-09, 8.9960234817e-09, 2.3182267217e-09, 2.99213165356e-09, 2.79987188989e-09, 2.46698528272e-09, 1.72149117184e-09, 2.15077000654e-09, 4.77651751485e-10, 3.85697584981e-10, 5.96974747413e-10, 4.45621206602e-10, 3.20482307359e-10, 1.57108229204e-10, 4.19778829752e-11, 4.39966084398e-11, 4.56858474662e-11, 1.13764405882e-11],
        "max": [0.0229234788567, 0.0329899378121, 0.0257916413248, 0.0214492473751, 0.00689497077838, 0.00515956291929, 0.00458645867184, 0.00322220404632, 0.00460167368874, 0.00450958078727, 0.00228775897995, 0.00281160417944, 0.00250507402234, 0.00287076318637, 0.00396344391629, 0.0026299180463, 0.00159376789816, 0.00164766528178, 0.000905112421606, 0.000393841968616, 0.0015521266032, 0.0011617076816, 0.000656976015307, 0.00102519558277, 0.000470541068353, 0.000815680832602, 0.000675059098285, 0.000775949272793, 0.0005329362466, 0.000489823403768, 0.0003289715969, 0.000172665619175, 0.000267175171757, 0.000260290136794, 0.000265863229288, 0.000180368529982, 8.5023464635e-05, 5.56610320928e-05, 9.50809626374e-05, 4.60114679299e-05],
        "mean": [0.00262302486226, 0.00382874184288, 0.00202314858325, 0.000842507753987, 0.00034852445242, 0.000159310118761, 0.000199400092242, 0.000144645251567, 0.000152505774167, 0.000112050278403, 0.000104139377072, 0.000109192238597, 6.11595241935e-05, 6.44461251795e-05, 6.74226175761e-05, 5.44395406905e-05, 2.97655569739e-05, 3.42560160789e-05, 2.30534187722e-05, 1.91601629922e-05, 2.65092585323e-05, 2.43246413447e-05, 2.18727855099e-05, 2.83000172203e-05, 1.97261033463e-05, 1.89941838471e-05, 1.75180266524e-05, 1.44038431245e-05, 1.32922968987e-05, 1.10157643576e-05, 8.52349148772e-06, 7.71702525526e-06, 7.90520607552e-06, 6.57293048789e-06, 7.42562542655e-06, 6.55008670947e-06, 3.95047845814e-06, 3.13010673381e-06, 2.61835566562e-06, 1.6921559336e-06],
        "median": [0.0014482869301, 0.00207218690775, 0.000644622195978, 0.000246634124778, 9.63203056017e-05, 5.26891017216e-05, 5.92111500737e-05, 3.03700398945e-05, 3.99639211537e-05, 2.49976546911e-05, 3.64261359209e-05, 3.79310185963e-05, 1.6340503862e-05, 1.6899768525e-05, 1.66135723703e-05, 1.26947998069e-05, 8.98139205674e-06, 1.12469078886e-05, 8.30199496704e-06, 8.23685604701e-06, 8.44676105771e-06, 9.16337194212e-06, 9.62039302976e-06, 7.86189229984e-06, 7.40873701943e-06, 7.95296000433e-06, 7.79797119321e-06, 6.70356894261e-06, 5.4288575484e-06, 4.41490556113e-06, 3.54607118425e-06, 2.60699471255e-06, 2.05864944292e-06, 2.04206048693e-06, 1.88198941942e-06, 1.60975389463e-06, 1.02237868305e-06, 8.15573230284e-07, 6.54932364341e-07, 5.5946077282e-07],
        "min": [3.68449121482e-24, 1.95461884336e-24, 4.91561633693e-24, 4.12644067621e-24, 3.7708683285e-24, 6.10508487008e-24, 3.08849496801e-24, 7.1512970517e-24, 7.46826767431e-24, 4.9746329934e-24, 4.97927070666e-24, 3.64308942793e-24, 4.46685545605e-24, 4.50310203693e-24, 4.49374062457e-24, 3.07337072952e-24, 5.36619317561e-24, 6.33984198686e-24, 5.64236115118e-24, 8.11693853034e-24, 4.40606149596e-24, 7.21250161389e-24, 6.56013297237e-24, 6.82797609881e-24, 6.06963779973e-24, 8.24203688155e-24, 7.98385769563e-24, 6.7721736561e-24, 8.43180052774e-24, 8.14853477618e-24, 8.43119152713e-24, 1.02656567966e-23, 6.61556149501e-24, 7.75773781689e-24, 9.65015438623e-24, 8.21467602991e-24, 7.42022525632e-24, 6.12228243224e-24, 1.0032277031e-23, 1.06491481151e-23],
        "var": [1.02996546048e-05, 2.26903230214e-05, 1.10590617624e-05, 3.31903993356e-06, 4.53532436495e-07, 1.14663741613e-07, 1.42003727888e-07, 9.61951514e-08, 9.49626866031e-08, 7.05810379031e-08, 3.56330644991e-08, 3.98786887956e-08, 1.31965265382e-08, 1.56234545301e-08, 2.15578079832e-08, 1.34890116854e-08, 3.49828122026e-09, 5.72611780214e-09, 2.33596653132e-09, 9.02219077226e-10, 5.44634959354e-09, 2.10539630174e-09, 1.43472822511e-09, 4.89790297209e-09, 1.27211252643e-09, 1.56327406575e-09, 1.58580359955e-09, 1.03751163216e-09, 7.14122927459e-10, 7.76061881425e-10, 1.98744812274e-10, 1.69485273038e-10, 2.56205445748e-10, 1.54551413334e-10, 2.18391985052e-10, 1.25162866182e-10, 4.1363149017e-11, 2.51297038734e-11, 2.16594606833e-11, 7.07412297143e-12]
    },
    "mfcc": {
        "mean": [-640.465698242, 96.0739746094, 12.2967472076, 31.8254985809, 5.44806957245, 13.6951885223, 8.4403963089, 10.904294014, 1.50828182697, 4.50415992737, 0.164986953139, 2.14978313446, -0.73207372427],
        "cov": [[7740.96875, -1763.19958496, -170.345550537, -122.040817261, -63.6050758362, -38.3939666748, 1.80140471458, 125.240997314, -58.2358322144, -35.3362503052, -84.7682113647, -64.7634429932, -120.139312744], [-1763.19958496, 2005.06018066, -74.7228927612, 265.175811768, 41.0917015076, 53.1952781677, 62.2776832581, 7.79035139084, 54.3357696533, 19.2452430725, 21.4960098267, 8.17220973969, 15.7515525818], [-170.345550537, -74.7228927612, 867.568908691, 76.1218566895, 156.981872559, 150.686340332, 81.5082473755, -7.29832696915, -4.70624446869, 13.6443710327, 0.876236140728, 6.35766267776, -8.58987426758], [-122.040817261, 265.175811768, 76.1218566895, 566.210876465, 176.936798096, 32.8489608765, 47.8538131714, -13.0469589233, 30.627035141, 12.9443235397, 18.9518680573, 31.1850967407, 22.8904590607], [-63.6050758362, 41.0917015076, 156.981872559, 176.936798096, 317.557159424, 132.513793945, 69.8678665161, 6.38453245163, 11.4974718094, -12.7968950272, -1.05437922478, 4.35166025162, 16.783449173], [-38.3939666748, 53.1952781677, 150.686340332, 32.8489608765, 132.513793945, 223.956970215, 105.58719635, 41.7858657837, -5.55539226532, 9.81318092346, 19.0956230164, 8.23314762115, 9.98641586304], [1.80140471458, 62.2776832581, 81.5082473755, 47.8538131714, 69.8678665161, 105.58719635, 177.618530273, 71.9214935303, 18.364648819, -2.96030545235, 8.43491077423, 16.4539279938, 11.8786859512], [125.240997314, 7.79035139084, -7.29832696915, -13.0469589233, 6.38453245163, 41.7858657837, 71.9214935303, 207.213485718, 75.0389862061, 20.8409156799, -3.89429950714, -3.72139668465, -1.18493175507], [-58.2358322144, 54.3357696533, -4.70624446869, 30.627035141, 11.4974718094, -5.55539226532, 18.364648819, 75.0389862061, 171.954574585, 81.6194000244, -3.06597161293, -15.0641002655, -4.22376680374], [-35.3362503052, 19.2452430725, 13.6443710327, 12.9443235397, -12.7968950272, 9.81318092346, -2.96030545235, 20.8409156799, 81.6194000244, 163.60256958, 62.6376342773, 5.06366491318, 7.455555439], [-84.7682113647, 21.4960098267, 0.876236140728, 18.9518680573, -1.05437922478, 19.0956230164, 8.43491077423, -3.89429950714, -3.06597161293, 62.6376342773, 162.785018921, 76.5841140747, 20.8171291351], [-64.7634429932, 8.17220973969, 6.35766267776, 31.1850967407, 4.35166025162, 8.23314762115, 16.4539279938, -3.72139668465, -15.0641002655, 5.06366491318, 76.5841140747, 156.410171509, 72.2165908813], [-120.139312744, 15.7515525818, -8.58987426758, 22.8904590607, 16.783449173, 9.98641586304, 11.8786859512, -1.18493175507, -4.22376680374, 7.455555439, 20.8171291351, 72.2165908813, 134.928619385]],
