{
"lowlevel": {
    "average_loudness": 0.777102053165,
    "barkbands_crest": {
        "dmean": 3.94315767288,
        "dmean2": 6.89863872528,
        "dvar": 9.30911827087,
        "dvar2": 27.8881282806,
        "max": 26.389749527,
        "mean": 13.832570076,
        "median": 13.4686174393,
        "min": 2.82220196724,
        "var": 22.5500183105
    },
    "barkbands_flatness_db": {
        "dmean": 0.0447992905974,
        "dmean2": 0.0792048648,
        "dvar": 0.00146346352994,
        "dvar2": 0.00459761358798,
        "max": 0.74867361784,
        "mean": 0.380940973759,
        "median": 0.383960843086,
        "min": 0.0453702174127,
        "var": 0.0151298837736
    },
    "barkbands_kurtosis": {
        "dmean": 12.2431726456,
        "dmean2": 21.7181949615,
        "dvar": 569.880737305,
        "dvar2": 1845.81005859,
        "max": 671.051635742,
        "mean": 17.0409488678,
        "median": 8.291472435,
        "min": -1.8629193306,
        "var": 729.569152832
    },
    "barkbands_skewness": {
        "dmean": 1.06940186024,
        "dmean2": 1.8553596735,
        "dvar": 1.26951408386,
        "dvar2": 3.87205290794,
        "max": 21.8687725067,
        "mean": 2.73619318008,
        "median": 2.28096866608,
        "min": -2.31234359741,
        "var": 3.89415168762
    },
    "barkbands_spread": {
        "dmean": 1.73665976524,
        "dmean2": 2.9736623764,
        "dvar": 7.32470464706,
        "dvar2": 20.2201385498,
        "max": 105.537261963,
        "mean": 4.91582250595,
        "median": 3.13129115105,
        "min": 0.0863867923617,
        "var": 34.5326423645
    },
    "dissonance": {
        "dmean": 0.0326461605728,
        "dmean2": 0.0560593754053,
        "dvar": 0.00101593567524,
        "dvar2": 0.0029001601506,
        "max": 0.500000119209,
        "mean": 0.42936784029,
        "median": 0.442064285278,
        "min": 0,
        "var": 0.00300818122923
    },
    "dynamic_complexity": 4.56610155106,
    "erbbands_crest": {
        "dmean": 2.8385412693,
        "dmean2": 4.80245304108,
        "dvar": 6.40592384338,
        "dvar2": 18.1823825836,
        "max": 30.4188594818,
        "mean": 10.5889968872,
        "median": 9.74555873871,
        "min": 2.61170077324,
        "var": 18.6180896759
    },
    "erbbands_flatness_db": {
        "dmean": 0.0189287755638,
        "dmean2": 0.0312190204859,
        "dvar": 0.000324332184391,
        "dvar2": 0.000938697601669,
        "max": 0.460860848427,
        "mean": 0.269890874624,
        "median": 0.278903156519,
        "min": 0.0787310302258,
        "var": 0.00439072633162
    },
    "erbbands_kurtosis": {
        "dmean": 2.0403676033,
        "dmean2": 3.49455833435,
        "dvar": 16.2424125671,
        "dvar2": 49.4090919495,
        "max": 79.8947601318,
        "mean": 2.76776146889,
        "median": 1.10105657578,
        "min": -1.91268396378,
        "var": 30.2898426056
    },
    "erbbands_skewness": {
        "dmean": 0.424034774303,
        "dmean2": 0.705308437347,
        "dvar": 0.18059964478,
        "dvar2": 0.531048297882,
        "max": 6.75022602081,
        "mean": 0.889512419701,
        "median": 0.783629775047,
        "min": -5.1002779007,
        "var": 1.22003185749
    },
    "erbbands_spread": {
        "dmean": 4.593542099,
        "dmean2": 7.59593915939,
        "dvar": 23.470533371,
        "dvar2": 62.3708267212,
        "max": 97.3960494995,
        "mean": 21.7078323364,
        "median": 16.5668125153,
        "min": 1.04427182674,
        "var": 231.345199585
    },
    "hfc": {
        "dmean": 2.24710202217,
        "dmean2": 3.80408859253,
        "dvar": 9.4844827652,
        "dvar2": 27.1111812592,
        "max": 80.7014846802,
        "mean": 7.9063577652,
        "median": 5.22702503204,
        "min": 1.19380479479e-16,
        "var": 64.1623001099
    },
    "melbands_crest": {
        "dmean": 5.75061416626,
        "dmean2": 9.98753166199,
        "dvar": 20.9901618958,
        "dvar2": 62.0052108765,
        "max": 39.1990089417,
        "mean": 21.5589389801,
        "median": 21.3481388092,
        "min": 1.36897575855,
        "var": 62.4594230652
    },
    "melbands_flatness_db": {
        "dmean": 0.0405060313642,
        "dmean2": 0.0705041438341,
        "dvar": 0.00118187372573,
        "dvar2": 0.00353131745942,
        "max": 0.868881523609,
        "mean": 0.485021859407,
        "median": 0.498068869114,
        "min": 0.000270235643256,
        "var": 0.0219889581203
    },
    "melbands_kurtosis": {
        "dmean": 18.4695739746,
        "dmean2": 32.362197876,
        "dvar": 1094.16650391,
        "dvar2": 3234.22705078,
        "max": 651.089782715,
        "mean": 29.5431613922,
        "median": 15.0415229797,
        "min": -1.83121740818,
        "var": 1800.74633789
    },
    "melbands_skewness": {
        "dmean": 1.19609761238,
        "dmean2": 2.05889439583,
        "dvar": 1.74014115334,
        "dvar2": 5.08818054199,
        "max": 20.8872013092,
        "mean": 3.53394937515,
        "median": 2.9054043293,
        "min": -1.30841481686,
        "var": 5.93272304535
    },
    "melbands_spread": {
        "dmean": 1.87703812122,
        "dmean2": 3.13873839378,
        "dvar": 11.5268278122,
        "dvar2": 26.2664871216,
        "max": 167.749313354,
        "mean": 5.6514582634,
        "median": 3.09301590919,
        "min": 0.0774756744504,
        "var": 71.8319625854
    },
    "pitch_salience": {
        "dmean": 0.11557045579,
        "dmean2": 0.20047493279,
        "dvar": 0.00859211571515,
        "dvar2": 0.0259265825152,
        "max": 0.99120336771,
        "mean": 0.442863106728,
        "median": 0.445326864719,
        "min": 0.0552748665214,
        "var": 0.0245086234063
    },
    "silence_rate_20dB": {
        "dmean": 0.00114329264034,
        "dmean2": 0.00228680321015,
        "dvar": 0.00114197446965,
        "dvar2": 0.00304376613349,
        "max": 1,
        "mean": 0.998189985752,
        "median": 1,
        "min": 0,
        "var": 0.00180696020834
    },
    "silence_rate_30dB": {
        "dmean": 0.133003056049,
        "dmean2": 0.266031444073,
        "dvar": 0.115321286023,
        "dvar2": 0.260450869799,
        "max": 1,
        "mean": 0.777269721031,
        "median": 1,
        "min": 0,
        "var": 0.17311348021
    },
    "silence_rate_60dB": {
        "dmean": 0.00457317056134,
        "dmean2": 0.00914721284062,
        "dvar": 0.00455216271803,
        "dvar2": 0.0105882128701,
        "max": 1,
        "mean": 0.0865961685777,
        "median": 0,
        "min": 0,
        "var": 0.0791010931134
    },
    "spectral_centroid": {
        "dmean": 78.4593887329,
        "dmean2": 130.545578003,
        "dvar": 17305.2246094,
        "dvar2": 41328.4296875,
        "max": 11004.4707031,
        "mean": 478.330383301,
        "median": 309.931732178,
        "min": 102.275596619,
        "var": 204171.6875
    },
    "spectral_complexity": {
        "dmean": 1.49066305161,
        "dmean2": 2.56255364418,
        "dvar": 2.09754061699,
        "dvar2": 5.72144842148,
        "max": 49,
        "mean": 8.0659236908,
        "median": 8,
        "min": 0,
        "var": 34.5676422119
    },
    "spectral_decrease": {
        "dmean": 1.29713351171e-08,
        "dmean2": 2.31349499558e-08,
        "dvar": 2.95360521056e-16,
        "dvar2": 9.38264960179e-16,
        "max": 1.3819784761e-28,
        "mean": -2.12959001544e-08,
        "median": -1.70922902498e-08,
        "min": -3.00293066857e-07,
        "var": 3.82881285592e-16
    },
    "spectral_energy": {
        "dmean": 0.0490933097899,
        "dmean2": 0.0875481814146,
        "dvar": 0.00421846425161,
        "dvar2": 0.0133978798985,
        "max": 1.13437044621,
        "mean": 0.0810929834843,
        "median": 0.0651232600212,
        "min": 1.04045669348e-20,
        "var": 0.00550204887986
    },
    "spectral_energyband_high": {
        "dmean": 1.34910560519e-05,
        "dmean2": 2.18541372305e-05,
        "dvar": 3.24850124578e-09,
        "dvar2": 9.12541153752e-09,
        "max": 0.00226187589578,
        "mean": 5.99365739617e-05,
        "median": 9.87027760857e-07,
        "min": 7.63324369527e-21,
        "var": 5.56708563693e-08
    },
    "spectral_energyband_low": {
        "dmean": 0.030926078558,
        "dmean2": 0.0543400719762,
        "dvar": 0.00119398266543,
        "dvar2": 0.00346894259565,
        "max": 0.458427131176,
        "mean": 0.0496506541967,
        "median": 0.0400411747396,
        "min": 2.92676041753e-23,
        "var": 0.0018644646043
    },
    "spectral_energyband_middle_high": {
        "dmean": 0.000339398771757,
        "dmean2": 0.000531158992089,
        "dvar": 9.73887495093e-07,
        "dvar2": 2.40498161475e-06,
        "max": 0.0394539423287,
        "mean": 0.00103860604577,
        "median": 0.000414942915086,
        "min": 1.39721629894e-21,
        "var": 4.87768920721e-06
    },
    "spectral_energyband_middle_low": {
        "dmean": 0.00537700066343,
        "dmean2": 0.00911509525031,
        "dvar": 9.06566419872e-05,
        "dvar2": 0.000267241848633,
        "max": 0.216929599643,
        "mean": 0.013810608536,
        "median": 0.00698188040406,
        "min": 1.81952459107e-22,
        "var": 0.000288744369755
    },
    "spectral_entropy": {
        "dmean": 0.183712899685,
        "dmean2": 0.308997690678,
        "dvar": 0.0311308726668,
        "dvar2": 0.0893184915185,
        "max": 9.81422805786,
        "mean": 6.18940114975,
        "median": 6.02755975723,
        "min": 4.04431772232,
        "var": 0.747068762779
    },
    "spectral_flux": {
        "dmean": 0.0569721907377,
        "dmean2": 0.0946561396122,
        "dvar": 0.00336657254957,
        "dvar2": 0.00898671709001,
        "max": 0.861416816711,
        "mean": 0.160277187824,
        "median": 0.151455402374,
        "min": 6.83554532421e-11,
        "var": 0.00833303015679
    },
    "spectral_kurtosis": {
        "dmean": 19.4957199097,
        "dmean2": 34.233379364,
        "dvar": 599.987365723,
        "dvar2": 1774.453125,
        "max": 346.109191895,
        "mean": 55.9619827271,
        "median": 36.3326797485,
        "min": -1.19987273216,
        "var": 2905.32617188
    },
    "spectral_rms": {
        "dmean": 0.00248167989776,
        "dmean2": 0.00436837691814,
        "dvar": 6.04601473242e-06,
        "dvar2": 1.84788532351e-05,
        "max": 0.0332671441138,
        "mean": 0.00797934364527,
        "median": 0.00797087699175,
        "min": 3.18603151674e-12,
        "var": 1.54447570822e-05
    },
    "spectral_rolloff": {
        "dmean": 97.0607147217,
        "dmean2": 172.45892334,
        "dvar": 64477.0976562,
        "dvar2": 112593.703125,
        "max": 19293.75,
        "mean": 310.473083496,
        "median": 150.732421875,
        "min": 21.533203125,
        "var": 417916.46875
    },
    "spectral_skewness": {
        "dmean": 1.05506134033,
        "dmean2": 1.86190354824,
        "dvar": 1.31044769287,
        "dvar2": 3.96374607086,
        "max": 14.6419744492,
        "mean": 4.78608226776,
        "median": 4.22948074341,
        "min": 0.018720889464,
        "var": 8.74452972412
    },
    "spectral_spread": {
        "dmean": 303624.5,
        "dmean2": 528336.0625,
        "dvar": 174450360320,
        "dvar2": 406894706688,
        "max": 41072056,
        "mean": 1810560.375,
        "median": 1445535.625,
        "min": 320330.125,
        "var": 1.59483966259e+12
    },
    "spectral_strongpeak": {
        "dmean": 0.263891100883,
        "dmean2": 0.48528906703,
        "dvar": 0.198564484715,
        "dvar2": 0.569935381413,
        "max": 6.30266237259,
        "mean": 0.233293429017,
        "median": 0,
        "min": 0,
        "var": 0.21059051156
    },
    "zerocrossingrate": {
        "dmean": 0.00275128055364,
        "dmean2": 0.00371075142175,
        "dvar": 4.27777704317e-05,
        "dvar2": 3.92988258682e-05,
        "max": 0.82568359375,
        "mean": 0.0137369045988,
        "median": 0.0087890625,
        "min": 0,
        "var": 0.000521302921697
    },
    "barkbands": {
        "dmean": [0.0384146720171, 0.0166900511831, 0.00358264916576, 0.0035081775859, 0.00246327323839, 0.000794524268713, 0.000495977583341, 0.000283344066702, 0.000227888886002, 0.000118150943308, 9.91471024463e-05, 7.28374361643e-05, 0.000164639248396, 3.52297320205e-05, 5.29163808096e-05, 2.69700594799e-05, 1.36077842399e-05, 8.76234207681e-06, 8.25664210424e-06, 6.94651589583e-06, 7.21987544239e-06, 6.42091754344e-06, 2.46147601501e-06, 3.34573911687e-07, 9.03943870867e-08, 3.09701242429e-08, 3.64308960776e-09],
        "dmean2": [0.0691697895527, 0.0292530097067, 0.00633673882112, 0.00587340909988, 0.00424185860902, 0.00127556629013, 0.00079436483793, 0.00041563049308, 0.000358400429832, 0.000187209516298, 0.000152607142809, 0.000123553909361, 0.00025754966191, 5.84911649639e-05, 8.76631966094e-05, 4.4009895646e-05, 2.24918658205e-05, 1.49134912135e-05, 1.37508923217e-05, 1.1625683328e-05, 1.19941905723e-05, 1.04674591057e-05, 4.02313617087e-06, 5.07684660533e-07, 1.29442298658e-07, 4.49859101082e-08, 6.69348443338e-09],
        "dvar": [0.00350599898957, 0.000356042932253, 2.9777038435e-05, 1.91113158508e-05, 5.88851398788e-05, 5.7301117522e-06, 1.54274903252e-06, 6.69342000492e-07, 4.74066837342e-07, 1.80121119797e-07, 7.39196437394e-08, 7.15815886565e-08, 7.40228017548e-07, 1.39794407161e-08, 3.68641366322e-08, 6.1320211131e-09, 3.47346240659e-09, 1.67320357569e-09, 1.37554467816e-09, 6.80150158416e-10, 1.18483245437e-09, 1.06161968105e-09, 1.67657859818e-10, 1.89074103596e-12, 1.37461480458e-13, 1.67868513144e-14, 3.49357283257e-17],
        "dvar2": [0.0113604003564, 0.00102397811133, 9.1326830443e-05, 5.22724330949e-05, 0.000178583490197, 1.6987320123e-05, 4.47791126135e-06, 1.47238904447e-06, 1.25105816551e-06, 3.9255212414e-07, 1.6206836051e-07, 1.86687714177e-07, 1.78319339739e-06, 3.43989405849e-08, 9.53875982646e-08, 1.49686485429e-08, 9.28908683306e-09, 5.13728837248e-09, 3.75328124136e-09, 1.96529081897e-09, 3.32540106562e-09, 2.85814305556e-09, 4.59192295299e-10, 4.51332677828e-12, 2.55318254603e-13, 3.5056562552e-14, 1.07400508694e-16],
        "max": [1.10777723789, 0.211062163115, 0.119707621634, 0.0591903291643, 0.188954308629, 0.0477307215333, 0.0274952538311, 0.0243094749749, 0.0183814819902, 0.0146174738184, 0.0115014323965, 0.00984318554401, 0.0370049849153, 0.0041117076762, 0.00851868931204, 0.00286249653436, 0.0022106077522, 0.0014441232197, 0.00118012423627, 0.000834426726215, 0.00122754252516, 0.000924086780287, 0.000388128100894, 6.43675011816e-05, 1.90887767531e-05, 7.45909073885e-06, 1.63194485481e-07],
        "mean": [0.0386936701834, 0.0210247877985, 0.00650248397142, 0.00529656605795, 0.00431562680751, 0.00203346926719, 0.000985215301625, 0.000602140440606, 0.000472681189422, 0.000223596100113, 0.000181903902558, 0.00012989564857, 0.00027123244945, 6.39363061055e-05, 0.000104247701529, 5.47799500055e-05, 3.03539109154e-05, 1.89549464267e-05, 2.02349237952e-05, 1.75997447514e-05, 2.02168594114e-05, 1.97433219e-05, 8.06845309853e-06, 9.15615657959e-07, 2.62125041672e-07, 7.93083287931e-08, 3.34699135074e-09],
        "median": [0.0200377553701, 0.0158794298768, 0.00231756479479, 0.00362192001194, 0.000936347409151, 0.000237440035562, 0.000147638551425, 0.000104227103293, 0.000100792429294, 5.67455790588e-05, 5.762118235e-05, 4.12603003497e-05, 2.16036223719e-05, 1.75387813215e-05, 2.7440919439e-05, 1.21961193145e-05, 3.58092279384e-06, 1.75288653281e-06, 1.17031299851e-06, 5.63727837743e-07, 2.38246613549e-07, 9.78981091748e-08, 2.9727782902e-08, 1.11082876231e-08, 5.89638871062e-09, 4.10658218541e-09, 1.27518573478e-09],
        "min": [8.28243997053e-25, 6.83102741279e-24, 7.72623386778e-24, 5.13378134229e-24, 1.48770552364e-23, 6.65426182773e-24, 1.82305139885e-23, 1.63752693339e-23, 3.23176307356e-23, 3.23050468265e-23, 5.10821862021e-23, 4.22997598789e-23, 7.69638952425e-23, 6.99229014557e-23, 8.92322537296e-23, 1.04619282298e-22, 2.03109645476e-22, 1.21890419941e-22, 2.00382950913e-22, 2.99633858045e-22, 3.31263923927e-22, 3.60676142083e-22, 5.77666861727e-22, 8.04473434412e-22, 1.18424647275e-21, 1.58025474815e-21, 2.31527813064e-21],
        "var": [0.00337247620337, 0.000416498281993, 0.000143254990689, 3.66331260011e-05, 8.60814616317e-05, 1.72895706783e-05, 4.12430017604e-06, 1.97856979867e-06, 1.46060790485e-06, 5.55380665901e-07, 2.17854065454e-07, 1.40829428119e-07, 1.59284218171e-06, 2.93531883244e-08, 9.20916534142e-08, 1.79815096146e-08, 1.32168622713e-08, 5.5638746943e-09, 5.9852145462e-09, 3.60345242534e-09, 6.63345955942e-09, 8.00921018396e-09, 1.33824928916e-09, 1.09082864269e-11, 8.11996032479e-13, 6.5323817861e-14, 3.5458873741e-17]
    },
    "erbbands": {
        "dmean": [1.0101685524, 2.42320680618, 3.50997662544, 9.01298904419, 5.7937002182, 9.14478778839, 11.9067668915, 5.17151641846, 5.9955663681, 8.88420391083, 4.96721172333, 4.64953327179, 4.64877176285, 2.73499083519, 3.66265583038, 3.56092023849, 7.29900979996, 1.99743425846, 2.35733675957, 2.24994826317, 1.17979884148, 0.65631377697, 0.427771508694, 0.415505290031, 0.3578543365, 0.320254266262, 0.344793528318, 0.270785331726, 0.264292836189, 0.132011070848, 0.0474141761661, 0.0142919002101, 0.00321478489786, 0.00133875699248, 0.000515876221471, 0.000199164467631, 5.28418895556e-05, 5.42671386938e-06, 2.12140112126e-05, 5.27407464688e-05],
        "dmean2": [1.79816377163, 4.23287057877, 6.23295402527, 15.3959732056, 9.91247653961, 15.1875257492, 20.9161663055, 7.67972707748, 9.9591884613, 12.9078998566, 7.51589012146, 7.23760175705, 7.10833072662, 4.45389318466, 5.74659776688, 5.83157730103, 11.5458593369, 3.24797940254, 3.85848689079, 3.70608592033, 1.93175268173, 1.07831275463, 0.724986195564, 0.690739095211, 0.595319628716, 0.546059072018, 0.581455349922, 0.448424935341, 0.436994314194, 0.216834962368, 0.0785127729177, 0.0226940158755, 0.00452186493203, 0.0018959530862, 0.000739728449844, 0.000286660302663, 7.84493022365e-05, 8.48167746881e-06, 3.77281066903e-05, 9.40308091231e-05],
        "dvar": [1.3482657671, 7.97271203995, 21.6641521454, 156.928268433, 47.7690162659, 697.919616699, 3125.21289062, 143.162841797, 405.205413818, 602.082275391, 327.101745605, 163.100189209, 583.378601074, 38.2064285278, 102.972511292, 225.667724609, 1336.08569336, 51.6641998291, 55.8169822693, 59.4754714966, 14.3871908188, 7.18375444412, 3.44443488121, 3.84816837311, 2.50418448448, 1.51540052891, 2.43197584152, 1.94481229782, 1.93814778328, 0.469911158085, 0.0617721304297, 0.00429708743468, 0.000222547110752, 3.18888414768e-05, 4.2114770622e-06, 9.58204736889e-07, 2.57316070673e-08, 2.45815506839e-10, 7.7815293098e-10, 4.85241091752e-09],
        "dvar2": [3.84242749214, 22.4958248138, 66.7573471069, 442.10824585, 133.863204956, 2050.86694336, 9770.71582031, 302.309753418, 1312.19360352, 1387.06665039, 684.311218262, 415.604858398, 1258.37976074, 104.794807434, 233.913146973, 541.428527832, 3331.02734375, 125.014198303, 136.972686768, 148.892105103, 37.6278266907, 19.0724449158, 10.1259479523, 10.5209932327, 6.72634124756, 4.41096973419, 6.93416118622, 5.39570808411, 5.36873149872, 1.27183663845, 0.175904348493, 0.011398053728, 0.000431213353295, 6.09189846728e-05, 7.7916911323e-06, 2.05167384593e-06, 5.11555562355e-08, 5.06345576579e-10, 2.45798403853e-09, 1.54048080958e-08],
        "max": [11.7962141037, 37.88123703, 88.165687561, 221.614608765, 85.0522613525, 621.118652344, 1231.98376465, 433.619018555, 439.462493896, 716.864501953, 680.104919434, 331.359863281, 848.282043457, 174.880340576, 514.815979004, 548.806640625, 1322.2767334, 217.036087036, 381.375305176, 270.471618652, 91.8661270142, 110.181671143, 78.2305221558, 80.7067565918, 60.118812561, 44.4704627991, 43.3297729492, 43.6907806396, 51.8126182556, 18.7186527252, 8.5384054184, 2.56269407272, 0.707320153713, 0.287193447351, 0.12511202693, 0.0620960630476, 0.00662502320483, 0.000978768337518, 0.000492449966259, 0.00121671054512],
        "mean": [1.16730487347, 2.98701334, 6.08307170868, 15.5548400879, 10.6937255859, 17.7255096436, 16.9588127136, 17.8520431519, 15.680521965, 17.7637634277, 11.2714080811, 9.9776058197, 8.64639377594, 5.776491642, 7.12645959854, 6.86288022995, 12.4847602844, 3.9923081398, 4.96941709518, 4.56280565262, 2.68991708755, 1.68178594112, 1.07398712635, 1.00407803059, 0.946764290333, 0.838056862354, 0.924145281315, 0.783896565437, 0.754984080791, 0.420481145382, 0.169055595994, 0.0451340079308, 0.0095331594348, 0.00385477766395, 0.00150507537182, 0.000540681125131, 0.000138994044391, 1.28017682073e-05, 3.65334490198e-05, 8.78689825186e-05],
        "median": [0.818551301956, 2.10894227028, 3.16807150841, 8.60875797272, 7.3306016922, 2.75193762779, 2.2609910965, 1.7897670269, 2.13239169121, 2.7246029377, 2.41542005539, 2.20698237419, 2.14641141891, 2.35177612305, 2.70383453369, 1.92785000801, 1.2231695652, 0.950974702835, 1.47075760365, 1.20177733898, 0.57236623764, 0.216653198004, 0.112882122397, 0.0820928215981, 0.0456055477262, 0.0291658565402, 0.0179819632322, 0.00510104931891, 0.00414551468566, 0.00188901112415, 0.000792431994341, 0.000323149113683, 0.000206514610909, 0.000130958884256, 8.9738110546e-05, 6.26468099654e-05, 3.32335184794e-05, 3.81780319003e-06, 2.97320875688e-05, 7.08061052137e-05],
        "min": [1.32480580982e-22, 1.74426380235e-21, 8.07209289859e-21, 1.66241121112e-20, 4.71724462792e-20, 4.60942680495e-20, 8.81812596214e-20, 8.17126038337e-20, 2.74035657006e-19, 3.74750661e-19, 5.09148795578e-19, 8.22825816821e-19, 7.92873244949e-19, 1.03364882255e-18, 2.5263475231e-18, 2.05468458833e-18, 3.75795141959e-18, 3.95066340921e-18, 5.43106772431e-18, 5.18495709025e-18, 6.38236347906e-18, 1.14628968752e-17, 6.83507653318e-18, 1.03173542972e-17, 1.21809483767e-17, 1.28948796916e-17, 1.25990236563e-17, 1.43703920606e-17, 1.30046506948e-17, 1.25715298271e-17, 1.7357490145e-17, 1.63780123468e-17, 1.46132539428e-17, 1.33784957998e-17, 8.89818699002e-18, 5.98104853307e-18, 2.6155277261e-18, 1.09233232393e-18, 2.73412117921e-19, 3.65198947972e-20],
        "var": [1.48692107201, 9.50821399689, 75.9651412964, 486.158508301, 123.592155457, 1481.75268555, 3204.55029297, 1338.52758789, 1310.02099609, 1547.90002441, 925.063049316, 556.198974609, 1472.74291992, 121.831954956, 275.806427002, 544.097595215, 3122.85107422, 131.17918396, 152.346115112, 149.57649231, 48.9370803833, 38.6139793396, 16.5281467438, 15.7418117523, 11.6478242874, 8.618060112, 12.4164266586, 11.2695579529, 11.951292038, 3.57671165466, 0.560137808323, 0.0337750352919, 0.00120341859292, 0.000180398885277, 2.52162717516e-05, 3.11908434014e-06, 1.29973074081e-07, 1.20865950581e-09, 1.0577241305e-09, 6.37913588619e-09]
    },
    "gfcc": {
        "mean": [-158.089065552, 207.195770264, -80.3194732666, 13.39752388, -14.0528497696, 1.21873891354, -8.97248649597, -9.77410125732, -5.64532423019, -7.21765518188, -5.86613082886, -10.5143928528, 1.36909008026],
        "cov": [[9299.40820312, -858.663391113, -2276.75170898, 1042.97106934, -564.12890625, 359.032287598, 83.7388153076, -102.278022766, 471.212188721, 174.106140137, 42.0320510864, -53.4831733704, -79.9969558716], [-858.663391113, 2297.26611328, 1255.5748291, -912.502380371, 698.210876465, -601.998779297, 52.683719635, -68.4161682129, 203.522705078, -88.3729782104, 121.989654541, -57.6022186279, 83.1058502197], [-2276.75170898, 1255.5748291, 2234.01171875, -524.047180176, 733.527954102, -53.8820266724, 161.601760864, 105.510429382, 9.18605613708, -132.028106689, 116.996032715, -41.9098587036, 27.1893310547], [1042.97106934, -912.502380371, -524.047180176, 804.097106934, -239.3959198, 291.227020264, 181.867126465, -102.009613037, 10.8326187134, -1.64773535728, 4.12301158905, 2.9692902565, -71.5019302368], [-564.12890625, 698.210876465, 733.527954102, -239.3959198, 635.321289062, -22.3990516663, 56.1393623352, 30.2674293518, 58.1029014587, -54.5355606079, 33.0845069885, -56.12865448, 85.4315109253], [359.032287598, -601.998779297, -53.8820266724, 291.227020264, -22.3990516663, 454.843597412, 133.661956787, -5.02306461334, -11.2241201401, -1.46275734901, -19.2932815552, -22.4843444824, -59.6870002747], [83.7388153076, 52.683719635, 161.601760864, 181.867126465, 56.1393623352, 133.661956787, 349.685821533, -61.8595657349, 65.4247436523, -36.9470825195, 54.4375724792, -19.4221038818, -71.5455780029], [-102.278022766, -68.4161682129, 105.510429382, -102.009613037, 30.2674293518, -5.02306461334, -61.8595657349, 213.881286621, -23.6781711578, 7.99398946762, -23.9155807495, 4.3898396492, 23.1314163208], [471.212188721, 203.522705078, 9.18605613708, 10.8326187134, 58.1029014587, -11.2241201401, 65.4247436523, -23.6781711578, 181.378463745, 20.4924659729, 18.0478076935, -16.3395080566, -20.10105896], [174.106140137, -88.3729782104, -132.028106689, -1.64773535728, -54.5355606079, -1.46275734901, -36.9470825195, 7.99398946762, 20.4924659729, 71.2660751343, 4.25611877441, -1.6188659668, -0.39768666029], [42.0320510864, 121.989654541, 116.996032715, 4.12301158905, 33.0845069885, -19.2932815552, 54.4375724792, -23.9155807495, 18.0478076935, 4.25611877441, 86.03565979, 14.7565975189, -23.0481128693], [-53.4831733704, -57.6022186279, -41.9098587036, 2.9692902565, -56.12865448, -22.4843444824, -19.4221038818, 4.3898396492, -16.3395080566, -1.6188659668, 14.7565975189, 67.8339157104, 13.2298269272], [-79.9969558716, 83.1058502197, 27.1893310547, -71.5019302368, 85.4315109253, -59.6870002747, -71.5455780029, 23.1314163208, -20.10105896, -0.39768666029, -23.0481128693, 13.2298269272, 112.578125]],
        "icov": [[0.000256041006651, -0.000481845723698, 0.000346867571352, -0.000505321077071, 0.000248120282777, -0.000617201032583, 0.000321003957652, -0.000468071579235, -0.000361269514542, -5.93231634411e-05, -0.000489276601002, 0.000223412018386, -0.000273556885077], [-0.000481845723698, 0.0051319077611, -0.00132594443858, 0.00411056308076, -0.00207013008185, 0.00490152463317, -0.00200672796927, 0.00325651909225, -0.00262909871526, 0.00316256680526, -0.00125200930052, 0.00180043512955, 9.92410059553e-05], [0.000346867571352, -0.00132594443858, 0.00156532111578, -0.000685782521032, -0.000247881631367, -0.00157845788635, 0.000362989056157, -0.00139564066194, 0.000296049809549, 0.00050878431648, -0.0013253929792, -3.07424998027e-05, 6.72984460834e-05], [-0.000505321077071, 0.00411056308076, -0.000685782521032, 0.00578601518646, -0.00109449424781, 0.00269877095707, -0.00251707690768, 0.00315633858554, -0.00190970988479, 0.00342826289125, -0.00155588134658, 0.00151053396985, -0.000364699983038], [0.000248120282777, -0.00207013008185, -0.000247881631367, -0.00109449424781, 0.00483646569774, -0.00272409780882, 0.00071312172804, -0.00136958609801, -0.000531438563485, 0.000797980173957, -0.00158368819393, 0.00274973222986, -0.00405010441318], [-0.000617201032583, 0.00490152463317, -0.00157845788635, 0.00269877095707, -0.00272409780882, 0.0083854617551, -0.00293566845357, 0.00281894952059, -0.00111502280924, 0.00124292343389, 0.0014763729414, 0.00111840839963, 0.00208267685957], [0.000321003957652, -0.00200672796927, 0.000362989056157, -0.00251707690768, 0.00071312172804, -0.00293566845357, 0.006046729628, -0.000845346716233, -0.000919070502277, 0.00147191481665, -0.00227538729087, 0.000346250744769, 0.00127660902217], [-0.000468071579235, 0.00325651909225, -0.00139564066194, 0.00315633858554, -0.00136958609801, 0.00281894952059, -0.000845346716233, 0.00773336691782, -0.000814592291135, 0.000523172493558, 0.00140148797072, -6.61195881548e-05, 0.000163947901456], [-0.000361269514542, -0.00262909871526, 0.000296049809549, -0.00190970988479, -0.000531438563485, -0.00111502280924, -0.000919070502277, -0.000814592291135, 0.0102717960253, -0.00585786765441, 0.00305974017829, -0.00208549713716, 0.00247995392419], [-5.93231634411e-05, 0.00316256680526, 0.00050878431648, 0.00342826289125, 0.000797980173957, 0.00124292343389, 0.00147191481665, 0.000523172493558, -0.00585786765441, 0.0227162949741, -0.00768327852711, 0.00557938730344, -0.00263526616618], [-0.000489276601002, -0.00125200930052, -0.0013253929792, -0.00155588134658, -0.00158368819393, 0.0014763729414, -0.00227538729087, 0.00140148797072, 0.00305974017829, -0.00768327852711, 0.0211938433349, -0.00900468602777, 0.00607541296631], [0.000223412018386, 0.00180043512955, -3.07424998027e-05, 0.00151053396985, 0.00274973222986, 0.00111840839963, 0.000346250744769, -6.61195881548e-05, -0.00208549713716, 0.00557938730344, -0.00900468602777, 0.0219169557095, -0.00623540347442], [-0.000273556885077, 9.92410059553e-05, 6.72984460834e-05, -0.000364699983038, -0.00405010441318, 0.00208267685957, 0.00127660902217, 0.000163947901456, 0.00247995392419, -0.00263526616618, 0.00607541296631, -0.00623540347442, 0.0157325658947]]
    },
    "melbands": {
        "dmean": [0.0078532686457, 0.00203380850144, 0.00136723229662, 0.00044654373778, 0.000448662118288, 0.000125282196677, 9.08464717213e-05, 8.97612189874e-05, 4.22399352829e-05, 2.83348454104e-05, 2.3210695872e-05, 1.13367586891e-05, 1.44029418152e-05, 8.14361919765e-06, 1.53885739564e-05, 1.39055800901e-05, 3.01796353597e-06, 3.80261712962e-06, 4.24838572144e-06, 2.25999883696e-06, 1.38264840643e-06, 8.12771588699e-07, 5.64364427191e-07, 3.53470625214e-07, 3.77639281623e-07, 3.38748634476e-07, 2.39435792082e-07, 2.53785117366e-07, 2.60914163164e-07, 1.77744595931e-07, 1.92243604147e-07, 2.04511579227e-07, 7.71305721514e-08, 8.4261770894e-08, 3.24996882739e-08, 2.35632739987e-08, 5.43739497871e-09, 2.60162558163e-09, 1.73517100688e-09, 1.06685194012e-09],
        "dmean2": [0.0139168780297, 0.00355432345532, 0.00231644092128, 0.000769841775764, 0.000774164916947, 0.000190496692085, 0.000150006846525, 0.000129666397697, 6.46553235129e-05, 4.4218122639e-05, 3.56202253897e-05, 1.87473415281e-05, 2.21122791118e-05, 1.38364803206e-05, 2.41083616856e-05, 2.22348990064e-05, 5.04572608406e-06, 6.30826480119e-06, 7.05227148501e-06, 3.68243195226e-06, 2.30364253184e-06, 1.35553932523e-06, 9.43796521824e-07, 5.94142306909e-07, 6.30675515367e-07, 5.67394124573e-07, 3.98161603243e-07, 4.3726140575e-07, 4.38512017809e-07, 2.98796180687e-07, 3.17142763606e-07, 3.43316486351e-07, 1.2737616828e-07, 1.36998664857e-07, 5.43922737961e-08, 3.88362941806e-08, 8.61137028352e-09, 3.81914100345e-09, 2.49871656699e-09, 1.58510360393e-09],
        "dvar": [7.91447164374e-05, 5.27891324964e-06, 3.29769864038e-06, 6.36810966625e-07, 4.17104683947e-06, 9.3175394511e-08, 7.24843189914e-08, 5.80936792005e-08, 2.40941808727e-08, 6.47901154949e-09, 1.36542617213e-08, 6.83482825892e-10, 1.64392410795e-09, 8.37660718567e-10, 8.90000340092e-09, 4.66217153772e-09, 1.22626103716e-10, 1.28138846756e-10, 2.83412487923e-10, 4.17731058078e-11, 2.61481426789e-11, 1.18095411922e-11, 7.38162916208e-12, 2.00465512246e-12, 3.39945888279e-12, 2.52657898943e-12, 9.00489264318e-13, 1.11745649626e-12, 1.42429611941e-12, 7.98020015954e-13, 1.04263830642e-12, 1.15220550115e-12, 1.60626083289e-13, 2.08557360292e-13, 2.92152539411e-14, 1.71013783646e-14, 4.93754986712e-16, 1.58976477201e-16, 5.67896283511e-17, 1.9991506185e-17],
        "dvar2": [0.000227658529184, 1.54572608153e-05, 9.15065265872e-06, 1.85593432889e-06, 1.29040026877e-05, 2.25309918278e-07, 2.29860191325e-07, 1.36125976269e-07, 5.23084544568e-08, 1.64354823085e-08, 2.94752506846e-08, 1.93744309485e-09, 3.49137252442e-09, 2.20322515787e-09, 2.05048138469e-08, 1.14421929709e-08, 3.0384683658e-10, 3.2012095752e-10, 7.53427431555e-10, 1.01267425001e-10, 7.07242112097e-11, 3.19035978191e-11, 2.18938235597e-11, 5.6729209004e-12, 9.2506974303e-12, 6.95109031099e-12, 2.45752051521e-12, 3.30909084856e-12, 4.02400422012e-12, 2.23530048638e-12, 2.85580695376e-12, 3.25845622186e-12, 4.29322294946e-13, 5.54075231876e-13, 8.38854674742e-14, 4.63058309416e-14, 1.22969469249e-15, 3.38211203174e-16, 1.11194342795e-16, 4.17268712286e-17],
        "max": [0.0975910723209, 0.0340218730271, 0.0315387248993, 0.0150520578027, 0.048059463501, 0.00961766485125, 0.00594594888389, 0.00684523256496, 0.00599718093872, 0.00215405854397, 0.00409505190328, 0.000822020461783, 0.00178410648368, 0.00145546800923, 0.00474276859313, 0.00224014255218, 0.000491439888719, 0.000513022881933, 0.00085752789164, 0.000263704481767, 0.000150448831846, 0.000119062118756, 0.000125789636513, 3.98090560338e-05, 7.30210740585e-05, 5.75774574827e-05, 2.66268889391e-05, 3.79970333597e-05, 3.6766356061e-05, 3.3674059523e-05, 3.04878649331e-05, 3.04059904011e-05, 1.33461371661e-05, 1.24381931528e-05, 5.49222568225e-06, 4.27146596849e-06, 1.1871221659e-06, 6.03613500516e-07, 3.61162392437e-07, 2.2151481005e-07],
        "mean": [0.0101957349107, 0.00347687443718, 0.00255160895176, 0.000938848068472, 0.000696718343534, 0.000397742289351, 0.000235386614804, 0.000179850670975, 9.44681887631e-05, 5.886125291e-05, 4.19832904299e-05, 2.23443385039e-05, 2.66971655947e-05, 1.4650767298e-05, 2.63268830167e-05, 2.23771439778e-05, 5.50853837922e-06, 7.4607296483e-06, 7.96283347881e-06, 4.53121219834e-06, 2.84955626739e-06, 1.80502786407e-06, 1.24665723433e-06, 7.64164497014e-07, 8.20574882709e-07, 7.7484025951e-07, 5.45998204871e-07, 5.64456740904e-07, 6.11829364061e-07, 4.49472992159e-07, 4.78751815081e-07, 5.19653269748e-07, 2.30472920748e-07, 2.30077773722e-07, 9.66031450389e-08, 6.14183122138e-08, 1.45514773564e-08, 6.43909636722e-09, 4.27752899768e-09, 2.75092593149e-09],
        "median": [0.00775071699172, 0.00227186642587, 0.00151145074051, 0.000343474530382, 8.51977456477e-05, 4.15548856836e-05, 3.20533326885e-05, 2.91858777928e-05, 1.8258468117e-05, 1.32264576678e-05, 9.91563138086e-06, 8.74826582731e-06, 8.82582753547e-06, 5.11046846441e-06, 3.66213953384e-06, 1.86606871466e-06, 1.51637505041e-06, 2.15763884626e-06, 1.92262268683e-06, 1.0671109294e-06, 4.91780781431e-07, 2.11593075505e-07, 1.17697851465e-07, 7.16660011335e-08, 5.994248653e-08, 4.11174028159e-08, 1.77240693233e-08, 1.75078458398e-08, 1.17008687184e-08, 4.53645476739e-09, 1.90902582631e-09, 2.15703788164e-09, 1.76830317056e-09, 6.79395095737e-10, 4.81437056887e-10, 1.60922900005e-10, 1.62560506722e-10, 1.08348149896e-10, 6.86963680385e-11, 5.8468452302e-11],
        "min": [1.34519500065e-24, 3.76189266912e-24, 3.69304246703e-24, 2.82064336131e-24, 3.28757959745e-24, 2.14690743609e-24, 4.51193727907e-24, 3.93961553688e-24, 4.89388282456e-24, 4.50447110503e-24, 3.93369119149e-24, 3.79167769032e-24, 7.10195380208e-24, 5.26167699428e-24, 8.33446850268e-24, 7.83830812545e-24, 6.96872939468e-24, 8.45161750254e-24, 5.74803183045e-24, 8.24921709351e-24, 6.8488485695e-24, 1.25771423112e-23, 7.0755443167e-24, 6.05506201679e-24, 7.81834994455e-24, 7.06888475293e-24, 8.97712035e-24, 8.74981639105e-24, 8.26929675899e-24, 7.12912453824e-24, 8.42366658295e-24, 7.51757148088e-24, 7.00198777045e-24, 6.33320411678e-24, 9.2406290802e-24, 1.03269039573e-23, 8.62273799897e-24, 9.02452221293e-24, 8.27032148931e-24, 1.07562572822e-23],
        "var": [9.59439930739e-05, 1.62473261298e-05, 1.11040826596e-05, 1.97149029191e-06, 4.73115142086e-06, 6.52740993701e-07, 2.61860691353e-07, 1.5204030035e-07, 7.10876548737e-08, 2.03961203482e-08, 3.45774893162e-08, 1.81906056884e-09, 4.85416462581e-09, 1.50629220208e-09, 1.76959176201e-08, 9.75415392901e-09, 2.4703936119e-10, 3.20901138995e-10, 6.25929530429e-10, 1.21169574374e-10, 7.14564657445e-11, 4.75049444226e-11, 2.88449784891e-11, 7.49912805464e-12, 1.17047673637e-11, 8.93654247824e-12, 3.55197555396e-12, 4.41371028267e-12, 5.50509681244e-12, 3.37567430606e-12, 4.71617363218e-12, 5.85690567226e-12, 1.07432465701e-12, 1.13823414669e-12, 1.8438776981e-13, 8.2272906478e-14, 2.86787822358e-15, 6.56796917658e-16, 2.63754280723e-16, 9.67015892152e-17]
    },
    "mfcc": {
        "mean": [-801.417236328, 223.174377441, 23.5991649628, 25.1427249908, 18.6271133423, 20.2170944214, 8.07683944702, 6.58157444, 6.82224035263, 6.14664363861, -0.753142476082, -0.192659243941, 3.54008960724],
        "cov": [[7860.08251953, -578.031555176, -2493.70361328, 542.701721191, -669.163024902, 290.440856934, -371.642089844, 26.6595458984, -31.9735736847, 249.196792603, 91.2352523804, 156.604629517, 177.847137451], [-578.031555176, 2731.82470703, 748.383056641, -290.195678711, 576.762939453, -390.993927002, -97.7633514404, -70.0434188843, 55.4651069641, -1.85838449001, 83.4590759277, -26.7648963928, 72.7124252319], [-2493.70361328, 748.383056641, 1477.28894043, -50.6717567444, 318.273712158, 65.9676208496, 222.793441772, 134.834915161, 17.609331131, -47.6774978638, 102.9347229, 28.7296447754, -53.3594894409], [542.701721191, -290.195678711, -50.6717567444, 375.167144775, -80.1656188965, 144.417221069, 68.782875061, 66.9327087402, -8.95424938202, 15.3384418488, 32.4017181396, 60.1622123718, 9.18281555176], [-669.163024902, 576.762939453, 318.273712158, -80.1656188965, 463.13671875, -55.3438110352, 37.989276886, -2.0344016552, 71.1803970337, 8.93498802185, -45.647808075, -19.7688903809, 14.8800640106], [290.440856934, -390.993927002, 65.9676208496, 144.417221069, -55.3438110352, 492.865325928, 156.287628174, 108.507003784, 14.2524528503, 62.8123703003, 84.5859527588, 36.1356544495, -34.5231781006], [-371.642089844, -97.7633514404, 222.793441772, 68.782875061, 37.989276886, 156.287628174, 249.936737061, 104.163780212, 24.4454307556, 13.9191303253, 25.891002655, 26.5237674713, -22.6029624939], [26.6595458984, -70.0434188843, 134.834915161, 66.9327087402, -2.0344016552, 108.507003784, 104.163780212, 157.662078857, 39.6354675293, 14.207575798, 55.3585891724, 48.086555481, -5.31747627258], [-31.9735736847, 55.4651069641, 17.609331131, -8.95424938202, 71.1803970337, 14.2524528503, 24.4454307556, 39.6354675293, 132.704971313, 43.3644256592, -20.5264129639, 7.28316068649, 26.2770843506], [249.196792603, -1.85838449001, -47.6774978638, 15.3384418488, 8.93498802185, 62.8123703003, 13.9191303253, 14.207575798, 43.3644256592, 99.5201721191, 24.1295337677, 0.23738335073, 24.5615386963], [91.2352523804, 83.4590759277, 102.9347229, 32.4017181396, -45.647808075, 84.5859527588, 25.891002655, 55.3585891724, -20.5264129639, 24.1295337677, 145.415466309, 60.5840797424, -14.1932983398], [156.604629517, -26.7648963928, 28.7296447754, 60.1622123718, -19.7688903809, 36.1356544495, 26.5237674713, 48.086555481, 7.28316068649, 0.23738335073, 60.5840797424, 105.025856018, 15.2966279984], [177.847137451, 72.7124252319, -53.3594894409, 9.18281555176, 14.8800640106, -34.5231781006, -22.6029624939, -5.31747627258, 26.2770843506, 24.5615386963, -14.1932983398, 15.2966279984, 78.2568740845]],
