{
"lowlevel": {
    "average_loudness": 0.857675373554,
    "barkbands_crest": {
        "dmean": 3.32978653908,
        "dmean2": 4.74616336823,
        "dvar": 12.5747070312,
        "dvar2": 23.1153335571,
        "max": 26.9197273254,
        "mean": 17.1761837006,
        "median": 17.7752952576,
        "min": 2.08377552032,
        "var": 47.4211845398
    },
    "barkbands_flatness_db": {
        "dmean": 0.0416281335056,
        "dmean2": 0.0489897318184,
        "dvar": 0.00148461735807,
        "dvar2": 0.00231123738922,
        "max": 0.625102043152,
        "mean": 0.202460154891,
        "median": 0.18797147274,
        "min": 0.0137916617095,
        "var": 0.00906099751592
    },
    "barkbands_kurtosis": {
        "dmean": 48.5653991699,
        "dmean2": 68.1757278442,
        "dvar": 86331.5234375,
        "dvar2": 191110.6875,
        "max": 12297.9130859,
        "mean": 66.3846511841,
        "median": 13.6673545837,
        "min": -1.94425165653,
        "var": 93150.96875
    },
    "barkbands_skewness": {
        "dmean": 1.91221761703,
        "dmean2": 2.27546596527,
        "dvar": 10.4316282272,
        "dvar2": 17.701625824,
        "max": 98.7594451904,
        "mean": 4.5142288208,
        "median": 3.41660737991,
        "min": -7.65766048431,
        "var": 36.4409484863
    },
    "barkbands_spread": {
        "dmean": 7.53325939178,
        "dmean2": 10.5967569351,
        "dvar": 109.267456055,
        "dvar2": 224.014663696,
        "max": 98.5822372437,
        "mean": 17.4844474792,
        "median": 12.1780643463,
        "min": 0.0224527996033,
        "var": 275.745300293
    },
    "dissonance": {
        "dmean": 0.00881342217326,
        "dmean2": 0.0149317476898,
        "dvar": 0.000126746599562,
        "dvar2": 0.000336828496074,
        "max": 0.500000119209,
        "mean": 0.484364569187,
        "median": 0.487939119339,
        "min": 0.109669670463,
        "var": 0.000211217135075
    },
    "dynamic_complexity": 6.90073442459,
    "erbbands_crest": {
        "dmean": 2.71403622627,
        "dmean2": 4.31943368912,
        "dvar": 7.38554906845,
        "dvar2": 14.1776990891,
        "max": 30.6718730927,
        "mean": 9.13931655884,
        "median": 7.20704078674,
        "min": 2.32227444649,
        "var": 31.4468517303
    },
    "erbbands_flatness_db": {
        "dmean": 0.0165835935622,
        "dmean2": 0.0256596561521,
        "dvar": 0.000337986974046,
        "dvar2": 0.000683204678353,
        "max": 0.437591135502,
        "mean": 0.14241604507,
        "median": 0.112925499678,
        "min": 0.0507332533598,
        "var": 0.00649080239236
    },
    "erbbands_kurtosis": {
        "dmean": 1.7662627697,
        "dmean2": 2.94192576408,
        "dvar": 23.7855911255,
        "dvar2": 69.6638031006,
        "max": 149.206375122,
        "mean": 3.08912348747,
        "median": -0.650445699692,
        "min": -1.87923836708,
        "var": 221.669219971
    },
    "erbbands_skewness": {
        "dmean": 0.442923665047,
        "dmean2": 0.65477514267,
        "dvar": 0.246797397733,
        "dvar2": 0.479570299387,
        "max": 9.03126144409,
        "mean": -0.232852637768,
        "median": -0.237614393234,
        "min": -8.12535953522,
        "var": 1.79986405373
    },
    "erbbands_spread": {
        "dmean": 13.9509773254,
        "dmean2": 20.6028804779,
        "dvar": 250.833816528,
        "dvar2": 495.106414795,
        "max": 163.091369629,
        "mean": 66.7818069458,
        "median": 71.0536193848,
        "min": 0.546332240105,
        "var": 1281.20874023
    },
    "hfc": {
        "dmean": 7.39202022552,
        "dmean2": 10.4342184067,
        "dvar": 125.205940247,
        "dvar2": 255.486434937,
        "max": 98.1429214478,
        "mean": 14.5751676559,
        "median": 9.03131484985,
        "min": 1.16710724273e-16,
        "var": 256.556213379
    },
    "melbands_crest": {
        "dmean": 3.84791088104,
        "dmean2": 5.92354488373,
        "dvar": 17.9810905457,
        "dvar2": 33.4057121277,
        "max": 36.9577636719,
        "mean": 21.0022850037,
        "median": 20.4137458801,
        "min": 1.86820757389,
        "var": 63.4584770203
    },
    "melbands_flatness_db": {
        "dmean": 0.0467172302306,
        "dmean2": 0.0553430207074,
        "dvar": 0.0021188959945,
        "dvar2": 0.0032641873695,
        "max": 0.747514903545,
        "mean": 0.269915103912,
        "median": 0.264395952225,
        "min": 0.00629217131063,
        "var": 0.0143765388057
    },
    "melbands_kurtosis": {
        "dmean": 69.6105422974,
        "dmean2": 87.3851089478,
        "dvar": 13182.4931641,
        "dvar2": 23043.4257812,
        "max": 1696.62890625,
        "mean": 142.435165405,
        "median": 59.3665924072,
        "min": -1.95968770981,
        "var": 40044.0976562
    },
    "melbands_skewness": {
        "dmean": 2.2578125,
        "dmean2": 2.83996295929,
        "dvar": 7.66442203522,
        "dvar2": 12.6123600006,
        "max": 31.8772773743,
        "mean": 7.54776668549,
        "median": 6.74948453903,
        "min": -6.83236312866,
        "var": 43.6665458679
    },
    "melbands_spread": {
        "dmean": 9.43679141998,
        "dmean2": 14.5107240677,
        "dvar": 363.233673096,
        "dvar2": 807.715209961,
        "max": 184.995223999,
        "mean": 19.8673171997,
        "median": 7.45906162262,
        "min": 0.174066126347,
        "var": 769.528869629
    },
    "pitch_salience": {
        "dmean": 0.101786635816,
        "dmean2": 0.142648652196,
        "dvar": 0.0121093550697,
        "dvar2": 0.0218902491033,
        "max": 0.98445045948,
        "mean": 0.389552265406,
        "median": 0.420238375664,
        "min": 0.0154796801507,
        "var": 0.055368617177
    },
    "silence_rate_20dB": {
        "dmean": 0,
        "dmean2": 0,
        "dvar": 0,
        "dvar2": 0,
        "max": 1,
        "mean": 1,
        "median": 1,
        "min": 1,
        "var": 0
    },
    "silence_rate_30dB": {
        "dmean": 0.0792856439948,
        "dmean2": 0.158586844802,
        "dvar": 0.0729999244213,
        "dvar2": 0.138144820929,
        "max": 1,
        "mean": 0.793759822845,
        "median": 1,
        "min": 0,
        "var": 0.163686826825
    },
    "silence_rate_60dB": {
        "dmean": 0.0573054663837,
        "dmean2": 0.114622175694,
        "dvar": 0.0540259070694,
        "dvar2": 0.132696390152,
        "max": 1,
        "mean": 0.223901093006,
        "median": 0,
        "min": 0,
        "var": 0.173761755228
    },
    "spectral_centroid": {
        "dmean": 388.944549561,
        "dmean2": 557.124755859,
        "dvar": 194651.671875,
        "dvar2": 306938.53125,
        "max": 11412.0996094,
        "mean": 1729.73425293,
        "median": 1639.20703125,
        "min": 69.7776794434,
        "var": 775792.5
    },
    "spectral_complexity": {
        "dmean": 5.79864597321,
        "dmean2": 8.33837127686,
        "dvar": 68.7234725952,
        "dvar2": 136.0493927,
        "max": 59,
        "mean": 10.5553379059,
        "median": 6,
        "min": 0,
        "var": 141.950408936
    },
    "spectral_decrease": {
        "dmean": 4.40064384932e-09,
        "dmean2": 5.65777513728e-09,
        "dvar": 3.59028050322e-17,
        "dvar2": 6.26836078529e-17,
        "max": 7.37702307738e-29,
        "mean": -1.33074884445e-08,
        "median": -7.95373544804e-09,
        "min": -7.61508118785e-08,
        "var": 1.98397721439e-16
    },
    "spectral_energy": {
        "dmean": 0.0170072540641,
        "dmean2": 0.0219721030444,
        "dvar": 0.000532985490281,
        "dvar2": 0.000935749558266,
        "max": 0.290547311306,
        "mean": 0.0515476092696,
        "median": 0.0310616455972,
        "min": 1.0556930534e-20,
        "var": 0.00291197700426
    },
    "spectral_energyband_high": {
        "dmean": 0.000561073888093,
        "dmean2": 0.000794730789494,
        "dvar": 7.74331226694e-07,
        "dvar2": 1.55113048095e-06,
        "max": 0.0142348473892,
        "mean": 0.000937539618462,
        "median": 0.000413431029301,
        "min": 7.54734858192e-21,
        "var": 1.56707960741e-06
    },
    "spectral_energyband_low": {
        "dmean": 0.0164357200265,
        "dmean2": 0.0224982108921,
        "dvar": 0.000689910782967,
        "dvar2": 0.00128145096824,
        "max": 0.285863995552,
        "mean": 0.0425682105124,
        "median": 0.0207485929132,
        "min": 2.95003970284e-23,
        "var": 0.00256022601388
    },
    "spectral_energyband_middle_high": {
        "dmean": 0.000923585146666,
        "dmean2": 0.00134818430524,
        "dvar": 2.55748591371e-06,
        "dvar2": 5.13437953487e-06,
        "max": 0.0176293626428,
        "mean": 0.00156051642261,
        "median": 0.000816786894575,
        "min": 1.57002676892e-21,
        "var": 4.28393832408e-06
    },
    "spectral_energyband_middle_low": {
        "dmean": 0.00845057331026,
        "dmean2": 0.0130319641903,
        "dvar": 0.000354204443283,
        "dvar2": 0.000903063395526,
        "max": 0.143772274256,
        "mean": 0.00853558257222,
        "median": 0.000837551313452,
        "min": 2.35606271907e-22,
        "var": 0.000337862962624
    },
    "spectral_entropy": {
        "dmean": 0.177687808871,
        "dmean2": 0.268725156784,
        "dvar": 0.0465254485607,
        "dvar2": 0.0873154476285,
        "max": 9.8226442337,
        "mean": 7.77902030945,
        "median": 7.89522886276,
        "min": 5.21073293686,
        "var": 0.236697211862
    },
    "spectral_flux": {
        "dmean": 0.0500710196793,
        "dmean2": 0.0837126225233,
        "dvar": 0.00516713922843,
        "dvar2": 0.0112037826329,
        "max": 0.446599066257,
        "mean": 0.0972580015659,
        "median": 0.0643661394715,
        "min": 6.5894845136e-11,
        "var": 0.0101247886196
    },
    "spectral_kurtosis": {
        "dmean": 1.53446412086,
        "dmean2": 2.66688299179,
        "dvar": 11.6752090454,
        "dvar2": 35.3140602112,
        "max": 98.7437744141,
        "mean": 4.43284511566,
        "median": 2.29400753975,
        "min": -1.25475788116,
        "var": 63.2581481934
    },
    "spectral_rms": {
        "dmean": 0.00114917149767,
        "dmean2": 0.00143876846414,
        "dvar": 2.10501775655e-06,
        "dvar2": 3.19988953379e-06,
        "max": 0.0168362949044,
        "mean": 0.00577761046588,
        "median": 0.00550491083413,
        "min": 3.20927485975e-12,
        "var": 1.69093964359e-05
    },
    "spectral_rolloff": {
        "dmean": 580.898925781,
        "dmean2": 953.803833008,
        "dvar": 1935982,
        "dvar2": 4074375.5,
        "max": 18733.8867188,
        "mean": 1323.33972168,
        "median": 215.33203125,
        "min": 43.06640625,
        "var": 4011608.75
    },
    "spectral_skewness": {
        "dmean": 0.190823584795,
        "dmean2": 0.315072447062,
        "dvar": 0.0699172317982,
        "dvar2": 0.202214494348,
        "max": 6.64136457443,
        "mean": 1.29343760014,
        "median": 1.14149713516,
        "min": -0.0484605878592,
        "var": 0.453887760639
    },
    "spectral_spread": {
        "dmean": 572018.9375,
        "dmean2": 861216.5625,
        "dvar": 660483997696,
        "dvar2": 1.2334104576e+12,
        "max": 43706136,
        "mean": 5416680.5,
        "median": 5619847,
        "min": 724810,
        "var": 3.1508945961e+12
    },
    "spectral_strongpeak": {
        "dmean": 0.23374684155,
        "dmean2": 0.379477143288,
        "dvar": 0.153161436319,
        "dvar2": 0.370415240526,
        "max": 8.84209060669,
        "mean": 0.66955268383,
        "median": 0.521569371223,
        "min": 0,
        "var": 0.389753550291
    },
    "zerocrossingrate": {
        "dmean": 0.0155503991991,
        "dmean2": 0.0173026453704,
        "dvar": 0.000382050988264,
        "dvar2": 0.000437669776147,
        "max": 0.7490234375,
        "mean": 0.0605367645621,
        "median": 0.0419921875,
        "min": 0.001953125,
        "var": 0.0030211773701
    },
    "barkbands": {
        "dmean": [0.000600448460318, 0.0159814469516, 0.00746237719432, 0.00333818420768, 0.00527102826163, 0.000272802921245, 0.000120057782624, 5.95401397732e-05, 8.25669412734e-05, 9.55214636633e-05, 8.62325177877e-05, 9.49064851739e-05, 7.90257836343e-05, 0.000104105340142, 0.000101679135696, 0.000134760251967, 0.000131480730488, 0.000129693973577, 0.000127173174405, 0.000121601478895, 0.000140507981996, 0.000117829244118, 9.63598358794e-05, 8.2512429799e-05, 6.16551042185e-05, 5.59023319511e-05, 4.78801348436e-06],
        "dmean2": [0.000861799460836, 0.0226864777505, 0.013331072405, 0.00558439688757, 0.00960782170296, 0.000453876768006, 0.000187348225154, 9.35337520787e-05, 0.000129892330733, 0.000146456790389, 0.000133165813168, 0.000150607564137, 0.000123669989989, 0.000167840000358, 0.000163045362569, 0.000201019734959, 0.000200474853045, 0.00020132548525, 0.000198097899556, 0.000186515113455, 0.000205885386094, 0.00018397103122, 0.000138268558658, 0.000123689242173, 8.56321057654e-05, 8.06748430477e-05, 7.8237044363e-06],
        "dvar": [9.8519092262e-07, 0.00071868795203, 0.000473089370644, 6.59199504298e-05, 0.000201960894628, 2.98860555858e-07, 4.22494785823e-08, 1.2497460844e-08, 4.58146942606e-08, 8.89067877097e-08, 5.72514693431e-08, 4.62921860844e-08, 2.92544424241e-08, 3.86764504867e-08, 3.61112988401e-08, 6.48422542326e-08, 5.53171197737e-08, 5.10319502212e-08, 5.99498122256e-08, 4.44248087206e-08, 4.77904045226e-08, 6.79928717773e-08, 2.42549891283e-08, 1.98318623745e-08, 9.98458915547e-09, 9.09099462376e-09, 1.09526589187e-10],
        "dvar2": [1.95808229364e-06, 0.00137065001763, 0.00132423255127, 0.000126728322357, 0.000583780114539, 7.50673507355e-07, 9.98612676995e-08, 2.71210058855e-08, 1.02360736776e-07, 1.84798722103e-07, 1.22970348571e-07, 1.04140418955e-07, 6.64880772661e-08, 9.35893069709e-08, 8.8350539329e-08, 1.37185949711e-07, 1.14439536958e-07, 1.09735701415e-07, 1.41619239002e-07, 1.03128073192e-07, 1.02130918833e-07, 1.61158112633e-07, 5.12995441682e-08, 4.31669491263e-08, 1.99767331566e-08, 1.79691888036e-08, 2.69537642206e-10],
        "max": [0.0170528087765, 0.275521963835, 0.119324579835, 0.0883322060108, 0.104944579303, 0.00773137668148, 0.00513264071196, 0.00230529974215, 0.00549786118791, 0.00765753071755, 0.00707557657734, 0.00535158487037, 0.00611489871517, 0.00271686958149, 0.00289003783837, 0.00525700021535, 0.00710119400173, 0.0035888501443, 0.00770846148953, 0.0042737768963, 0.00536156399176, 0.00921374186873, 0.00260070501827, 0.00214131153189, 0.000902723695617, 0.000785434909631, 0.000160325027537],
        "mean": [0.000953067908995, 0.0342717804015, 0.00530755519867, 0.00375053868629, 0.00401284499094, 0.000335706368787, 0.000211429447518, 9.60769102676e-05, 0.000104057347926, 0.000126869723317, 0.000112869907753, 0.000130681306473, 0.000107060666778, 0.000151011146954, 0.000146636157297, 0.000174326327397, 0.000177718553459, 0.000177897236426, 0.000179572249181, 0.000185642144061, 0.000205242962693, 0.000177425041329, 0.000159061921295, 0.000129661348183, 8.78977152752e-05, 6.98633666616e-05, 4.8922906899e-06],
        "median": [0.000192398583749, 0.0128936264664, 0.000329089118168, 6.30787544651e-05, 9.89006221062e-05, 7.84039511927e-05, 6.79147196934e-05, 2.83030421997e-05, 2.054583274e-05, 2.3018255888e-05, 2.09896352317e-05, 3.16078221658e-05, 2.87509901682e-05, 5.03488336108e-05, 4.43207136414e-05, 6.19660495431e-05, 7.30056635803e-05, 7.79868278187e-05, 8.1235266407e-05, 9.22626786632e-05, 9.16893404792e-05, 7.23434277461e-05, 5.85713569308e-05, 4.08238411183e-05, 2.58386644418e-05, 1.60104555107e-05, 5.86053033658e-07],
        "min": [1.34070036704e-24, 1.20003571941e-23, 3.55737061868e-24, 9.43590449754e-25, 1.16180909766e-23, 3.85849026468e-24, 1.40551158157e-23, 1.3995422711e-23, 4.68931801786e-23, 1.66035120373e-23, 6.53740959734e-23, 7.43591143987e-23, 6.50054770496e-23, 7.22487158398e-23, 9.27330038568e-23, 9.63901377698e-23, 1.8943457129e-22, 1.73304524102e-22, 2.25407196548e-22, 2.04631175147e-22, 3.42749713463e-22, 5.02506870494e-22, 4.53996998776e-22, 6.94492794656e-22, 1.01114792339e-21, 1.68728870843e-21, 2.43941742263e-21],
        "var": [2.97845076602e-06, 0.00202311575413, 0.000308934279019, 7.68974714447e-05, 0.000133360241307, 3.92625054246e-07, 1.19110659114e-07, 3.28221752e-08, 6.75463596167e-08, 1.42728325159e-07, 8.76574972608e-08, 7.88561251852e-08, 5.11800344327e-08, 8.01094159897e-08, 7.24808018049e-08, 9.35359594223e-08, 8.37352800431e-08, 7.12230061595e-08, 7.90277709939e-08, 6.49327276392e-08, 8.07000546388e-08, 8.83562236709e-08, 5.10967872458e-08, 3.91890289109e-08, 1.89470643619e-08, 1.43653489104e-08, 1.21405580034e-10]
    },
    "erbbands": {
        "dmean": [0.525981366634, 3.48277783394, 6.00138139725, 12.9740934372, 21.6332168579, 12.8463897705, 3.31961154938, 2.16826343536, 2.03572964668, 1.20693969727, 1.4968149662, 1.82225430012, 2.5673635006, 2.91488289833, 3.48399019241, 3.58729505539, 3.61623644829, 4.60568809509, 5.22266054153, 6.14791679382, 6.7727022171, 7.77994346619, 6.85293245316, 6.81389808655, 6.25403547287, 5.65168428421, 4.99460506439, 6.19435024261, 4.1642665863, 2.9720261097, 2.77036762238, 1.93292033672, 1.32667768002, 0.731625556946, 0.444955021143, 0.286608964205, 0.0938825309277, 0.0148189943284, 0.000638910045382, 2.824616422e-05],
        "dmean2": [0.730000197887, 4.86523962021, 9.05922222137, 21.4541568756, 38.7545127869, 22.9602336884, 5.64301538467, 3.58646917343, 3.18202447891, 1.91533577442, 2.36318492889, 2.85613560677, 3.96295261383, 4.4300031662, 5.43985939026, 5.65967416763, 5.60048103333, 7.13290166855, 8.3224811554, 9.33697605133, 10.3730554581, 11.9473276138, 10.6271629333, 10.6387891769, 9.59847354889, 8.66465950012, 7.50868558884, 9.10039329529, 6.3705368042, 4.5891957283, 3.96963810921, 2.82332444191, 1.9870827198, 1.04361188412, 0.638135552406, 0.418544143438, 0.134492069483, 0.0222861561924, 0.00103990640491, 3.90088462154e-05],
        "dvar": [0.648879528046, 40.7648544312, 190.70652771, 1152.87609863, 3549.32983398, 1082.34362793, 36.9032592773, 22.9171657562, 13.3422393799, 4.81803178787, 10.9602994919, 24.5640392303, 56.6984481812, 70.4632568359, 84.4583511353, 52.7683258057, 60.5174369812, 76.6125946045, 98.199798584, 119.900772095, 155.884979248, 196.638031006, 143.600860596, 149.461044312, 166.369888306, 92.1993026733, 75.8822555542, 91.0590057373, 77.8980255127, 43.9339790344, 21.1171016693, 10.6125278473, 4.99954462051, 1.36167538166, 0.591618537903, 0.245773121715, 0.0252737682313, 0.000727653678041, 2.1216735604e-06, 1.48668743982e-09],
        "dvar2": [1.06106996536, 74.4464950562, 474.147247314, 2990.40405273, 10128.1660156, 3029.09008789, 98.5245056152, 57.890045166, 31.4958114624, 11.3521165848, 23.5047264099, 53.870098114, 120.587242126, 154.053771973, 187.017074585, 118.270217896, 136.858200073, 175.569625854, 240.128875732, 258.07635498, 327.866577148, 398.797729492, 311.901885986, 353.386566162, 388.535675049, 209.593994141, 168.416549683, 190.761047363, 182.055145264, 101.878921509, 43.3959960938, 23.1534423828, 10.4698724747, 2.53896546364, 1.31799995899, 0.493672430515, 0.0525732412934, 0.00154374691192, 5.36855986866e-06, 3.08421732598e-09],
        "max": [10.1118307114, 52.8504905701, 92.8143386841, 200.180145264, 449.665313721, 258.062072754, 64.6234207153, 87.004737854, 85.7530975342, 40.4681625366, 105.010047913, 147.757080078, 207.755249023, 281.634796143, 288.788482666, 157.593856812, 313.2940979, 120.910346985, 167.902709961, 194.678207397, 148.002853394, 349.048736572, 227.99256897, 198.55821228, 508.272064209, 143.377975464, 255.708480835, 92.6009597778, 262.271484375, 259.628601074, 75.7377319336, 41.4944114685, 38.0538787842, 11.3436574936, 8.44877815247, 4.13461875916, 1.44599103928, 0.299871891737, 0.0251265801489, 0.000469948106911],
        "mean": [1.06055986881, 7.24184703827, 7.32141876221, 10.9134273529, 16.3423500061, 10.7013759613, 3.74343276024, 2.64426612854, 3.34865474701, 2.24095773697, 2.27234601974, 2.24652838707, 3.33177375793, 3.99544596672, 4.51284074783, 4.97172546387, 5.23858594894, 6.79607152939, 7.36162471771, 9.33865737915, 8.93956375122, 10.6978807449, 9.64353370667, 9.62819480896, 8.95455551147, 8.52125167847, 7.90150499344, 8.6373758316, 6.49095630646, 4.97105360031, 4.5191283226, 3.08250331879, 2.00906276703, 1.11051082611, 0.590248286724, 0.352795124054, 0.115311145782, 0.0188273582608, 0.000698867777828, 7.43759446777e-05],
        "median": [0.410760343075, 2.822245121, 1.78651404381, 0.521168231964, 0.265954136848, 0.307386755943, 0.677433848381, 0.618985295296, 1.04367494583, 0.749604463577, 0.734461903572, 0.454600214958, 0.637061178684, 0.861867964268, 0.98223310709, 1.37545287609, 1.62105965614, 2.19407129288, 2.91680812836, 3.29034852982, 3.50115966797, 4.41565132141, 4.27411174774, 4.55247783661, 4.03701066971, 4.08110141754, 3.75435781479, 3.54075956345, 2.738676548, 1.95856499672, 1.64345788956, 1.00595617294, 0.611785471439, 0.332238227129, 0.1677493155, 0.0854296609759, 0.025545373559, 0.00388948712498, 0.000139274226967, 5.4357569752e-05],
        "min": [4.22560273236e-22, 2.95658463564e-21, 4.40626349169e-21, 7.24639054827e-21, 4.32499041156e-20, 2.11709607641e-20, 2.96846364394e-20, 5.52636329943e-20, 1.25436110855e-19, 4.93178988178e-19, 4.876741529e-19, 1.09427878331e-18, 1.015215206e-18, 1.94791128768e-18, 2.09960359752e-18, 2.92553640812e-18, 3.52515425749e-18, 2.7004241675e-18, 6.23312024422e-18, 2.61102393446e-18, 7.72736329097e-18, 1.04488793233e-17, 1.22455032061e-17, 8.03954952596e-18, 1.23608130106e-17, 1.09274405308e-17, 1.17107813981e-17, 1.22074562066e-17, 1.50045285705e-17, 9.57591509104e-18, 1.29469250686e-17, 1.3778437626e-17, 1.09188924464e-17, 1.01865025961e-17, 6.81039222293e-18, 6.10127923511e-18, 3.41557309225e-18, 1.14960207024e-18, 3.42941792435e-19, 3.18742029079e-20],
        "var": [1.92899978161, 108.420562744, 230.138809204, 902.182861328, 2347.70947266, 849.442138672, 41.9695396423, 28.769777298, 31.3669757843, 14.5740394592, 21.0903015137, 35.2203369141, 87.3951416016, 104.487861633, 125.551277161, 88.9610748291, 109.299514771, 165.105758667, 143.07623291, 221.506332397, 213.856155396, 294.702392578, 204.521240234, 197.201034546, 213.562988281, 138.027679443, 123.461662292, 148.562545776, 109.662986755, 67.7064819336, 42.6027755737, 21.7521591187, 9.57690048218, 2.86431694031, 0.9187489748, 0.366787433624, 0.0395162068307, 0.00111745693721, 2.23818278755e-06, 5.09113551317e-09]
    },
    "gfcc": {
        "mean": [-87.7293930054, 43.3099403381, -98.9220504761, 60.3838653564, -34.3774719238, 19.6307029724, -34.9143028259, 13.9213905334, -15.4300937653, 10.6780366898, -13.0070953369, 8.20962715149, -10.923869133],
        "cov": [[41387.1640625, 2058.55078125, 3691.43725586, 1533.44104004, -2236.63500977, 2498.0324707, 1730.17407227, -9.24744987488, -1540.51977539, 1026.96936035, -39.699596405, -205.125106812, -263.114318848], [2058.55078125, 1768.87353516, 403.230682373, 365.05456543, 416.953033447, 79.9017486572, 260.366760254, -26.9409008026, -12.6754140854, -112.542060852, 59.5533447266, -163.401931763, 48.1983909607], [3691.43725586, 403.230682373, 1972.8939209, 902.737426758, 421.377105713, 716.144348145, 532.437927246, 282.966430664, -23.4100608826, 53.3584518433, -61.5136871338, 4.28051948547, -0.438745737076], [1533.44104004, 365.05456543, 902.737426758, 838.327270508, 471.200134277, 389.038452148, 411.879119873, 184.639404297, 108.309082031, 59.2374458313, 51.5930976868, -60.0523490906, 5.77794790268], [-2236.63500977, 416.953033447, 421.377105713, 471.200134277, 928.745361328, 219.278182983, 246.104064941, 183.272109985, 211.205078125, -130.946060181, 20.3053779602, -40.2128829956, 37.9967575073], [2498.0324707, 79.9017486572, 716.144348145, 389.038452148, 219.278182983, 539.858459473, 393.885894775, 185.058349609, 16.3120994568, 99.5030441284, 36.1087684631, 21.6078414917, 12.7983798981], [1730.17407227, 260.366760254, 532.437927246, 411.879119873, 246.104064941, 393.885894775, 509.235992432, 200.607162476, 122.232505798, 118.457740784, 118.031784058, 2.18180441856, 57.4800567627], [-9.24744987488, -26.9409008026, 282.966430664, 184.639404297, 183.272109985, 185.058349609, 200.607162476, 196.17024231, 128.225021362, 58.3639678955, 44.6764831543, 33.5697402954, 29.4532928467], [-1540.51977539, -12.6754140854, -23.4100608826, 108.309082031, 211.205078125, 16.3120994568, 122.232505798, 128.225021362, 253.384216309, 77.5855178833, 110.141654968, 15.0572376251, 37.144821167], [1026.96936035, -112.542060852, 53.3584518433, 59.2374458313, -130.946060181, 99.5030441284, 118.457740784, 58.3639678955, 77.5855178833, 210.210189819, 116.818359375, 35.7887611389, 1.62521076202], [-39.699596405, 59.5533447266, -61.5136871338, 51.5930976868, 20.3053779602, 36.1087684631, 118.031784058, 44.6764831543, 110.141654968, 116.818359375, 175.835952759, 55.0032081604, 48.0876922607], [-205.125106812, -163.401931763, 4.28051948547, -60.0523490906, -40.2128829956, 21.6078414917, 2.18180441856, 33.5697402954, 15.0572376251, 35.7887611389, 55.0032081604, 116.931091309, 54.0166702271], [-263.114318848, 48.1983909607, -0.438745737076, 5.77794790268, 37.9967575073, 12.7983798981, 57.4800567627, 29.4532928467, 37.144821167, 1.62521076202, 48.0876922607, 54.0166702271, 89.9016342163]],
        "icov": [[0.000157648479217, -0.000264767179033, 6.86111816321e-05, -0.000231823214563, 0.000494086532854, -0.000590067007579, -0.00016524179955, -0.000112658250146, 0.000872373231687, -0.000602212909143, 0.000232944104937, -1.81659816008e-05, 0.000173067688593], [-0.000264767179033, 0.00161266664509, -0.000607627793215, 0.000743368291296, -0.00136294378899, 0.0016559259966, -0.00020551304624, 0.000389873166569, -0.00030881082057, 0.00144325126894, -0.00236475863494, 0.00278417207301, -0.00165269919671], [6.86111816321e-05, -0.000607627793215, 0.00194990402088, -0.0018063322641, 0.00066540169064, -0.0016366771888, 9.24874329939e-05, -0.000707958999556, 0.000289886287646, -0.000332286726916, 0.00237997435033, -0.00244773621671, 0.000860654748976], [-0.000231823214563, 0.000743368291296, -0.0018063322641, 0.00467966357246, -0.00237856106833, 0.00168348860461, -0.00103292276617, 0.000378616299713, -0.000398574251449, -0.000382823986001, -0.00212450209074, 0.00344078917988, -0.000843970454298], [0.000494086532854, -0.00136294378899, 0.00066540169064, -0.00237856106833, 0.0053584203124, -0.00397925823927, 0.000333411036991, -0.000673878414091, -0.00127170386259, 0.00304898503236, 0.000348030444002, -0.00121742940973, 0.00165786151774], [-0.000590067007579, 0.0016559259966, -0.0016366771888, 0.00168348860461, -0.00397925823927, 0.0110737150535, -0.00453183986247, -0.00184584537055, 0.00183889456093, -0.00135474826675, -0.000315675046295, -0.000572914432269, 0.0006544936914], [-0.00016524179955, -0.00020551304624, 9.24874329939e-05, -0.00103292276617, 0.000333411036991, -0.00453183986247, 0.00992641597986, -0.0039338269271, -0.00126779952552, 0.000923633226193, -0.00443544890732, 0.00507614854723, -0.0050305374898], [-0.000112658250146, 0.000389873166569, -0.000707958999556, 0.000378616299713, -0.000673878414091, -0.00184584537055, -0.0039338269271, 0.0182844735682, -0.00991785991937, -5.0369915698e-05, 0.00585840595886, -0.00663571478799, 0.0014580063289], [0.000872373231687, -0.00030881082057, 0.000289886287646, -0.000398574251449, -0.00127170386259, 0.00183889456093, -0.00126779952552, -0.00991785991937, 0.0207867771387, -0.00855919718742, -0.00499231833965, 0.00645014224574, -0.00255763949826], [-0.000602212909143, 0.00144325126894, -0.000332286726916, -0.000382823986001, 0.00304898503236, -0.00135474826675, 0.000923633226193, -5.0369915698e-05, -0.00855919718742, 0.0194083973765, -0.0100219491869, -9.32307884796e-05, 0.00441914750263], [0.000232944104937, -0.00236475863494, 0.00237997435033, -0.00212450209074, 0.000348030444002, -0.000315675046295, -0.00443544890732, 0.00585840595886, -0.00499231833965, -0.0100219491869, 0.0232003908604, -0.0129385720938, 0.000520306581166], [-1.81659816008e-05, 0.00278417207301, -0.00244773621671, 0.00344078917988, -0.00121742940973, -0.000572914432269, 0.00507614854723, -0.00663571478799, 0.00645014224574, -9.32307884796e-05, -0.0129385720938, 0.027855431661, -0.0147336516529], [0.000173067688593, -0.00165269919671, 0.000860654748976, -0.000843970454298, 0.00165786151774, 0.0006544936914, -0.0050305374898, 0.0014580063289, -0.00255763949826, 0.00441914750263, 0.000520306581166, -0.0147336516529, 0.0240702424198]]
    },
    "melbands": {
        "dmean": [0.00460718292743, 0.00287170871161, 0.00198034197092, 0.00138898484875, 0.000163116099429, 4.90567799716e-05, 2.83183944703e-05, 1.26519707919e-05, 1.38175200846e-05, 1.10988385131e-05, 1.33551238832e-05, 1.23109630294e-05, 1.1260485735e-05, 1.01127216112e-05, 9.77633590082e-06, 8.76538979355e-06, 8.87791611603e-06, 8.7910621005e-06, 8.73261524248e-06, 9.64350601862e-06, 7.65033200878e-06, 8.71816610015e-06, 6.22069228484e-06, 6.22381912763e-06, 5.63825233257e-06, 5.03992123413e-06, 4.38966708316e-06, 3.88715488953e-06, 3.27785960508e-06, 3.04450077238e-06, 3.98852762373e-06, 2.56239218288e-06, 2.00423460228e-06, 1.61531875165e-06, 1.55087684561e-06, 1.67861560385e-06, 1.12283350973e-06, 9.40983909459e-07, 8.42401675527e-07, 5.83312953495e-07],
        "dmean2": [0.00648593623191, 0.00359514029697, 0.00309300166555, 0.00253537297249, 0.000278034276562, 8.082689601e-05, 4.44315410277e-05, 2.0022449462e-05, 2.17872948269e-05, 1.74261331267e-05, 2.07169705391e-05, 1.86802044482e-05, 1.75472941919e-05, 1.58544007718e-05, 1.5385043298e-05, 1.39246949402e-05, 1.39555049827e-05, 1.4250293134e-05, 1.40769907375e-05, 1.43927418321e-05, 1.21438151837e-05, 1.36503458634e-05, 9.61084333539e-06, 9.68710264715e-06, 8.93965443538e-06, 7.88640045357e-06, 6.8294925768e-06, 6.08796790402e-06, 5.04301169713e-06, 4.56916768599e-06, 6.03855778536e-06, 4.00284397983e-06, 3.17957142215e-06, 2.50386392509e-06, 2.2810545488e-06, 2.37837161876e-06, 1.74774265815e-06, 1.42997225794e-06, 1.25795179429e-06, 8.43472435008e-07],
        "dvar": [4.96494394611e-05, 2.73909772659e-05, 2.3163833248e-05, 1.42009648698e-05, 1.03602040724e-07, 1.05682733675e-08, 2.50838416704e-09, 5.50158418822e-10, 1.11139730752e-09, 1.00659380831e-09, 1.64994506946e-09, 1.27449117926e-09, 8.82481254738e-10, 6.33634034131e-10, 4.43119957394e-10, 4.09500600096e-10, 3.04306913002e-10, 2.95442864617e-10, 2.82859263789e-10, 3.61595919873e-10, 2.1284418672e-10, 2.43104564257e-10, 1.32535232789e-10, 1.17742648964e-10, 1.057244986e-10, 9.78380015892e-11, 8.36628336054e-11, 4.41157353703e-11, 2.94889529462e-11, 3.2727379834e-11, 4.20297026349e-11, 2.67357611744e-11, 3.45176318084e-11, 9.69391320688e-12, 6.83587995237e-12, 7.9480024992e-12, 4.09762154763e-12, 2.62248512836e-12, 1.96513139962e-12, 8.81274057635e-13],
        "dvar2": [8.97864811122e-05, 4.41662523372e-05, 4.83795229229e-05, 4.09705935454e-05, 2.74908700248e-07, 2.66735398213e-08, 5.97624305598e-09, 1.24902554965e-09, 2.36828956446e-09, 2.20355578229e-09, 3.48991280319e-09, 2.77272960147e-09, 1.92971549851e-09, 1.43202194547e-09, 9.84326065101e-10, 9.37182109695e-10, 6.98706259517e-10, 7.21094239875e-10, 6.98129887233e-10, 7.82256148746e-10, 4.59726062774e-10, 5.06216735197e-10, 2.83664924883e-10, 2.51007964414e-10, 2.57946164428e-10, 2.34350178152e-10, 2.00718469623e-10, 1.02606943775e-10, 6.84721307431e-11, 6.98140364963e-11, 9.0783040807e-11, 6.35534749827e-11, 8.66891280982e-11, 2.28113205408e-11, 1.4623847272e-11, 1.64470485842e-11, 9.76857830737e-12, 5.72645663527e-12, 4.01467140781e-12, 1.68369354916e-12],
        "max": [0.0849023610353, 0.0408664420247, 0.0332852937281, 0.0278503727168, 0.00394404307008, 0.00175144535024, 0.00118527188897, 0.000515643332619, 0.00110055878758, 0.00101097358856, 0.00101900438312, 0.00106916145887, 0.000960711506195, 0.000752047169954, 0.000657876138575, 0.000745252124034, 0.000267521652859, 0.000310204079142, 0.00031711885822, 0.000559232372325, 0.000166945581441, 0.000280994077912, 0.000399470707634, 0.000251405494055, 0.000176724104676, 0.000238670079852, 0.000316070567351, 0.000109991189674, 0.000103167505586, 0.000207066637813, 7.8308112279e-05, 0.000115514019853, 0.000274238380371, 8.53555829963e-05, 3.99802083848e-05, 4.81894239783e-05, 2.48863725574e-05, 2.48126525548e-05, 2.38721167989e-05, 8.71359861776e-06],
        "mean": [0.00969121605158, 0.00605740491301, 0.00205466081388, 0.00105549709406, 0.000169015940628, 6.22166480753e-05, 4.73238906125e-05, 2.29006600421e-05, 1.99746318685e-05, 1.33040412038e-05, 1.71979700099e-05, 1.67387370311e-05, 1.43785637192e-05, 1.31713632072e-05, 1.36693988679e-05, 1.13899468488e-05, 1.30904008984e-05, 1.15375496534e-05, 1.31240267365e-05, 1.26830655063e-05, 9.52272694121e-06, 1.16217088362e-05, 8.46810962685e-06, 8.52790526551e-06, 7.69136568124e-06, 6.76543913869e-06, 6.11252426097e-06, 5.63560070077e-06, 5.05902153236e-06, 4.44876468464e-06, 5.26574740434e-06, 3.7721335957e-06, 3.06395031657e-06, 2.60206525127e-06, 2.4740347726e-06, 2.54063638749e-06, 1.6766294948e-06, 1.39174414926e-06, 1.21272512388e-06, 8.64833168635e-07],
        "median": [0.00381454406306, 0.00206656916998, 6.48632558296e-05, 2.02229894057e-05, 2.25437215704e-05, 1.58739894687e-05, 1.4554218069e-05, 6.48002333037e-06, 5.60715034226e-06, 2.40603094426e-06, 2.98381428365e-06, 3.31910769091e-06, 2.90031925942e-06, 3.0219744076e-06, 3.81338531952e-06, 2.54696874435e-06, 4.07478637499e-06, 4.47705679107e-06, 3.65761161447e-06, 4.33077002526e-06, 3.42754537996e-06, 4.54325163446e-06, 3.78470667783e-06, 3.58359693564e-06, 3.59280829798e-06, 2.84395855488e-06, 2.76052855952e-06, 2.61577406491e-06, 2.35458810494e-06, 2.00684053198e-06, 1.96319047063e-06, 1.54503334215e-06, 1.19546689348e-06, 9.65128720054e-07, 9.26847633309e-07, 8.32907403492e-07, 5.0163890819e-07, 4.27617692367e-07, 3.44495731497e-07, 2.50586083439e-07],
        "min": [3.55375921345e-24, 4.62822287067e-24, 1.59338681308e-24, 3.54174998946e-24, 9.44361561289e-25, 1.24495868555e-24, 1.8405941271e-24, 4.4052667186e-24, 3.34404290838e-24, 7.67415405968e-24, 5.14732923948e-24, 7.25781930632e-24, 6.86803839988e-24, 6.73269432323e-24, 5.7740626626e-24, 6.12766759121e-24, 4.42220868983e-24, 8.2454660599e-24, 3.98702528843e-24, 4.77041741542e-24, 9.96248177355e-24, 9.91030887986e-24, 1.2434752129e-23, 6.94666653289e-24, 5.89570067545e-24, 9.69558725234e-24, 7.72847186617e-24, 6.56253505382e-24, 5.38344398588e-24, 8.6459320873e-24, 5.42503194395e-24, 7.86326295133e-24, 1.03471035297e-23, 3.49152084904e-24, 6.74317512922e-24, 8.0028337447e-24, 8.30744055034e-24, 6.86780647478e-24, 8.39086890196e-24, 7.52132882537e-24],
        "var": [0.000152867331053, 8.30850258353e-05, 2.49215609074e-05, 9.35064508667e-06, 1.13264114532e-07, 1.38609372868e-08, 6.05175776158e-09, 1.70182612447e-09, 2.02338545918e-09, 1.41688716315e-09, 2.57251575597e-09, 1.9095425241e-09, 1.2743250899e-09, 1.00298613859e-09, 8.64836646741e-10, 7.54121931568e-10, 7.30512761393e-10, 4.32351543456e-10, 6.85581091897e-10, 5.46854783678e-10, 2.66219629674e-10, 3.51571716184e-10, 1.91717239306e-10, 1.69557631824e-10, 1.32459626601e-10, 1.20641982515e-10, 1.03518499328e-10, 6.29578403299e-11, 4.92491464277e-11, 4.75114704523e-11, 6.26854124164e-11, 3.75525097129e-11, 3.59824774143e-11, 1.7773461522e-11, 1.30106290325e-11, 1.49225284907e-11, 7.34742995612e-12, 4.71965045171e-12, 3.68535150314e-12, 1.79455853389e-12]
    },
    "mfcc": {
        "mean": [-718.281188965, 68.2463912964, 8.92419338226, 41.8917732239, 21.1484107971, 16.9693965912, 4.03770589828, 7.63867855072, 4.04463911057, 5.06705379486, 3.48410606384, 7.21640300751, 4.74639081955],
        "cov": [[20456.6269531, 1863.50524902, 2022.51416016, 898.404846191, 164.393768311, 1210.08666992, 1177.81896973, 646.630371094, 212.679351807, 239.265106201, -84.9633789062, -308.349456787, -288.994628906], [1863.50524902, 1174.23303223, 362.892608643, 349.691833496, 242.735961914, 218.399124146, 221.773300171, 167.400253296, 108.723716736, 65.7420272827, 2.35863041878, -19.2880878448, -32.4840812683], [2022.51416016, 362.892608643, 1086.01037598, 475.995574951, 268.084136963, 394.158660889, 362.798126221, 278.087341309, 202.339660645, 147.239517212, 46.2416687012, 11.6302852631, -21.5080928802], [898.404846191, 349.691833496, 475.995574951, 677.805053711, 356.328308105, 338.032318115, 294.938659668, 221.769989014, 192.16607666, 177.748382568, 97.3063049316, 95.4660873413, 72.7458190918], [164.393768311, 242.735961914, 268.084136963, 356.328308105, 415.577606201, 254.942672729, 207.204223633, 193.770355225, 158.723220825, 101.714103699, 68.0626373291, 65.1403961182, 39.9209671021], [1210.08666992, 218.399124146, 394.158660889, 338.032318115, 254.942672729, 392.404022217, 331.942871094, 239.139358521, 175.692474365, 151.063827515, 78.9093170166, 65.0585632324, 47.061756134], [1177.81896973, 221.773300171, 362.798126221, 294.938659668, 207.204223633, 331.942871094, 377.522033691, 260.226074219, 184.750762939, 147.636413574, 70.4303512573, 54.4587020874, 48.4388771057], [646.630371094, 167.400253296, 278.087341309, 221.769989014, 193.770355225, 239.139358521, 260.226074219, 250.851150513, 175.903106689, 121.530158997, 64.0586471558, 53.7488822937, 48.5935173035], [212.679351807, 108.723716736, 202.339660645, 192.16607666, 158.723220825, 175.692474365, 184.750762939, 175.903106689, 186.153915405, 130.67137146, 70.4052810669, 60.1615943909, 47.6007041931], [239.265106201, 65.7420272827, 147.239517212, 177.748382568, 101.714103699, 151.063827515, 147.636413574, 121.530158997, 130.67137146, 171.324386597, 108.251876831, 77.9882049561, 65.6827392578], [-84.9633789062, 2.35863041878, 46.2416687012, 97.3063049316, 68.0626373291, 78.9093170166, 70.4303512573, 64.0586471558, 70.4052810669, 108.251876831, 125.264656067, 92.9455108643, 73.4435806274], [-308.349456787, -19.2880878448, 11.6302852631, 95.4660873413, 65.1403961182, 65.0585632324, 54.4587020874, 53.7488822937, 60.1615943909, 77.9882049561, 92.9455108643, 128.64692688, 102.384544373], [-288.994628906, -32.4840812683, -21.5080928802, 72.7458190918, 39.9209671021, 47.061756134, 48.4388771057, 48.5935173035, 47.6007041931, 65.6827392578, 73.4435806274, 102.384544373, 126.075088501]],
