{
"lowlevel": {
    "average_loudness": 0.938935816288,
    "barkbands_crest": {
        "dmean": 3.8962469101,
        "dmean2": 6.38223695755,
        "dvar": 10.1674346924,
        "dvar2": 26.3233966827,
        "max": 26.4792499542,
        "mean": 13.0803194046,
        "median": 12.6609106064,
        "min": 2.21560287476,
        "var": 25.8120555878
    },
    "barkbands_flatness_db": {
        "dmean": 0.0464138798416,
        "dmean2": 0.0718462243676,
        "dvar": 0.00203821295872,
        "dvar2": 0.00473659625277,
        "max": 0.678106963634,
        "mean": 0.172854050994,
        "median": 0.154169425368,
        "min": 0.0173211060464,
        "var": 0.00874782912433
    },
    "barkbands_kurtosis": {
        "dmean": 17.8547458649,
        "dmean2": 29.2579231262,
        "dvar": 1448.03222656,
        "dvar2": 3489.25439453,
        "max": 1064.95117188,
        "mean": 21.3209400177,
        "median": 8.19204425812,
        "min": -1.92136490345,
        "var": 1922.22912598
    },
    "barkbands_skewness": {
        "dmean": 1.49539983273,
        "dmean2": 2.43131256104,
        "dvar": 2.97920036316,
        "dvar2": 7.37900972366,
        "max": 28.2841434479,
        "mean": 3.28313112259,
        "median": 2.72057366371,
        "min": -3.17664909363,
        "var": 5.97594976425
    },
    "barkbands_spread": {
        "dmean": 14.1127719879,
        "dmean2": 24.128944397,
        "dvar": 364.321136475,
        "dvar2": 945.790161133,
        "max": 123.562828064,
        "mean": 21.5436630249,
        "median": 15.2153396606,
        "min": 0.0991920977831,
        "var": 420.584594727
    },
    "dissonance": {
        "dmean": 0.015887318179,
        "dmean2": 0.0265774577856,
        "dvar": 0.000228082062677,
        "dvar2": 0.000595943187363,
        "max": 0.500000059605,
        "mean": 0.470574438572,
        "median": 0.476923018694,
        "min": 0.236248582602,
        "var": 0.000637796707451
    },
    "dynamic_complexity": 2.4270157814,
    "erbbands_crest": {
        "dmean": 2.79340434074,
        "dmean2": 4.52732229233,
        "dvar": 7.05388784409,
        "dvar2": 16.8534126282,
        "max": 30.6370487213,
        "mean": 7.64339923859,
        "median": 6.41074609756,
        "min": 2.1079750061,
        "var": 17.4027004242
    },
    "erbbands_flatness_db": {
        "dmean": 0.0238372366875,
        "dmean2": 0.0352032892406,
        "dvar": 0.000595723628066,
        "dvar2": 0.00117269717157,
        "max": 0.441933512688,
        "mean": 0.126733541489,
        "median": 0.113237626851,
        "min": 0.0338612161577,
        "var": 0.00345118995756
    },
    "erbbands_kurtosis": {
        "dmean": 1.43682062626,
        "dmean2": 2.31219696999,
        "dvar": 17.6237735748,
        "dvar2": 37.3450584412,
        "max": 181.687210083,
        "mean": 0.490064412355,
        "median": -0.706248998642,
        "min": -1.93537330627,
        "var": 33.7234039307
    },
    "erbbands_skewness": {
        "dmean": 0.575292944908,
        "dmean2": 0.913111805916,
        "dvar": 0.413506805897,
        "dvar2": 0.972645699978,
        "max": 10.8734693527,
        "mean": 0.430030792952,
        "median": 0.306213080883,
        "min": -3.64047622681,
        "var": 1.07761383057
    },
    "erbbands_spread": {
        "dmean": 17.7995586395,
        "dmean2": 28.678861618,
        "dvar": 429.913909912,
        "dvar2": 1051.09472656,
        "max": 213.362518311,
        "mean": 63.3008651733,
        "median": 60.3681945801,
        "min": 1.21782290936,
        "var": 864.066955566
    },
    "hfc": {
        "dmean": 27.7012882233,
        "dmean2": 49.3745155334,
        "dvar": 2465.04833984,
        "dvar2": 6787.23779297,
        "max": 446.933929443,
        "mean": 30.6821632385,
        "median": 18.099313736,
        "min": 1.15126971185e-16,
        "var": 1704.38549805
    },
    "melbands_crest": {
        "dmean": 4.05178117752,
        "dmean2": 6.75145959854,
        "dvar": 11.7394552231,
        "dvar2": 30.8810443878,
        "max": 35.1159706116,
        "mean": 17.6966571808,
        "median": 17.6926040649,
        "min": 1.04412567616,
        "var": 28.62774086
    },
    "melbands_flatness_db": {
        "dmean": 0.0543558709323,
        "dmean2": 0.085628785193,
        "dvar": 0.00285701965913,
        "dvar2": 0.00670051621273,
        "max": 0.82481110096,
        "mean": 0.260482639074,
        "median": 0.24090513587,
        "min": 2.40606914303e-05,
        "var": 0.0120623940602
    },
    "melbands_kurtosis": {
        "dmean": 41.7125396729,
        "dmean2": 68.7338256836,
        "dvar": 5177.69824219,
        "dvar2": 13499.4775391,
        "max": 959.037902832,
        "mean": 63.2821159363,
        "median": 32.0346336365,
        "min": -1.74566090107,
        "var": 8250.87011719
    },
    "melbands_skewness": {
        "dmean": 1.86443805695,
        "dmean2": 3.00729227066,
        "dvar": 4.11441802979,
        "dvar2": 10.7816143036,
        "max": 23.378660202,
        "mean": 5.51775979996,
        "median": 4.75128698349,
        "min": -0.725038230419,
        "var": 10.2123680115
    },
    "melbands_spread": {
        "dmean": 8.68904590607,
        "dmean2": 14.8280229568,
        "dvar": 192.623275757,
        "dvar2": 489.625915527,
        "max": 268.894012451,
        "mean": 13.8892936707,
        "median": 8.95623493195,
        "min": 0.250837951899,
        "var": 280.24810791
    },
    "pitch_salience": {
        "dmean": 0.121772281826,
        "dmean2": 0.198628410697,
        "dvar": 0.0111934235319,
        "dvar2": 0.0284056011587,
        "max": 0.997513651848,
        "mean": 0.480929523706,
        "median": 0.504373013973,
        "min": 0.0370007231832,
        "var": 0.0291014350951
    },
    "silence_rate_20dB": {
        "dmean": 0,
        "dmean2": 0,
        "dvar": 0,
        "dvar2": 0,
        "max": 1,
        "mean": 1,
        "median": 1,
        "min": 1,
        "var": 0
    },
    "silence_rate_30dB": {
        "dmean": 0.0850417613983,
        "dmean2": 0.170096442103,
        "dvar": 0.0777942240238,
        "dvar2": 0.196024358273,
        "max": 1,
        "mean": 0.925518155098,
        "median": 1,
        "min": 0,
        "var": 0.0689397230744
    },
    "silence_rate_60dB": {
        "dmean": 0.016552772373,
        "dmean2": 0.0331080555916,
        "dvar": 0.0162793975323,
        "dvar2": 0.0361147373915,
        "max": 1,
        "mean": 0.0409232415259,
        "median": 0,
        "min": 0,
        "var": 0.0392521731555
    },
    "spectral_centroid": {
        "dmean": 415.233764648,
        "dmean2": 681.989440918,
        "dvar": 212395.875,
        "dvar2": 522073.9375,
        "max": 11616.3105469,
        "mean": 1097.58349609,
        "median": 953.487304688,
        "min": 91.451499939,
        "var": 511440.46875
    },
    "spectral_complexity": {
        "dmean": 6.75140476227,
        "dmean2": 10.3992710114,
        "dvar": 51.7102088928,
        "dvar2": 116.04839325,
        "max": 58,
        "mean": 17.8269691467,
        "median": 16,
        "min": 0,
        "var": 126.40436554
    },
    "spectral_decrease": {
        "dmean": 6.21359097508e-09,
        "dmean2": 9.94856197423e-09,
        "dvar": 4.3927565396e-17,
        "dvar2": 1.13857930542e-16,
        "max": 1.73881706323e-28,
        "mean": -1.33868365282e-08,
        "median": -1.21782326445e-08,
        "min": -6.91927368734e-08,
        "var": 8.91038294098e-17
    },
    "spectral_energy": {
        "dmean": 0.0243098791689,
        "dmean2": 0.0389324501157,
        "dvar": 0.000649926485494,
        "dvar2": 0.00165114027914,
        "max": 0.263074189425,
        "mean": 0.053308006376,
        "median": 0.0493471324444,
        "min": 1.04822710214e-20,
        "var": 0.00132951827254
    },
    "spectral_energyband_high": {
        "dmean": 0.00221333885565,
        "dmean2": 0.0040355399251,
        "dvar": 1.9340435756e-05,
        "dvar2": 5.37109990546e-05,
        "max": 0.0386279784143,
        "mean": 0.00195415597409,
        "median": 0.000569406605791,
        "min": 7.43902831135e-21,
        "var": 1.2875795619e-05
    },
    "spectral_energyband_low": {
        "dmean": 0.0210986025631,
        "dmean2": 0.0346388854086,
        "dvar": 0.000635374337435,
        "dvar2": 0.00171986664645,
        "max": 0.257823169231,
        "mean": 0.0353615283966,
        "median": 0.025813492015,
        "min": 3.5978387098e-23,
        "var": 0.00116987142246
    },
    "spectral_energyband_middle_high": {
        "dmean": 0.00186765845865,
        "dmean2": 0.00304695544764,
        "dvar": 6.70369763611e-06,
        "dvar2": 1.70192379301e-05,
        "max": 0.0343642756343,
        "mean": 0.00298582552932,
        "median": 0.00200578151271,
        "min": 1.50509410058e-21,
        "var": 9.84233702184e-06
    },
    "spectral_energyband_middle_low": {
        "dmean": 0.0100899655372,
        "dmean2": 0.0169254802167,
        "dvar": 0.000220712230657,
        "dvar2": 0.000559854961466,
        "max": 0.132840633392,
        "mean": 0.0162423010916,
        "median": 0.0109646692872,
        "min": 2.23286485999e-22,
        "var": 0.000276071019471
    },
    "spectral_entropy": {
        "dmean": 0.32925260067,
        "dmean2": 0.516561508179,
        "dvar": 0.130034074187,
        "dvar2": 0.297995239496,
        "max": 9.81985473633,
        "mean": 7.60889101028,
        "median": 7.7020778656,
        "min": 3.81940841675,
        "var": 0.439934134483
    },
    "spectral_flux": {
        "dmean": 0.0488929226995,
        "dmean2": 0.0760843977332,
        "dvar": 0.00208261725493,
        "dvar2": 0.00447441404685,
        "max": 0.41719096899,
        "mean": 0.131898730993,
        "median": 0.123369723558,
        "min": 6.65794155918e-11,
        "var": 0.00494378199801
    },
    "spectral_kurtosis": {
        "dmean": 2.46921253204,
        "dmean2": 3.96626400948,
        "dvar": 39.9676628113,
        "dvar2": 90.3647842407,
        "max": 193.334777832,
        "mean": 4.48195791245,
        "median": 2.74692583084,
        "min": -1.22200655937,
        "var": 91.2362289429
    },
    "spectral_rms": {
        "dmean": 0.00161891605239,
        "dmean2": 0.0025306106545,
        "dvar": 2.25849703384e-06,
        "dvar2": 5.42188990948e-06,
        "max": 0.0160205420107,
        "mean": 0.00670063402504,
        "median": 0.00693855481222,
        "min": 3.19790656629e-12,
        "var": 7.10934318704e-06
    },
    "spectral_rolloff": {
        "dmean": 1292.22216797,
        "dmean2": 2412.8046875,
        "dvar": 6914489,
        "dvar2": 18717972,
        "max": 19530.6152344,
        "mean": 1225.18383789,
        "median": 366.064453125,
        "min": 64.599609375,
        "var": 5378810
    },
    "spectral_skewness": {
        "dmean": 0.332823216915,
        "dmean2": 0.525250256062,
        "dvar": 0.189576551318,
        "dvar2": 0.450711667538,
        "max": 11.4541454315,
        "mean": 1.44826555252,
        "median": 1.32341647148,
        "min": -0.277492016554,
        "var": 0.630939722061
    },
    "spectral_spread": {
        "dmean": 1443551.5,
        "dmean2": 2179688.5,
        "dvar": 3.78395977318e+12,
        "dvar2": 8.05848848794e+12,
        "max": 41954180,
        "mean": 5836731.5,
        "median": 5301464,
        "min": 304855.25,
        "var": 8.445362176e+12
    },
    "spectral_strongpeak": {
        "dmean": 0.323296546936,
        "dmean2": 0.536538362503,
        "dvar": 0.138837486506,
        "dvar2": 0.356917768717,
        "max": 7.23784732819,
        "mean": 0.632096409798,
        "median": 0.53531306982,
        "min": 0,
        "var": 0.214902028441
    },
    "zerocrossingrate": {
        "dmean": 0.019543485716,
        "dmean2": 0.0272047817707,
        "dvar": 0.000580648309551,
        "dvar2": 0.000941231788602,
        "max": 0.642578125,
        "mean": 0.0537514947355,
        "median": 0.04248046875,
        "min": 0.0029296875,
        "var": 0.00188231759239
    },
    "barkbands": {
        "dmean": [0.000268442759989, 0.0136601021513, 0.0104483431205, 0.00483637861907, 0.00552134029567, 0.00131872226484, 0.0011908687884, 0.000481694791233, 0.000402471778216, 0.000314419099595, 0.000376362382667, 0.000231566766161, 0.000171091800439, 0.000175810564542, 0.00013445460354, 0.000251663324889, 0.000235527419136, 0.000246849551331, 0.000244336872129, 0.000149811748997, 0.000165838515386, 0.000172056694282, 0.00023743462225, 0.000370952300727, 0.00058094173437, 0.000521914043929, 0.000181052222615],
        "dmean2": [0.000428794475738, 0.0218183044344, 0.0173276662827, 0.00842546764761, 0.00954894907773, 0.00221561500803, 0.00190820835996, 0.000818979984615, 0.000676594150718, 0.000523756025359, 0.00061079848092, 0.000375716655981, 0.000291325442959, 0.000299460312817, 0.000225328258239, 0.00045494933147, 0.000399433542043, 0.000411548593547, 0.000408596883062, 0.000260043045273, 0.000280433305306, 0.000304041808704, 0.000427760183811, 0.000679868331645, 0.00108094804455, 0.000963859201875, 0.000334819371346],
        "dvar": [2.2652450582e-07, 0.00039125062176, 0.000274902529782, 6.88723739586e-05, 0.000110702654638, 5.0808762353e-06, 5.8136761254e-06, 7.32746968879e-07, 4.71216196729e-07, 3.43192539276e-07, 5.71090424728e-07, 3.78316201477e-07, 1.22806383729e-07, 9.70729487904e-08, 4.11671834399e-08, 2.83874584284e-07, 1.18529897009e-07, 1.89387222349e-07, 1.87992057477e-07, 5.94640816587e-08, 5.16674276696e-08, 6.79857450336e-08, 1.84093650546e-07, 5.80984988119e-07, 1.76216417458e-06, 1.42458929986e-06, 2.12070233374e-07],
        "dvar2": [5.38211509138e-07, 0.00102303049061, 0.000713417131919, 0.000186653705896, 0.000302399916109, 1.33423927764e-05, 1.40350102811e-05, 1.90870105143e-06, 1.22008509607e-06, 8.42678275603e-07, 1.377015451e-06, 7.80353559549e-07, 3.09395176146e-07, 2.4972186452e-07, 1.0465392819e-07, 8.05666047654e-07, 3.10533778247e-07, 4.9455587714e-07, 4.97837163493e-07, 1.63754890536e-07, 1.34188965717e-07, 1.85472686098e-07, 5.1310331628e-07, 1.61721436598e-06, 4.91299806527e-06, 3.92466427002e-06, 5.85976636103e-07],
        "max": [0.0129178203642, 0.244051784277, 0.154872074723, 0.0758725553751, 0.104120843112, 0.0474319756031, 0.058780349791, 0.016638526693, 0.00910418014973, 0.0145969176665, 0.0145554961637, 0.0184083711356, 0.0208197999746, 0.00559960445389, 0.0042231134139, 0.00643231673166, 0.00472739525139, 0.00541974091902, 0.00516644027084, 0.00318501191214, 0.00274536712095, 0.00263077788986, 0.00399075541645, 0.0066568874754, 0.0117205698043, 0.0106060802937, 0.00505545875058],
        "mean": [0.000312731455779, 0.019093291834, 0.0127544440329, 0.00544804474339, 0.00629369076341, 0.00177103630267, 0.00158534559887, 0.000591245188843, 0.000479528127471, 0.000403918209486, 0.000484178453917, 0.000292604556307, 0.000215144536924, 0.000194482388906, 0.000178845846676, 0.000235693645664, 0.000298694678349, 0.000309741415549, 0.000311526673613, 0.000205900141736, 0.000243173824856, 0.000210437443457, 0.000246083713137, 0.000306914851535, 0.000395493960241, 0.000336240249453, 0.000109534710646],
        "median": [9.89673790173e-05, 0.0074051511474, 0.00600100401789, 0.00242889998481, 0.0029587270692, 0.000821242458187, 0.000569420983084, 0.000237722822931, 0.000211474660318, 0.00018919595459, 0.00017728615785, 0.000122823490528, 0.000112663758046, 9.40235186135e-05, 9.76672963588e-05, 9.66894222074e-05, 0.000174766246346, 0.000164808006957, 0.000159356422955, 0.000110237284389, 0.000129107313114, 8.73899625731e-05, 5.33000929863e-05, 4.9293259508e-05, 3.67643551726e-05, 2.28810076806e-05, 5.16257216532e-07],
        "min": [6.71819348207e-24, 1.36619506959e-23, 3.56201779827e-24, 7.70301138046e-24, 2.05498376251e-23, 1.13643089014e-23, 1.50916680011e-23, 1.8601680933e-23, 2.78780193798e-23, 1.91969206622e-23, 3.81202548962e-23, 9.63840603854e-23, 7.76275796992e-23, 4.70611128881e-23, 7.01353574747e-23, 5.21831741239e-23, 1.74513248335e-22, 1.59121171057e-22, 1.66526770044e-22, 2.34159513628e-22, 3.1935661761e-22, 4.90738630888e-22, 5.75087930277e-22, 7.0968809847e-22, 1.07687334014e-21, 1.41747424699e-21, 2.27173724959e-21],
        "var": [3.6370411749e-07, 0.000695554539561, 0.000300166779198, 6.80088924128e-05, 9.49667228269e-05, 7.76092292654e-06, 9.10174276214e-06, 9.79402784651e-07, 5.68045550153e-07, 4.90506408823e-07, 8.89641285085e-07, 6.65830157232e-07, 1.92374272956e-07, 1.01245390738e-07, 5.65954856313e-08, 1.9229635484e-07, 1.3011270994e-07, 1.91106792613e-07, 1.92129718357e-07, 6.79758187516e-08, 8.79615527083e-08, 7.72399886273e-08, 1.64224587706e-07, 3.91002259903e-07, 1.07557707452e-06, 8.84915664301e-07, 1.29944908167e-07]
    },
    "erbbands": {
        "dmean": [0.263470292091, 3.55562710762, 10.6499729156, 14.6575670242, 16.0457229614, 20.0343723297, 16.0813446045, 10.4254150391, 15.5823040009, 16.4221420288, 9.69937515259, 7.8845949173, 9.04713535309, 11.0215415955, 13.8005571365, 9.21772289276, 8.10389995575, 8.87202644348, 7.06002616882, 8.84024047852, 14.8888750076, 13.6540279388, 13.5412797928, 11.8503675461, 11.3732128143, 7.70836782455, 6.49955940247, 6.88449668884, 6.07266998291, 5.14071512222, 6.66571331024, 8.10789585114, 6.45363235474, 5.40089893341, 4.45598697662, 2.59239315987, 0.843387722969, 0.293482422829, 0.0300398766994, 0.000457620539237],
        "dmean2": [0.410489559174, 5.72848176956, 17.7591018677, 24.6117630005, 27.8570690155, 34.1972808838, 27.4836521149, 17.43334198, 25.6699581146, 25.5019435883, 16.6567344666, 13.2890176773, 14.8541784286, 18.2601394653, 22.202041626, 14.8930940628, 13.6480464935, 15.1720294952, 11.8433208466, 15.1936626434, 26.8722953796, 23.0058708191, 22.7386493683, 19.294708252, 19.4885425568, 13.4676742554, 11.1558132172, 11.7252998352, 10.6332416534, 8.89200592041, 11.9651784897, 14.8802442551, 11.833190918, 9.91570854187, 8.33700847626, 4.82897138596, 1.55352640152, 0.541866540909, 0.0553669705987, 0.000834608275909],
        "dvar": [0.190334290266, 26.1069126129, 254.447189331, 504.899383545, 941.929382324, 1496.54089355, 895.925537109, 412.51776123, 1355.03527832, 1071.58447266, 370.771148682, 192.785873413, 235.084716797, 331.689056396, 728.931335449, 593.375915527, 329.315216064, 232.58354187, 132.532470703, 215.331619263, 1044.87194824, 405.972991943, 574.951416016, 383.079071045, 451.350982666, 163.475311279, 84.1354370117, 87.2921829224, 81.660118103, 68.2075119019, 147.666015625, 268.536499023, 184.964248657, 140.254577637, 106.391220093, 36.4720039368, 3.63037180901, 0.482966959476, 0.00619595637545, 1.24607549878e-06],
        "dvar2": [0.461438119411, 69.6295928955, 667.708190918, 1343.31933594, 2509.26904297, 3997.71411133, 2432.95751953, 1087.16333008, 3473.48535156, 2136.20263672, 993.895507812, 495.471069336, 573.361572266, 859.25, 1728.88574219, 1222.52478027, 815.611633301, 613.278320312, 331.059539795, 575.487182617, 2964.96923828, 1059.9597168, 1520.88574219, 962.826538086, 1223.20800781, 453.063659668, 222.156158447, 227.502349854, 221.233459473, 183.497375488, 411.490356445, 752.030578613, 512.899169922, 389.463134766, 296.651367188, 101.235115051, 9.98454380035, 1.32935464382, 0.0171027202159, 3.43587271345e-06],
        "max": [4.54547119141, 63.6547088623, 161.730697632, 196.957077026, 321.143188477, 482.465026855, 565.324462891, 539.59173584, 943.357299805, 827.442626953, 346.196472168, 250.971160889, 226.016418457, 451.264282227, 533.552490234, 916.808105469, 1163.7434082, 294.803894043, 232.184188843, 230.354293823, 307.407318115, 189.422470093, 325.711975098, 239.587890625, 214.085617065, 181.053222656, 105.102279663, 124.014633179, 93.6383590698, 150.859268188, 111.334823608, 134.461578369, 131.853393555, 109.33946228, 92.0789642334, 51.8014335632, 17.1155853271, 6.95648002625, 0.839977324009, 0.0114096617326],
        "mean": [0.330364584923, 5.05114793777, 14.0851783752, 18.7642498016, 17.691576004, 22.4962272644, 19.2014389038, 13.7350349426, 19.2806224823, 23.7900505066, 11.7880916595, 9.58683109283, 11.6193990707, 15.876832962, 18.6240959167, 12.4799671173, 10.7027730942, 10.2062015533, 9.07466125488, 10.4642715454, 14.6485433578, 17.4179973602, 16.815071106, 16.3388137817, 14.1979656219, 10.2858505249, 9.30634689331, 9.83340549469, 7.4647436142, 6.38013553619, 6.97836399078, 6.90735435486, 5.06934261322, 3.94512796402, 2.9212448597, 1.65418791771, 0.543787717819, 0.180835187435, 0.0183656532317, 0.000330200738972],
        "median": [0.113168552518, 2.04557752609, 7.96497535706, 10.0822038651, 8.41033363342, 9.02566242218, 7.51963996887, 6.50417089462, 7.17848825455, 8.78284263611, 4.94038629532, 4.45065736771, 5.59406852722, 8.20739173889, 8.20542907715, 5.74919271469, 5.62898206711, 5.29260349274, 4.82196569443, 5.28228664398, 6.56770849228, 10.217218399, 9.16563892365, 9.0139131546, 7.07379245758, 5.34086275101, 5.27969312668, 5.07789993286, 3.11573195457, 1.87707996368, 1.47428321838, 1.16558754444, 0.722435891628, 0.456287235022, 0.225193798542, 0.115833185613, 0.0374740324914, 0.00481884600595, 0.000174065877218, 7.31341642677e-05],
        "min": [2.74939331025e-22, 2.30033516134e-21, 5.14779375234e-21, 2.73517156934e-20, 3.55518220619e-20, 3.86120639798e-20, 7.91266110567e-20, 1.92789860919e-19, 2.05870843427e-19, 3.0661080501e-19, 6.09768389457e-19, 8.25917352661e-19, 8.40979432736e-19, 1.03208638177e-18, 3.15806370255e-18, 3.38412161741e-18, 3.67840518239e-18, 3.62685363226e-18, 2.85970647984e-18, 6.05131669893e-18, 6.82346953482e-18, 9.3349962561e-18, 8.71328234462e-18, 1.07409940207e-17, 7.87516723155e-18, 1.20870038202e-17, 7.6932635974e-18, 1.45665926844e-17, 1.46534234877e-17, 1.62106885981e-17, 1.72731491554e-17, 1.67642047768e-17, 1.19339646535e-17, 1.02006258779e-17, 7.07296416477e-18, 5.37932509546e-18, 2.7338654253e-18, 1.15019908785e-18, 3.17401091758e-19, 2.9164633871e-20],
        "var": [0.26999810338, 46.6512794495, 305.231506348, 546.907775879, 780.240844727, 1527.18457031, 1022.75164795, 581.41583252, 1676.33618164, 2543.95117188, 422.583862305, 235.012268066, 323.909729004, 549.986999512, 1132.92016602, 1164.82446289, 548.409179688, 241.0025177, 171.997299194, 217.262145996, 707.561401367, 444.577056885, 553.56640625, 456.553955078, 426.887817383, 177.994842529, 119.721099854, 145.108474731, 96.7445907593, 93.3108596802, 131.20211792, 181.738311768, 121.963638306, 88.9790344238, 64.2501449585, 22.151922226, 2.27254128456, 0.299319058657, 0.00381195917726, 7.78705953053e-07]
    },
    "gfcc": {
        "mean": [7.46183204651, 89.161605835, -84.5274734497, 48.4349555969, -45.0441360474, 12.533955574, -31.5684394836, 7.97772169113, -26.0354194641, -1.28395271301, -16.829126358, 2.15543580055, -13.2360200882],
        "cov": [[10658.8183594, -3202.62768555, 354.530487061, -287.01550293, -931.744873047, 504.252593994, -810.190979004, 576.014404297, -490.463226318, 274.855133057, -221.286529541, 296.349212646, -307.232788086], [-3202.62768555, 2714.84008789, -874.433227539, 170.637893677, 378.647460938, -530.458496094, 461.279815674, -401.995849609, 266.002685547, -174.768280029, 174.54876709, -187.876922607, 221.996826172], [354.530487061, -874.433227539, 1403.67150879, -126.384689331, 197.032516479, 257.54473877, -105.501113892, 144.175430298, -12.7736845016, 76.1604385376, -59.3789253235, 65.3255233765, -105.440216064], [-287.01550293, 170.637893677, -126.384689331, 441.124816895, 68.7456741333, 61.2165374756, 100.895988464, -29.1636810303, 53.3319206238, -14.3480978012, 30.1477928162, -19.787689209, 26.8088359833], [-931.744873047, 378.647460938, 197.032516479, 68.7456741333, 410.47064209, -9.69516944885, 161.235977173, -37.9691543579, 85.096206665, -12.1099824905, 40.2497444153, -11.80900383, 25.7050514221], [504.252593994, -530.458496094, 257.54473877, 61.2165374756, -9.69516944885, 318.401550293, -40.3098602295, 136.079727173, -19.7706375122, 38.2237892151, -10.6652746201, 37.9866409302, -35.380405426], [-810.190979004, 461.279815674, -105.501113892, 100.895988464, 161.235977173, -40.3098602295, 237.682388306, -37.9859046936, 109.585571289, -4.16460990906, 43.2026100159, -18.9726982117, 53.197807312], [576.014404297, -401.995849609, 144.175430298, -29.1636810303, -37.9691543579, 136.079727173, -37.9859046936, 206.189498901, -17.2612552643, 53.6524734497, 3.97901248932, 46.2605552673, -29.7608470917], [-490.463226318, 266.002685547, -12.7736845016, 53.3319206238, 85.096206665, -19.7706375122, 109.585571289, -17.2612552643, 144.502304077, 28.5194664001, 47.3228492737, -11.8891420364, 38.7793312073], [274.855133057, -174.768280029, 76.1604385376, -14.3480978012, -12.1099824905, 38.2237892151, -4.16460990906, 53.6524734497, 28.5194664001, 118.403572083, 11.9807128906, 35.2037010193, -4.89662265778], [-221.286529541, 174.54876709, -59.3789253235, 30.1477928162, 40.2497444153, -10.6652746201, 43.2026100159, 3.97901248932, 47.3228492737, 11.9807128906, 93.2787857056, 16.1774692535, 36.5975837708], [296.349212646, -187.876922607, 65.3255233765, -19.787689209, -11.80900383, 37.9866409302, -18.9726982117, 46.2605552673, -11.8891420364, 35.2037010193, 16.1774692535, 76.5393218994, 5.33368730545], [-307.232788086, 221.996826172, -105.440216064, 26.8088359833, 25.7050514221, -35.380405426, 53.197807312, -29.7608470917, 38.7793312073, -4.89662265778, 36.5975837708, 5.33368730545, 85.4801177979]],
        "icov": [[0.000182187868631, 9.06386194401e-05, 6.11905998085e-05, -3.84423619835e-05, 0.00014218655997, 1.63333716046e-05, 0.000221013964619, -0.00017466591089, 0.000132517670863, -0.000182278701686, 9.74793874775e-05, -0.000299553503282, 0.000179002658115], [9.06386194401e-05, 0.00163229194004, 0.000439034338342, 0.000107153762656, -0.000617739977315, 0.00122165028006, -0.00107600027695, 0.000748362683225, -0.000512781436555, 0.000784619071055, -0.00149567564949, 0.00183200323954, -0.000980215147138], [6.11905998085e-05, 0.000439034338342, 0.00137059320696, 0.000376570882509, -0.00117686192971, -0.000456554989796, 0.000667968008202, 8.40096690808e-05, -0.000814911152702, -4.68078433187e-05, 0.000445138808573, -0.000314682372846, 0.000626808090601], [-3.84423619835e-05, 0.000107153762656, 0.000376570882509, 0.00292834243737, -0.000263782538241, -0.00127276405692, -0.000990254338831, 0.000839356158394, -0.000357395474566, 0.000286110269371, -0.000558083760552, 0.000618705234956, -3.04663881252e-05], [0.00014218655997, -0.000617739977315, -0.00117686192971, -0.000263782538241, 0.00475073093548, -0.000275452941423, -0.00230666785501, 0.000127051986055, 0.000415210612118, 0.000166259997059, -0.000591480871662, -0.000852988567203, 0.000811183999758], [1.63333716046e-05, 0.00122165028006, -0.000456554989796, -0.00127276405692, -0.000275452941423, 0.00639878679067, -0.000653018534649, -0.00238577253185, -0.000154455221491, 0.000689173815772, -0.000820383895189, 0.000929976755287, -0.000568148039747], [0.000221013964619, -0.00107600027695, 0.000667968008202, -0.000990254338831, -0.00230666785501, -0.000653018534649, 0.0106661105528, -0.00139257416595, -0.00443304888904, -0.000321368250297, 0.00225868541747, -0.00182914372999, -0.000836318067741], [-0.00017466591089, 0.000748362683225, 8.40096690808e-05, 0.000839356158394, 0.000127051986055, -0.00238577253185, -0.00139257416595, 0.0089354403317, 4.2449508328e-05, -0.00121748598758, -0.00225489470176, -0.00092089822283, 0.00115487724543], [0.000132517670863, -0.000512781436555, -0.000814911152702, -0.000357395474566, 0.000415210612118, -0.000154455221491, -0.00443304888904, 4.2449508328e-05, 0.0144444741309, -0.00480183120817, -0.00380065781064, 0.00323572591878, -0.00190292869229], [-0.000182278701686, 0.000784619071055, -4.68078433187e-05, 0.000286110269371, 0.000166259997059, 0.000689173815772, -0.000321368250297, -0.00121748598758, -0.00480183120817, 0.0126811200753, -0.000638828438241, -0.00339713110588, 0.00056138006039], [9.74793874775e-05, -0.00149567564949, 0.000445138808573, -0.000558083760552, -0.000591480871662, -0.000820383895189, 0.00225868541747, -0.00225489470176, -0.00380065781064, -0.000638828438241, 0.0176298785955, -0.00615716725588, -0.00286986818537], [-0.000299553503282, 0.00183200323954, -0.000314682372846, 0.000618705234956, -0.000852988567203, 0.000929976755287, -0.00182914372999, -0.00092089822283, 0.00323572591878, -0.00339713110588, -0.00615716725588, 0.0224020071328, -0.00538173457608], [0.000179002658115, -0.000980215147138, 0.000626808090601, -3.04663881252e-05, 0.000811183999758, -0.000568148039747, -0.000836318067741, 0.00115487724543, -0.00190292869229, 0.00056138006039, -0.00286986818537, -0.00538173457608, 0.0185738299042]]
    },
    "melbands": {
        "dmean": [0.0031772851944, 0.00505735864863, 0.00243420456536, 0.00127044913825, 0.000634549011011, 0.000231988087762, 0.000237199899857, 0.000158823415404, 7.80452173785e-05, 5.06997457705e-05, 4.64385666419e-05, 4.5632608817e-05, 5.58439169254e-05, 2.82727523881e-05, 1.9308346964e-05, 1.73020689545e-05, 1.67131456692e-05, 1.19785963761e-05, 9.74169051915e-06, 1.44290297612e-05, 1.83996562555e-05, 1.45648618854e-05, 1.2996566511e-05, 1.20634949781e-05, 9.67154574028e-06, 1.0291712897e-05, 5.7370216382e-06, 5.16019326824e-06, 3.90775812775e-06, 4.20531068812e-06, 4.26562246503e-06, 3.77478909286e-06, 3.0812057048e-06, 2.81123107015e-06, 3.31106912199e-06, 5.56638042326e-06, 4.57891201222e-06, 4.5466786105e-06, 4.81470306113e-06, 4.39424775323e-06],
        "dmean2": [0.00499969301745, 0.0083298413083, 0.00404606666416, 0.00220311107114, 0.0010770347435, 0.000386586296372, 0.000387724285247, 0.000249059521593, 0.000135632973979, 8.50359356264e-05, 7.62867275625e-05, 7.60539041949e-05, 9.00881059351e-05, 4.59430339106e-05, 3.20927465509e-05, 2.93930606858e-05, 2.87663769996e-05, 2.01548591576e-05, 1.64614284586e-05, 2.55515842582e-05, 3.33483294526e-05, 2.46456183959e-05, 2.19570374611e-05, 2.02514311241e-05, 1.58314633154e-05, 1.76718112925e-05, 9.90275566437e-06, 9.07381217985e-06, 6.69141900289e-06, 7.19441050023e-06, 7.34996592655e-06, 6.66375217406e-06, 5.39918391951e-06, 4.87878696731e-06, 5.8714831539e-06, 1.02472649814e-05, 8.37115658214e-06, 8.34553065943e-06, 8.85459576239e-06, 8.06216030469e-06],
        "dvar": [2.29408524319e-05, 4.47480997536e-05, 1.3595481505e-05, 6.24086760581e-06, 1.37596396144e-06, 1.88875276308e-07, 2.78312455748e-07, 9.53394163616e-08, 2.56350745076e-08, 7.37753991231e-09, 6.34405150635e-09, 6.36146202382e-09, 1.3569464663e-08, 5.96084825943e-09, 1.78548287266e-09, 1.08134745602e-09, 8.69913863166e-10, 4.261869746e-10, 2.31668545458e-10, 7.45427497506e-10, 1.72664671449e-09, 4.61585131228e-10, 4.26783025587e-10, 4.78224071454e-10, 2.6485966198e-10, 3.97893190618e-10, 1.01643915507e-10, 7.37164218556e-11, 2.97522562143e-11, 3.79638855075e-11, 3.29819227485e-11, 3.08744557698e-11, 2.86589085796e-11, 2.08383622857e-11, 3.39780148462e-11, 1.26403887357e-10, 8.42559841341e-11, 9.33254931668e-11, 1.06442882286e-10, 9.40024932894e-11],
        "dvar2": [5.77514147153e-05, 0.00012012438674, 3.52159877366e-05, 1.71101164597e-05, 3.66875019608e-06, 4.95165011216e-07, 7.09672747234e-07, 1.94927395114e-07, 6.92486210596e-08, 1.88901783105e-08, 1.5436812717e-08, 1.62899418399e-08, 3.24359668014e-08, 1.23145786901e-08, 3.99786115324e-09, 2.71142219788e-09, 2.32280217283e-09, 1.05367081726e-09, 5.94675142462e-10, 2.09182715594e-09, 4.91879470488e-09, 1.20818954841e-09, 1.11222731025e-09, 1.2648031511e-09, 6.71457556223e-10, 1.08044695413e-09, 2.78054579361e-10, 2.05633718386e-10, 7.87035298044e-11, 1.0009269108e-10, 8.65935170791e-11, 8.36033672846e-11, 7.96104293599e-11, 5.53256954139e-11, 9.37791372335e-11, 3.56088936115e-10, 2.35169633767e-10, 2.59367000099e-10, 2.94955199154e-10, 2.61351107422e-10],
        "max": [0.0549494214356, 0.0649461746216, 0.031763151288, 0.0263878237456, 0.0174072682858, 0.0110004311427, 0.0137821994722, 0.00773197645321, 0.00269826268777, 0.00141092576087, 0.0013404272031, 0.00196663523093, 0.0023308810778, 0.00269382051192, 0.00156479154248, 0.00187205011025, 0.000521640409715, 0.00052107492229, 0.000271181255812, 0.00048645172501, 0.00043388857739, 0.000219364665099, 0.00028658710653, 0.000270322168944, 0.000222796952585, 0.000251960998867, 0.000126853046822, 0.000129221763927, 6.54164978187e-05, 8.04196024546e-05, 7.42971460568e-05, 7.02629986336e-05, 5.27722404513e-05, 9.8122676718e-05, 7.24508354324e-05, 9.99864641926e-05, 7.26448561181e-05, 9.73445858108e-05, 0.000102331548987, 9.72178895609e-05],
        "mean": [0.00429674237967, 0.00755103025585, 0.00326227815822, 0.00141958764289, 0.000766917073634, 0.000309577328153, 0.000304178131046, 0.000228157397942, 8.79302606336e-05, 6.13015872659e-05, 5.86779278819e-05, 6.34725729469e-05, 7.24036799511e-05, 3.52195711457e-05, 2.58758445852e-05, 2.16380467464e-05, 1.82758922165e-05, 1.45854910443e-05, 1.24349371617e-05, 1.47767432281e-05, 1.7441878299e-05, 1.82046242116e-05, 1.57408121595e-05, 1.47609189298e-05, 1.29432282847e-05, 1.20637314467e-05, 7.60366219765e-06, 6.5480385274e-06, 5.46926958123e-06, 5.79667766942e-06, 5.86475152886e-06, 4.42156533609e-06, 3.62261835107e-06, 3.45626199305e-06, 3.72215299649e-06, 4.75166871183e-06, 3.90098921343e-06, 3.58201168638e-06, 3.52419147021e-06, 3.2073037346e-06],
        "median": [0.00161854876205, 0.00473985914141, 0.00188867095858, 0.000671512680128, 0.000314212869853, 0.000145465543028, 0.000118719399325, 8.73795943335e-05, 3.34656615451e-05, 2.72956131084e-05, 2.77471554e-05, 3.15374927595e-05, 2.69563788606e-05, 1.47792206917e-05, 1.25275091705e-05, 1.15915881906e-05, 8.97754762264e-06, 7.32809485271e-06, 6.89632997819e-06, 6.64588014843e-06, 7.33163369659e-06, 1.03802422018e-05, 8.6805475803e-06, 7.6356163845e-06, 7.00080272509e-06, 5.69771964365e-06, 3.86112878914e-06, 3.27563020619e-06, 3.10628115585e-06, 2.87890361506e-06, 3.02404555441e-06, 1.89624381619e-06, 1.14005717933e-06, 9.5687346402e-07, 8.13510041553e-07, 8.04058174708e-07, 6.57247710478e-07, 5.00310193274e-07, 4.18026843363e-07, 3.70476840317e-07],
        "min": [4.1599325548e-24, 2.18743832054e-24, 7.03878892054e-24, 4.47643025529e-24, 2.24006500647e-24, 4.44190536334e-24, 2.94016229656e-24, 3.627138266e-24, 5.61837070776e-24, 5.16412369372e-24, 4.00929325406e-24, 3.57386806679e-24, 8.21101650417e-24, 1.07362675469e-23, 8.46670920052e-24, 5.84930421574e-24, 5.94736041512e-24, 2.98895886557e-24, 7.35366906174e-24, 4.64073104919e-24, 7.96046718093e-24, 9.4114371877e-24, 8.65629614187e-24, 5.115716822e-24, 9.01992552044e-24, 5.01368949682e-24, 6.97828250025e-24, 7.48018026284e-24, 4.7509096741e-24, 4.62216875766e-24, 7.20608107499e-24, 7.62136427677e-24, 8.05534505972e-24, 9.10320241076e-24, 9.54554038615e-24, 1.00224494018e-23, 9.39762344439e-24, 7.50867786304e-24, 8.18514817737e-24, 8.37876935339e-24],
        "var": [3.7846442865e-05, 7.13787230779e-05, 1.52840293595e-05, 5.06636524733e-06, 1.55960310622e-06, 2.76952590639e-07, 3.59347211543e-07, 2.21742823214e-07, 2.65866084703e-08, 9.31087917877e-09, 8.6295131041e-09, 1.00626680322e-08, 2.08341823793e-08, 9.34632282679e-09, 3.5216174421e-09, 1.6623933341e-09, 8.4112639076e-10, 5.23438625777e-10, 2.77513650948e-10, 5.70696545577e-10, 1.14333142953e-09, 5.06825525992e-10, 4.42971326287e-10, 4.64087906993e-10, 3.07757680451e-10, 3.59586110887e-10, 1.07592622312e-10, 7.70962738095e-11, 4.19831704124e-11, 5.77846902272e-11, 5.05211497637e-11, 3.47768168429e-11, 2.98517079111e-11, 3.0320256722e-11, 3.66198044111e-11, 8.47859907283e-11, 5.81814388334e-11, 6.1630242576e-11, 6.80695014244e-11, 5.96756047355e-11]
    },
    "mfcc": {
        "mean": [-642.132629395, 117.050994873, 22.5624256134, 40.295337677, 13.6257791519, 10.3678665161, 6.87660741806, 9.08305454254, 1.05714249611, -3.15439605713, -0.998944818974, 1.7694684267, -2.88287949562],
        "cov": [[8029.24658203, -1557.66821289, -131.452194214, -500.528961182, -354.372558594, -380.797241211, -177.961196899, -90.2453765869, -184.015380859, 5.49142122269, -154.64276123, -60.471824646, 81.8216552734], [-1557.66821289, 1677.30883789, -489.904205322, 311.731689453, -73.9942932129, 32.3633079529, -4.98965215683, -50.9407234192, 21.3890228271, -74.2931900024, 44.7893600464, 16.6425762177, -40.3609542847], [-131.452194214, -489.904205322, 931.197937012, -166.526031494, 271.336791992, 48.4503097534, 42.8911857605, 44.8880348206, 32.7620506287, 49.8843803406, 18.6563148499, 28.9673671722, 19.3269805908], [-500.528961182, 311.731689453, -166.526031494, 383.976623535, 9.89086151123, 103.550575256, 34.0216217041, 22.2044487, 30.8839359283, -12.7032766342, 43.502040863, 22.4405269623, -20.0866889954], [-354.372558594, -73.9942932129, 271.336791992, 9.89086151123, 276.688446045, 80.1572494507, 73.5980148315, 58.4676208496, 25.9091377258, 19.9659004211, 32.8662414551, 18.6827545166, 10.5518245697], [-380.797241211, 32.3633079529, 48.4503097534, 103.550575256, 80.1572494507, 198.520980835, 48.815196991, 37.063243866, 50.089515686, 13.8612480164, 39.5346679688, 22.4501266479, -5.90837240219], [-177.961196899, -4.98965215683, 42.8911857605, 34.0216217041, 73.5980148315, 48.815196991, 115.636505127, 60.6788520813, 33.3630409241, 15.4310722351, 22.1053981781, 14.6001968384, 10.6029024124], [-90.2453765869, -50.9407234192, 44.8880348206, 22.2044487, 58.4676208496, 37.063243866, 60.6788520813, 126.966674805, 29.7673587799, 30.1746520996, 17.6752738953, 4.2854681015, 22.0846748352], [-184.015380859, 21.3890228271, 32.7620506287, 30.8839359283, 25.9091377258, 50.089515686, 33.3630409241, 29.7673587799, 97.3017120361, 37.0476303101, 30.2525691986, 24.4199237823, 6.28121805191], [5.49142122269, -74.2931900024, 49.8843803406, -12.7032766342, 19.9659004211, 13.8612480164, 15.4310722351, 30.1746520996, 37.0476303101, 88.8797988892, 24.5149669647, 11.9272480011, 26.9998550415], [-154.64276123, 44.7893600464, 18.6563148499, 43.502040863, 32.8662414551, 39.5346679688, 22.1053981781, 17.6752738953, 30.2525691986, 24.5149669647, 81.8396911621, 42.9745979309, 10.0021009445], [-60.471824646, 16.6425762177, 28.9673671722, 22.4405269623, 18.6827545166, 22.4501266479, 14.6001968384, 4.2854681015, 24.4199237823, 11.9272480011, 42.9745979309, 69.5019378662, 25.7098922729], [81.8216552734, -40.3609542847, 19.3269805908, -20.0866889954, 10.5518245697, -5.90837240219, 10.6029024124, 22.0846748352, 6.28121805191, 26.9998550415, 10.0021009445, 25.7098922729, 66.2746353149]],
