{
"lowlevel": {
    "average_loudness": 0.899972438812,
    "barkbands_crest": {
        "dmean": 2.97886586189,
        "dmean2": 4.52498483658,
        "dvar": 8.53161430359,
        "dvar2": 16.9291954041,
        "max": 25.9408073425,
        "mean": 11.6390447617,
        "median": 10.4948511124,
        "min": 2.03705024719,
        "var": 37.8236312866
    },
    "barkbands_flatness_db": {
        "dmean": 0.0294617656618,
        "dmean2": 0.0413201935589,
        "dvar": 0.000852718774695,
        "dvar2": 0.00171719153877,
        "max": 0.414690166712,
        "mean": 0.115219205618,
        "median": 0.107032835484,
        "min": 0.0178695432842,
        "var": 0.00319928792305
    },
    "barkbands_kurtosis": {
        "dmean": 2.99403834343,
        "dmean2": 4.57414627075,
        "dvar": 27.2797775269,
        "dvar2": 60.8219604492,
        "max": 129.422744751,
        "mean": 3.80046629906,
        "median": 1.09688711166,
        "min": -1.84338355064,
        "var": 62.3179664612
    },
    "barkbands_skewness": {
        "dmean": 0.616581618786,
        "dmean2": 0.886640369892,
        "dvar": 0.421812027693,
        "dvar2": 0.872089445591,
        "max": 10.1783742905,
        "mean": 1.5179899931,
        "median": 1.30423808098,
        "min": -2.3592839241,
        "var": 1.78655052185
    },
    "barkbands_spread": {
        "dmean": 7.1309337616,
        "dmean2": 10.8633079529,
        "dvar": 57.2803153992,
        "dvar2": 126.751327515,
        "max": 111.762756348,
        "mean": 25.0327987671,
        "median": 23.1943511963,
        "min": 0.567644774914,
        "var": 156.450256348
    },
    "dissonance": {
        "dmean": 0.0139765469357,
        "dmean2": 0.0234263464808,
        "dvar": 0.000196222477825,
        "dvar2": 0.000517700274941,
        "max": 0.500000059605,
        "mean": 0.476365149021,
        "median": 0.480901509523,
        "min": 0.216614618897,
        "var": 0.000353889830876
    },
    "dynamic_complexity": 2.75315070152,
    "erbbands_crest": {
        "dmean": 2.50373983383,
        "dmean2": 3.94275212288,
        "dvar": 6.26740884781,
        "dvar2": 13.8724184036,
        "max": 32.9770545959,
        "mean": 7.92574167252,
        "median": 6.7596449852,
        "min": 2.04958891869,
        "var": 18.4019012451
    },
    "erbbands_flatness_db": {
        "dmean": 0.0190131664276,
        "dmean2": 0.0269094742835,
        "dvar": 0.000339504418662,
        "dvar2": 0.000655121693853,
        "max": 0.34881606698,
        "mean": 0.137322545052,
        "median": 0.129760205746,
        "min": 0.0367121770978,
        "var": 0.00189516297542
    },
    "erbbands_kurtosis": {
        "dmean": 0.726019501686,
        "dmean2": 1.11864411831,
        "dvar": 2.1482167244,
        "dvar2": 3.84077715874,
        "max": 65.3962478638,
        "mean": 0.277671337128,
        "median": -0.140583276749,
        "min": -1.80739104748,
        "var": 6.30465364456
    },
    "erbbands_skewness": {
        "dmean": 0.304293006659,
        "dmean2": 0.462050706148,
        "dvar": 0.0841833725572,
        "dvar2": 0.186579152942,
        "max": 4.03453493118,
        "mean": 0.100124880672,
        "median": 0.090668104589,
        "min": -5.90758323669,
        "var": 0.267276793718
    },
    "erbbands_spread": {
        "dmean": 7.69769859314,
        "dmean2": 11.3232870102,
        "dvar": 52.0643920898,
        "dvar2": 110.874450684,
        "max": 131.821624756,
        "mean": 37.2153320312,
        "median": 35.2610244751,
        "min": 1.44395196438,
        "var": 231.936477661
    },
    "hfc": {
        "dmean": 10.3966398239,
        "dmean2": 15.1803789139,
        "dvar": 195.163742065,
        "dvar2": 451.604187012,
        "max": 134.488998413,
        "mean": 25.7551059723,
        "median": 21.0961818695,
        "min": 1.10480360195e-16,
        "var": 406.856994629
    },
    "melbands_crest": {
        "dmean": 4.3907160759,
        "dmean2": 6.64703273773,
        "dvar": 18.0782604218,
        "dvar2": 33.932964325,
        "max": 37.7908172607,
        "mean": 17.4542427063,
        "median": 17.3046627045,
        "min": 1.65936410427,
        "var": 70.6412658691
    },
    "melbands_flatness_db": {
        "dmean": 0.036300804466,
        "dmean2": 0.0499695837498,
        "dvar": 0.00126419623848,
        "dvar2": 0.00239291833714,
        "max": 0.552296757698,
        "mean": 0.181580409408,
        "median": 0.176182121038,
        "min": 0.00417319405824,
        "var": 0.00580638321117
    },
    "melbands_kurtosis": {
        "dmean": 8.3654127121,
        "dmean2": 12.6237421036,
        "dvar": 207.608718872,
        "dvar2": 480.738494873,
        "max": 256.272155762,
        "mean": 14.2099237442,
        "median": 6.62431335449,
        "min": -1.84846448898,
        "var": 453.971801758
    },
    "melbands_skewness": {
        "dmean": 0.882460832596,
        "dmean2": 1.2733232975,
        "dvar": 0.920707702637,
        "dvar2": 1.91828072071,
        "max": 14.6067237854,
        "mean": 2.77431297302,
        "median": 2.40106201172,
        "min": -1.42104744911,
        "var": 3.87100887299
    },
    "melbands_spread": {
        "dmean": 8.72298336029,
        "dmean2": 12.9242734909,
        "dvar": 99.9668807983,
        "dvar2": 206.642150879,
        "max": 185.970840454,
        "mean": 27.1749210358,
        "median": 22.7581386566,
        "min": 0.63226801157,
        "var": 388.941802979
    },
    "pitch_salience": {
        "dmean": 0.0915984213352,
        "dmean2": 0.138960912824,
        "dvar": 0.00790168065578,
        "dvar2": 0.0156771168113,
        "max": 0.989536821842,
        "mean": 0.48831781745,
        "median": 0.513018012047,
        "min": 0.0667131990194,
        "var": 0.0303098782897
    },
    "silence_rate_20dB": {
        "dmean": 0,
        "dmean2": 0,
        "dvar": 0,
        "dvar2": 0,
        "max": 1,
        "mean": 1,
        "median": 1,
        "min": 1,
        "var": 0
    },
    "silence_rate_30dB": {
        "dmean": 0.0746079683304,
        "dmean2": 0.149230465293,
        "dvar": 0.0690340548754,
        "dvar2": 0.167861074209,
        "max": 1,
        "mean": 0.93630695343,
        "median": 1,
        "min": 0,
        "var": 0.0596348121762
    },
    "silence_rate_60dB": {
        "dmean": 0.015389110893,
        "dmean2": 0.0307812187821,
        "dvar": 0.0151548730209,
        "dvar2": 0.0335339866579,
        "max": 1,
        "mean": 0.0629139095545,
        "median": 0,
        "min": 0,
        "var": 0.0589592307806
    },
    "spectral_centroid": {
        "dmean": 288.465209961,
        "dmean2": 420.312744141,
        "dvar": 92724.65625,
        "dvar2": 177031.125,
        "max": 12007.8359375,
        "mean": 1665.13439941,
        "median": 1609.61425781,
        "min": 210.7762146,
        "var": 488275.90625
    },
    "spectral_complexity": {
        "dmean": 6.11084032059,
        "dmean2": 8.74556827545,
        "dvar": 38.4152107239,
        "dvar2": 73.8468933105,
        "max": 60,
        "mean": 24.8527469635,
        "median": 24,
        "min": 0,
        "var": 140.505615234
    },
    "spectral_decrease": {
        "dmean": 4.28241397898e-09,
        "dmean2": 6.30216367981e-09,
        "dvar": 3.71064189979e-17,
        "dvar2": 8.8513692291e-17,
        "max": 2.10204323777e-28,
        "mean": -1.10120987884e-08,
        "median": -8.1919822037e-09,
        "min": -6.52152110092e-08,
        "var": 9.81381107716e-17
    },
    "spectral_energy": {
        "dmean": 0.0167192909867,
        "dmean2": 0.0246252678335,
        "dvar": 0.000547804753296,
        "dvar2": 0.00129992770962,
        "max": 0.248700633645,
        "mean": 0.0438982062042,
        "median": 0.0337110236287,
        "min": 1.01195757488e-20,
        "var": 0.00147638749331
    },
    "spectral_energyband_high": {
        "dmean": 0.000760010501835,
        "dmean2": 0.0011212893296,
        "dvar": 1.34420940867e-06,
        "dvar2": 3.03553542835e-06,
        "max": 0.0105315679684,
        "mean": 0.00126913306303,
        "median": 0.000807627104223,
        "min": 6.95497982679e-21,
        "var": 2.20546030505e-06
    },
    "spectral_energyband_low": {
        "dmean": 0.0146046923473,
        "dmean2": 0.0223283600062,
        "dvar": 0.000542787427548,
        "dvar2": 0.0012966862414,
        "max": 0.237637713552,
        "mean": 0.0276234094054,
        "median": 0.00916883163154,
        "min": 3.96854369737e-23,
        "var": 0.00115218455903
    },
    "spectral_energyband_middle_high": {
        "dmean": 0.00260274717584,
        "dmean2": 0.00390686001629,
        "dvar": 9.57382962952e-06,
        "dvar2": 2.18072418647e-05,
        "max": 0.0371454618871,
        "mean": 0.00704652769491,
        "median": 0.00596165563911,
        "min": 1.3432641705e-21,
        "var": 2.94381407002e-05
    },
    "spectral_energyband_middle_low": {
        "dmean": 0.00503894453868,
        "dmean2": 0.00770412106067,
        "dvar": 7.57447342039e-05,
        "dvar2": 0.000150144740473,
        "max": 0.0732934698462,
        "mean": 0.0095875877887,
        "median": 0.00632026139647,
        "min": 2.09712802528e-22,
        "var": 0.000113240348583
    },
    "spectral_entropy": {
        "dmean": 0.164734363556,
        "dmean2": 0.236566707492,
        "dvar": 0.0307170674205,
        "dvar2": 0.0607279241085,
        "max": 9.82161331177,
        "mean": 7.84764099121,
        "median": 7.9186630249,
        "min": 6.13118124008,
        "var": 0.13272960484
    },
    "spectral_flux": {
        "dmean": 0.0374530367553,
        "dmean2": 0.0537646301091,
        "dvar": 0.00150496361312,
        "dvar2": 0.00298919132911,
        "max": 0.346996605396,
        "mean": 0.109009623528,
        "median": 0.0870752409101,
        "min": 6.41361616593e-11,
        "var": 0.00531167024747
    },
    "spectral_kurtosis": {
        "dmean": 1.33637881279,
        "dmean2": 2.19307184219,
        "dvar": 4.08760070801,
        "dvar2": 10.2505598068,
        "max": 59.1570549011,
        "mean": 3.91335868835,
        "median": 3.10041356087,
        "min": -1.33545565605,
        "var": 7.80178165436
    },
    "spectral_rms": {
        "dmean": 0.00112441903912,
        "dmean2": 0.00160376436543,
        "dvar": 1.68802887401e-06,
        "dvar2": 3.5023495002e-06,
        "max": 0.0155767379329,
        "mean": 0.00585425039753,
        "median": 0.00573487579823,
        "min": 3.1420942237e-12,
        "var": 8.55528287502e-06
    },
    "spectral_rolloff": {
        "dmean": 578.902282715,
        "dmean2": 895.544921875,
        "dvar": 552189.1875,
        "dvar2": 1130868.5,
        "max": 19789.0136719,
        "mean": 1572.56933594,
        "median": 1313.52539062,
        "min": 43.06640625,
        "var": 2516951
    },
    "spectral_skewness": {
        "dmean": 0.184264749289,
        "dmean2": 0.292049586773,
        "dvar": 0.0445848554373,
        "dvar2": 0.103453934193,
        "max": 5.71060848236,
        "mean": 1.44976270199,
        "median": 1.38802433014,
        "min": -0.121158584952,
        "var": 0.131204366684
    },
    "spectral_spread": {
        "dmean": 574273.5,
        "dmean2": 845578.5,
        "dvar": 853828501504,
        "dvar2": 1.56406133555e+12,
        "max": 51845900,
        "mean": 4804986,
        "median": 4803208,
        "min": 1135254.25,
        "var": 4.30042539622e+12
    },
    "spectral_strongpeak": {
        "dmean": 0.433770775795,
        "dmean2": 0.727533519268,
        "dvar": 0.533882081509,
        "dvar2": 1.30805110931,
        "max": 10.613940239,
        "mean": 0.789628863335,
        "median": 0.525417327881,
        "min": 0,
        "var": 0.770947694778
    },
    "zerocrossingrate": {
        "dmean": 0.0138443689793,
        "dmean2": 0.0155730135739,
        "dvar": 0.000199092406547,
        "dvar2": 0.000271621218417,
        "max": 0.84716796875,
        "mean": 0.0645797625184,
        "median": 0.05615234375,
        "min": 0.00244140625,
        "var": 0.00252051302232
    },
    "barkbands": {
        "dmean": [0.00128571991809, 0.0121796960011, 0.00544891459867, 0.00298983952962, 0.00164133077487, 0.000886167981662, 0.000548474374227, 0.00065351172816, 0.000646779953968, 0.000767433433793, 0.0005546870525, 0.000466913217679, 0.000559499952942, 0.000510681478772, 0.000411342625739, 0.000365501182387, 0.000333433214109, 0.000252665719017, 0.00022616199567, 0.000197370784008, 0.000185632728972, 0.000146074729855, 0.000120105571114, 0.000118524454592, 0.000102173915366, 5.88857838011e-05, 1.09284274004e-05],
        "dmean2": [0.00186783401296, 0.018830370158, 0.00921456702054, 0.00524339359254, 0.0028445024509, 0.00148444180377, 0.000863468856551, 0.000990229193121, 0.00101585523225, 0.00118251959793, 0.000874341349117, 0.000730398285668, 0.000871579628438, 0.000812726444565, 0.000653184892144, 0.000599568884354, 0.00054613762768, 0.000404266786063, 0.000354825489921, 0.000314094882924, 0.000287553179078, 0.000225028910791, 0.000185144497664, 0.000182356277946, 0.000155885660206, 9.15808195714e-05, 1.85359240277e-05],
        "dvar": [7.47460217099e-06, 0.000438060000306, 0.000186097982805, 7.01212484273e-05, 1.57458198373e-05, 2.35138668359e-06, 7.16398972145e-07, 1.15236173315e-06, 1.58755983648e-06, 1.47348487189e-06, 9.0120704499e-07, 8.5694586005e-07, 1.08415258637e-06, 8.73897704423e-07, 5.67808797314e-07, 3.17727284482e-07, 2.62366796733e-07, 1.35930534384e-07, 1.00201141606e-07, 7.77524391538e-08, 7.39271968087e-08, 4.93928027367e-08, 3.97679400521e-08, 4.27288995297e-08, 3.34242784561e-08, 9.98183935508e-09, 4.97598684479e-10],
        "dvar2": [1.53466680786e-05, 0.00104366708547, 0.000461625517346, 0.000182937219506, 4.24118952651e-05, 6.56830070511e-06, 1.67363180026e-06, 2.35355878431e-06, 3.67285679204e-06, 3.22411528941e-06, 1.98146381081e-06, 1.71503165802e-06, 2.50021093962e-06, 2.01376019504e-06, 1.31562217121e-06, 8.12832752217e-07, 6.62439049393e-07, 3.34819844738e-07, 2.26744020893e-07, 1.94384540464e-07, 1.6623828003e-07, 1.12381812301e-07, 9.20404019666e-08, 1.03078043878e-07, 7.73114834374e-08, 2.30474519469e-08, 1.29434341023e-09],
        "max": [0.0387985408306, 0.232122838497, 0.0927761793137, 0.0583264902234, 0.0355788618326, 0.0214007869363, 0.0193246565759, 0.024737868458, 0.0255387499928, 0.0295524485409, 0.031399641186, 0.0273866839707, 0.0317654460669, 0.0187127869576, 0.0251575633883, 0.00929234363139, 0.013421763666, 0.00813342165202, 0.00587661890313, 0.003441961715, 0.0031267288141, 0.00265734666027, 0.00213803723454, 0.00276907696389, 0.00198564399034, 0.000880159903318, 0.000279323314317],
        "mean": [0.00165561167523, 0.0203606300056, 0.00435702921823, 0.00231797760352, 0.00181513139978, 0.00151311932132, 0.00101609982084, 0.00116452889051, 0.0010152811883, 0.00130314612761, 0.000909978698473, 0.000784362026025, 0.000926903798245, 0.000805945834145, 0.000682313402649, 0.000554852478672, 0.000499401998241, 0.000412452442106, 0.000381708581699, 0.000324329652358, 0.000309976981953, 0.000236261359532, 0.000181232288014, 0.000163775272085, 0.000131449502078, 6.54475297779e-05, 9.2402797236e-06],
        "median": [0.00015592071577, 0.00357372267172, 0.000528422708157, 0.000348195288097, 0.000703883182723, 0.000930515292566, 0.00055901799351, 0.000530697172508, 0.000441188225523, 0.00069320743205, 0.000457106682006, 0.000390791479731, 0.000409241969464, 0.000404988357332, 0.000384519691579, 0.00031058723107, 0.000299434759654, 0.000265793467406, 0.000247782183578, 0.000220036657993, 0.000185162731213, 0.000141645097756, 0.000104664926766, 9.03139007278e-05, 5.51333469048e-05, 2.27616728807e-05, 1.6469887214e-06],
        "min": [2.66541367897e-24, 7.16283808675e-24, 4.1153248865e-25, 6.03390358402e-24, 1.37812864182e-23, 2.17061483622e-23, 8.37719478702e-24, 1.40596470327e-23, 3.31453667063e-23, 2.73434619869e-23, 3.16562749963e-23, 3.29425978992e-23, 4.36507535989e-23, 3.23377845541e-23, 7.59091251033e-23, 5.11352576083e-23, 8.97915434896e-23, 1.07343067542e-22, 1.4918585292e-22, 2.19161993021e-22, 2.58928938259e-22, 4.00119843677e-22, 4.9513636004e-22, 6.55250183174e-22, 9.42794350261e-22, 1.33997847017e-21, 1.89966955214e-21],
        "var": [1.3990484149e-05, 0.000825487426482, 0.000153189816047, 4.99023226439e-05, 1.23102254292e-05, 3.39643156622e-06, 1.96936071006e-06, 3.42913267559e-06, 2.86770000457e-06, 3.31536330123e-06, 1.98560678655e-06, 1.86597765151e-06, 2.42972873821e-06, 1.68219332863e-06, 1.07985886189e-06, 5.26295593772e-07, 3.96680206904e-07, 2.21854037363e-07, 1.81015039402e-07, 1.24490469489e-07, 1.34763496362e-07, 8.14325034071e-08, 5.71680622841e-08, 5.35920214872e-08, 4.37010356791e-08, 1.17761231877e-08, 4.07942124525e-10]
    },
    "erbbands": {
        "dmean": [0.510000169277, 2.3343360424, 5.3191781044, 8.47131252289, 6.51519584656, 5.69676113129, 8.07812404633, 7.07108545303, 7.75405883789, 10.5740270615, 13.2036209106, 17.0258693695, 25.1265201569, 16.9530830383, 21.588060379, 22.3948116302, 25.3988437653, 28.6095046997, 20.0285797119, 20.7921504974, 17.8845844269, 14.8494815826, 14.2510347366, 12.3367710114, 10.4729766846, 9.64042568207, 7.91597414017, 6.92352628708, 5.47686100006, 4.78646755219, 3.20213770866, 2.78863573074, 1.7409774065, 1.0760859251, 0.754213273525, 0.316908568144, 0.0982155278325, 0.0221308674663, 0.00168517918792, 4.04256097681e-05],
        "dmean2": [0.738580644131, 3.56549715996, 8.37117385864, 14.0448198318, 11.1031780243, 10.2832021713, 14.2832593918, 11.7241334915, 12.0678882599, 16.668264389, 19.7732276917, 26.6211795807, 38.9085121155, 26.7456893921, 33.534160614, 34.5561943054, 39.4814872742, 45.2676010132, 31.4912796021, 33.3252258301, 29.2738704681, 24.1884651184, 22.8462848663, 19.3272476196, 16.3398284912, 15.3527240753, 12.3421115875, 10.7103404999, 8.52627658844, 7.43786239624, 4.95020914078, 4.29957151413, 2.69921445847, 1.66305112839, 1.15986132622, 0.493834733963, 0.153667598963, 0.0355835780501, 0.0028637368232, 6.39073623461e-05],
        "dvar": [0.849871039391, 15.8108301163, 141.253707886, 467.27331543, 276.446136475, 238.955032349, 369.483306885, 129.29864502, 138.624389648, 351.630157471, 515.88470459, 1158.96118164, 1751.00549316, 873.140258789, 1418.56005859, 2170.92822266, 2273.77172852, 2571.52392578, 1280.04907227, 1962.2557373, 723.885131836, 450.092468262, 441.00604248, 360.974273682, 237.358917236, 190.961898804, 128.128952026, 109.64528656, 76.4511032104, 61.876739502, 27.5448703766, 23.9552440643, 9.1559047699, 3.42618155479, 1.93190944195, 0.311841785908, 0.0267814714462, 0.00159574428108, 1.28554347611e-05, 4.13851575232e-09],
        "dvar2": [2.0360724926, 36.109992981, 326.397674561, 1148.61401367, 701.332519531, 678.962768555, 1055.59777832, 348.404663086, 330.170349121, 785.192138672, 985.73059082, 2668.71801758, 3875.40356445, 1969.24658203, 3052.08007812, 4271.15478516, 5248.01074219, 5929.61914062, 2864.09350586, 4768.765625, 1856.81530762, 1123.24194336, 1061.08178711, 838.567626953, 543.257751465, 478.966308594, 296.795227051, 247.152420044, 180.659484863, 141.593307495, 64.2241668701, 58.0145149231, 21.724237442, 7.94842672348, 4.45586442947, 0.714493572712, 0.0635778978467, 0.00401535071433, 3.3254353184e-05, 1.01757473558e-08],
        "max": [9.1520242691, 45.4425621033, 98.6388397217, 158.521896362, 157.337005615, 142.460754395, 192.903137207, 187.815826416, 237.39302063, 473.095947266, 664.512207031, 705.299072266, 969.374389648, 940.708312988, 935.837768555, 1416.62573242, 1312.34204102, 1022.3840332, 1265.95080566, 2082.00878906, 542.237609863, 397.521392822, 469.339141846, 463.126403809, 209.138565063, 169.106170654, 131.244674683, 112.407447815, 99.5720748901, 90.8833007812, 73.6035461426, 64.1085357666, 35.7573242188, 19.3324661255, 16.1082744598, 5.29233169556, 1.58137333393, 0.414959609509, 0.0453317090869, 0.000802460766863],
        "mean": [0.782831549644, 3.76935744286, 5.26481056213, 7.11697006226, 6.12082862854, 5.60236978531, 10.2287406921, 12.0633850098, 15.2580251694, 18.9071884155, 24.0073337555, 28.1073875427, 42.3374519348, 30.0588970184, 37.8833808899, 39.3473320007, 44.1491928101, 48.9181060791, 34.2252578735, 35.7001152039, 29.4442558289, 23.6031856537, 23.7858600616, 20.8926086426, 17.7394790649, 15.7424535751, 13.6146430969, 11.0852689743, 8.61591148376, 7.17846345901, 4.98689556122, 3.88538694382, 2.37812638283, 1.45925307274, 0.937269628048, 0.362201571465, 0.104116931558, 0.0217436347157, 0.00142063770909, 7.70792830735e-05],
        "median": [0.122302785516, 0.701424837112, 0.923006176949, 1.18927955627, 1.59161114693, 1.93037807941, 4.08485603333, 7.20650672913, 9.2419757843, 9.07117843628, 11.8382091522, 13.1291770935, 22.6463661194, 18.4169616699, 20.4727935791, 20.5213470459, 21.9568748474, 26.9247665405, 19.7718753815, 21.8745498657, 18.8603630066, 15.2982168198, 15.6202850342, 13.2436084747, 11.4004478455, 10.6248645782, 8.56685829163, 6.39131307602, 5.04768848419, 4.20504665375, 2.8447933197, 2.16567587852, 1.2793712616, 0.678694963455, 0.366805076599, 0.130189269781, 0.0334430411458, 0.00638072192669, 0.000232806720305, 5.74765253987e-05],
        "min": [1.27576743916e-22, 1.47076822562e-21, 1.2164675406e-21, 1.61561572978e-20, 3.25973267843e-20, 4.8104539889e-20, 9.6223671761e-20, 2.18994774704e-19, 1.78086299016e-19, 1.81893966472e-19, 5.25041985374e-19, 7.54482293455e-19, 9.13413260833e-19, 1.15704224966e-18, 1.81375562042e-18, 1.2822560945e-18, 1.62629870923e-18, 2.21812182889e-18, 3.98658083218e-18, 4.30352501004e-18, 3.78219318821e-18, 6.47239009462e-18, 6.63449805593e-18, 9.72949606102e-18, 8.43138415494e-18, 8.62389886199e-18, 1.0901849217e-17, 1.2022697145e-17, 1.17073717596e-17, 1.26004521972e-17, 1.20106864825e-17, 1.3472086323e-17, 1.20890237952e-17, 9.66169785647e-18, 7.06813012127e-18, 4.93986388834e-18, 2.07860644485e-18, 1.04415928961e-18, 2.77411303538e-19, 2.75882118004e-20],
        "var": [1.43316590786, 32.3390731812, 150.935943604, 386.762634277, 219.57043457, 159.017486572, 338.347167969, 241.165878296, 353.899993896, 996.44342041, 1514.49072266, 2134.90283203, 3891.98046875, 1710.1003418, 3317.6796875, 4765.23388672, 5058.4140625, 5088.49169922, 2523.8828125, 3417.24780273, 1204.8371582, 683.131652832, 736.383544922, 654.888977051, 400.810333252, 299.169952393, 240.312530518, 185.260269165, 114.528938293, 89.3382415771, 41.1432762146, 29.5449447632, 11.8196783066, 4.68534851074, 2.46692919731, 0.378268778324, 0.0292375907302, 0.00151038053446, 1.05614617496e-05, 5.93685278716e-09]
    },
    "gfcc": {
        "mean": [22.6600208282, 76.4497146606, -122.130195618, 30.0312404633, -52.0523529053, 22.1435565948, -29.2486820221, 13.6963186264, -18.4241371155, 9.6765127182, -12.5118312836, 4.80786705017, -9.98588085175],
        "cov": [[11569.9404297, -772.457885742, 35.9134101868, 418.826690674, -196.811187744, 502.964996338, -68.4038085938, 487.097930908, -84.3754425049, 385.784484863, -95.2122421265, 260.13861084, -91.140007019], [-772.457885742, 1421.48791504, -230.074005127, -82.3057556152, 162.702148438, -140.540878296, 95.4000473022, -160.266494751, 81.3398895264, -147.452072144, 108.344612122, -108.828994751, 80.6625671387], [35.9134101868, -230.074005127, 715.358276367, 194.402160645, 149.869491577, 184.740509033, 95.1852874756, 127.296043396, 38.9390296936, 104.08177948, 25.4650020599, 78.5973358154, 14.8500585556], [418.826690674, -82.3057556152, 194.402160645, 278.197601318, 87.3396682739, 116.770011902, 58.4933204651, 47.1340255737, 11.018746376, 28.3904285431, 0.185526907444, 10.1005744934, -3.72713518143], [-196.811187744, 162.702148438, 149.869491577, 87.3396682739, 238.294784546, 92.4760360718, 112.471366882, 47.1239700317, 64.9419784546, 31.8431224823, 58.7258377075, 11.2950391769, 23.4187679291], [502.964996338, -140.540878296, 184.740509033, 116.770011902, 92.4760360718, 231.9637146, 101.625740051, 112.684829712, 50.6258201599, 89.4541625977, 48.7866020203, 36.0881004333, 3.92591261864], [-68.4038085938, 95.4000473022, 95.1852874756, 58.4933204651, 112.471366882, 101.625740051, 169.476135254, 86.1038970947, 78.8618469238, 41.5087432861, 63.1815299988, 11.7701711655, 25.1000518799], [487.097930908, -160.266494751, 127.296043396, 47.1340255737, 47.1239700317, 112.684829712, 86.1038970947, 190.48387146, 78.5490570068, 102.359413147, 40.2830505371, 48.2672195435, 15.7914876938], [-84.3754425049, 81.3398895264, 38.9390296936, 11.018746376, 64.9419784546, 50.6258201599, 78.8618469238, 78.5490570068, 126.03200531, 68.8990707397, 68.907409668, 18.9633102417, 31.6192417145], [385.784484863, -147.452072144, 104.08177948, 28.3904285431, 31.8431224823, 89.4541625977, 41.5087432861, 102.359413147, 68.8990707397, 147.965698242, 74.1530151367, 58.6592559814, 18.5616779327], [-95.2122421265, 108.344612122, 25.4650020599, 0.185526907444, 58.7258377075, 48.7866020203, 63.1815299988, 40.2830505371, 68.907409668, 74.1530151367, 133.866836548, 52.7078018188, 51.1262969971], [260.13861084, -108.828994751, 78.5973358154, 10.1005744934, 11.2950391769, 36.0881004333, 11.7701711655, 48.2672195435, 18.9633102417, 58.6592559814, 52.7078018188, 105.137611389, 48.2662353516], [-91.140007019, 80.6625671387, 14.8500585556, -3.72713518143, 23.4187679291, 3.92591261864, 25.1000518799, 15.7914876938, 31.6192417145, 18.5616779327, 51.1262969971, 48.2662353516, 86.3422470093]],
        "icov": [[0.000163138145581, -0.000205024902243, 0.000201730465051, -0.000259005028056, 0.000200761976885, -0.000361977727152, 0.000200516165933, -0.000438572780695, 0.000409677188145, -0.000552667537704, 0.000559602980502, -0.000643555540591, 0.00029897026252], [-0.000205024902243, 0.0018580815522, -0.000152368069394, 0.000463827076601, -0.00113585253712, 0.00112141878344, -0.000665632833261, 0.00133194064256, -0.00146803469397, 0.00235989526846, -0.00261134142056, 0.00270872935653, -0.00163671711925], [0.000201730465051, -0.000152368069394, 0.00251465849578, -0.00113571621478, -0.000789318524767, -0.000974062422756, 1.81875257113e-05, -0.000715993170161, 0.000863808847498, -0.00148818967864, 0.00174231291749, -0.00205435650423, 0.000378119904781], [-0.000259005028056, 0.000463827076601, -0.00113571621478, 0.00571905076504, -0.0013436001027, -0.0013986203121, -0.000661364756525, 0.00109003693797, -0.000218401153688, 0.00102899409831, 1.01649457065e-05, 0.00144553894643, -0.000798906257842], [0.000200761976885, -0.00113585253712, -0.000789318524767, -0.0013436001027, 0.0080926399678, -0.00154466531239, -0.002572710393, 0.000187984260265, -0.000697247160133, -0.000429600011557, 0.000110801673145, -0.0011873873882, 0.000885422923602], [-0.000361977727152, 0.00112141878344, -0.000974062422756, -0.0013986203121, -0.00154466531239, 0.0104956915602, -0.00376884476282, -0.000902045983821, 0.000659238256048, -0.00109404651448, -0.00274359202012, 0.00201449380256, 0.000371974281734], [0.000200516165933, -0.000665632833261, 1.81875257113e-05, -0.000661364756525, -0.002572710393, -0.00376884476282, 0.0147462747991, -0.00507224956527, -0.00300796120428, 0.00360615062527, -0.00312824640423, 0.00132669240702, -0.000251116551226], [-0.000438572780695, 0.00133194064256, -0.000715993170161, 0.00109003693797, 0.000187984260265, -0.000902045983821, -0.00507224956527, 0.0144611233845, -0.00573894428089, -0.00353139569052, 0.00261226785369, -0.000736111600418, -0.000991872395389], [0.000409677188145, -0.00146803469397, 0.000863808847498, -0.000218401153688, -0.000697247160133, 0.000659238256048, -0.00300796120428, -0.00573894428089, 0.0195020418614, -0.00743885431439, -0.00135189830326, 0.00193396466784, -0.00209411908872], [-0.000552667537704, 0.00235989526846, -0.00148818967864, 0.00102899409831, -0.000429600011557, -0.00109404651448, 0.00360615062527, -0.00353139569052, -0.00743885431439, 0.0225182771683, -0.0114928111434, 0.00013565379777, 0.00188885699026], [0.000559602980502, -0.00261134142056, 0.00174231291749, 1.01649457065e-05, 0.000110801673145, -0.00274359202012, -0.00312824640423, 0.00261226785369, -0.00135189830326, -0.0114928111434, 0.0227559432387, -0.00905793067068, -0.00218797940761], [-0.000643555540591, 0.00270872935653, -0.00205435650423, 0.00144553894643, -0.0011873873882, 0.00201449380256, 0.00132669240702, -0.000736111600418, 0.00193396466784, 0.00013565379777, -0.00905793067068, 0.0245029237121, -0.0118859875947], [0.00029897026252, -0.00163671711925, 0.000378119904781, -0.000798906257842, 0.000885422923602, 0.000371974281734, -0.000251116551226, -0.000991872395389, -0.00209411908872, 0.00188885699026, -0.00218797940761, -0.0118859875947, 0.0216250661761]]
    },
    "melbands": {
        "dmean": [0.00383284664713, 0.00252460478805, 0.00135810405482, 0.000356471049599, 0.000286018796032, 0.000160128576681, 0.00011758247274, 0.000119278593047, 0.000100712983112, 0.000112075656943, 0.000124807556858, 6.88347572577e-05, 7.56229273975e-05, 5.7441971876e-05, 4.75161541544e-05, 6.02377076575e-05, 5.83032815484e-05, 3.2119860407e-05, 2.57180727203e-05, 3.25020300807e-05, 2.12337345147e-05, 1.60892141139e-05, 1.81938939932e-05, 1.15969032777e-05, 1.04848213596e-05, 9.33220235311e-06, 6.55886879031e-06, 6.66578262098e-06, 5.15077908858e-06, 4.98737108501e-06, 3.88786293115e-06, 3.35127356266e-06, 2.82836299448e-06, 2.68913981927e-06, 1.98649763661e-06, 1.5099524262e-06, 1.83799113529e-06, 1.29790555548e-06, 1.02752460407e-06, 8.8757570893e-07],
        "dmean2": [0.00568854436278, 0.00371533422731, 0.00219371006824, 0.000595645047724, 0.000511657621246, 0.000264504866209, 0.000183111114893, 0.00018773850752, 0.000150809544721, 0.000175715264049, 0.000193384898012, 0.000108976310003, 0.000119222204376, 8.86603738763e-05, 7.39040551707e-05, 9.36740616453e-05, 9.27226574277e-05, 5.08341872774e-05, 4.11956571043e-05, 5.30963116034e-05, 3.47476598108e-05, 2.61960412899e-05, 3.02410953736e-05, 1.85361204785e-05, 1.67087800946e-05, 1.46751963257e-05, 1.05339304355e-05, 1.07465921246e-05, 8.20455716166e-06, 7.87665612734e-06, 6.12995609117e-06, 5.34333730684e-06, 4.43148474005e-06, 4.24159634349e-06, 3.13189934786e-06, 2.35642619373e-06, 2.88062938125e-06, 2.04802540793e-06, 1.61888067396e-06, 1.38819234508e-06],
        "dvar": [4.45299810963e-05, 2.02490464289e-05, 1.07997157102e-05, 7.1823461667e-07, 5.07330810251e-07, 6.65151844714e-08, 3.14051860073e-08, 4.45870362853e-08, 3.04930729556e-08, 5.11389366409e-08, 4.33880238404e-08, 1.53947414816e-08, 1.77012680069e-08, 1.11134577097e-08, 7.30212912359e-09, 1.35415358926e-08, 1.24855548123e-08, 3.21402437997e-09, 2.00036032183e-09, 3.20957260769e-09, 1.15865750328e-09, 6.16240614093e-10, 8.52133918983e-10, 3.27562671432e-10, 2.83929824096e-10, 2.00306729536e-10, 1.03385265626e-10, 8.87391271576e-11, 5.47149096863e-11, 5.81894844809e-11, 3.57144418206e-11, 3.06575390074e-11, 1.94421163197e-11, 2.17275867437e-11, 1.10739247633e-11, 5.59069500763e-12, 1.16703322353e-11, 4.99839492712e-12, 3.49107635161e-12, 2.3148319199e-12],
        "dvar2": [0.000106101062556, 4.38985916844e-05, 2.46288091148e-05, 1.77943286417e-06, 1.45948490626e-06, 1.81188369197e-07, 7.50467137323e-08, 9.9905520301e-08, 5.78638470472e-08, 1.18395661275e-07, 9.62826405271e-08, 3.44475061809e-08, 3.87881549102e-08, 2.22777369885e-08, 1.6402395886e-08, 3.08026244511e-08, 2.86319128406e-08, 7.27034210612e-09, 4.81512207884e-09, 8.01903432546e-09, 2.95437407871e-09, 1.52958312682e-09, 2.21571117009e-09, 8.46086201101e-10, 6.65345722961e-10, 4.54673187988e-10, 2.62474791901e-10, 2.2139653999e-10, 1.30317576175e-10, 1.33614952436e-10, 8.36382144098e-11, 7.52738288368e-11, 4.333815945e-11, 5.20041197605e-11, 2.64678296641e-11, 1.27136903436e-11, 2.9022124981e-11, 1.19775977331e-11, 8.38004578924e-12, 5.35354443068e-12],
        "max": [0.0710955038667, 0.0397842749953, 0.0238294620067, 0.00905653368682, 0.00680993823335, 0.00413569062948, 0.00371841806918, 0.00587850576267, 0.00506372051314, 0.00489211035892, 0.00480749551207, 0.00410311901942, 0.00457314308733, 0.0029101409018, 0.00180623715278, 0.00441270833835, 0.00233851908706, 0.00185476697516, 0.00175913469866, 0.00194764777552, 0.000729545368813, 0.000620791921392, 0.000452541629784, 0.000594751385506, 0.00043185960385, 0.000198851048481, 0.000139402967761, 0.000138925766805, 0.000103820260847, 0.0001124964474, 7.32667758712e-05, 7.06823630026e-05, 5.98368169449e-05, 5.78375547775e-05, 4.74896478408e-05, 2.48473716056e-05, 4.53202155768e-05, 2.40096487687e-05, 2.0289384338e-05, 1.69245868165e-05],
        "mean": [0.00630317581818, 0.00354611361399, 0.00123205955606, 0.000382108904887, 0.000341050559655, 0.000277899467619, 0.000231043784879, 0.000213274426642, 0.000181049515959, 0.000178231333848, 0.000207167468034, 0.000115431095765, 0.00012512037938, 0.000101062076283, 8.22988877189e-05, 9.9394681456e-05, 9.19602025533e-05, 5.216822683e-05, 4.30627842434e-05, 5.07266413479e-05, 3.23443346133e-05, 2.47444168053e-05, 2.49060285569e-05, 1.91065500985e-05, 1.62706091942e-05, 1.43823863255e-05, 1.03585525721e-05, 1.03689071693e-05, 8.51643108035e-06, 7.87079352449e-06, 5.90110767007e-06, 4.96028224006e-06, 4.39080076831e-06, 3.72566182705e-06, 2.99360476674e-06, 2.27266878028e-06, 2.41405768975e-06, 1.71186559328e-06, 1.37571214509e-06, 1.17910394692e-06],
        "median": [0.00108394143172, 0.000792583683506, 0.000245008384809, 0.000119208300021, 0.000135850452352, 0.000172241663677, 0.00013898537145, 0.000103682563349, 8.700734179e-05, 7.7884455095e-05, 0.000108902779175, 6.46320404485e-05, 6.39512436464e-05, 5.30271572643e-05, 4.53352768091e-05, 4.36810623796e-05, 4.43620665465e-05, 2.91301330435e-05, 2.58924319496e-05, 2.84492634819e-05, 1.94237472897e-05, 1.50990072143e-05, 1.42005228554e-05, 1.21300945466e-05, 9.56320764089e-06, 8.4293569671e-06, 6.49725097901e-06, 6.77101161273e-06, 5.19200511917e-06, 4.49806793767e-06, 3.29349768435e-06, 2.817072982e-06, 2.5458930395e-06, 2.0923575903e-06, 1.64993821272e-06, 1.28000488075e-06, 1.27517887449e-06, 9.07378193915e-07, 6.66545020067e-07, 4.99850557389e-07],
        "min": [2.55240639607e-24, 1.82482696698e-24, 3.09679615132e-24, 2.61223439598e-24, 3.06604655045e-24, 4.94404648952e-24, 2.67906846681e-24, 2.29871937857e-24, 5.26357144374e-24, 5.05316606867e-24, 3.86874032885e-24, 3.89291654902e-24, 5.24235187425e-24, 2.78422855585e-24, 2.83936934148e-24, 4.86863493686e-24, 3.43879535829e-24, 5.41493610208e-24, 6.36771165378e-24, 3.90448519419e-24, 4.01372113032e-24, 6.43632835304e-24, 6.06394380172e-24, 5.40048140928e-24, 7.01441864059e-24, 5.3460535567e-24, 5.55399098043e-24, 5.81687296063e-24, 5.80628684172e-24, 5.15013876759e-24, 7.9102664395e-24, 6.13549624684e-24, 5.9874992357e-24, 6.23162604789e-24, 5.89164869141e-24, 6.760950532e-24, 6.8227704057e-24, 8.1596364157e-24, 7.39854341434e-24, 7.4939727069e-24],
        "var": [8.17566251499e-05, 3.49818183167e-05, 1.01190771602e-05, 6.29971964372e-07, 3.97226301629e-07, 1.16980665155e-07, 8.17509615558e-08, 1.23597089896e-07, 8.8718316249e-08, 9.05272017349e-08, 9.58610186785e-08, 2.94835604819e-08, 3.83333542686e-08, 2.53918734927e-08, 1.54520840567e-08, 3.05953520296e-08, 2.37301112094e-08, 6.13011685857e-09, 3.70295549779e-09, 5.54687895615e-09, 1.82511616931e-09, 9.51431600171e-10, 1.03134045748e-09, 5.12080045034e-10, 4.87412166184e-10, 3.19094778378e-10, 1.45828932263e-10, 1.38284675377e-10, 9.69532926165e-11, 9.6099045388e-11, 5.65763096094e-11, 4.18380781408e-11, 3.10707223838e-11, 2.76250133879e-11, 1.57749611984e-11, 8.34844780112e-12, 1.31017245664e-11, 6.19673192967e-12, 4.40614081679e-12, 3.14163278725e-12]
    },
    "mfcc": {
        "mean": [-615.488830566, 108.486755371, -8.24037456512, 16.8099002838, 2.32473158836, 10.651889801, 3.21162986755, 6.58884382248, 3.19251036644, 6.38735342026, 2.2883617878, 4.2285118103, 1.99218428135],
        "cov": [[6049.26367188, -672.212341309, 320.92300415, 62.7832183838, 135.717330933, 106.108810425, 174.441696167, 118.23387146, 173.806472778, 78.7503433228, 148.367248535, 122.792381287, 90.8209152222], [-672.212341309, 1241.52514648, -201.025939941, 42.8165435791, 12.2810964584, 5.60293483734, -5.74186944962, -0.935679674149, -35.3043479919, -10.5990257263, -31.5721607208, 0.168698251247, 25.7561855316], [320.92300415, -201.025939941, 476.434295654, 95.1814422607, 111.97013855, 97.6298675537, 97.5633773804, 61.3869361877, 69.9002609253, 36.640171051, 60.5313339233, 43.4600830078, 41.6402015686], [62.7832183838, 42.8165435791, 95.1814422607, 188.714248657, 72.7134399414, 60.2213935852, 47.9506340027, 35.5295143127, 30.748003006, 14.3862314224, -0.621376037598, 6.17905569077, 3.44375753403], [135.717330933, 12.2810964584, 111.97013855, 72.7134399414, 149.150588989, 80.1457290649, 68.2872161865, 41.9073829651, 41.9044761658, 29.274066925, 40.3912773132, 30.8143844604, 30.8306674957], [106.108810425, 5.60293483734, 97.6298675537, 60.2213935852, 80.1457290649, 147.590484619, 81.8752365112, 47.3460197449, 28.1788825989, 28.0003948212, 29.093460083, 33.2281837463, 22.5986099243], [174.441696167, -5.74186944962, 97.5633773804, 47.9506340027, 68.2872161865, 81.8752365112, 142.914657593, 70.1243515015, 53.689781189, 39.9413795471, 58.0131492615, 49.9159164429, 37.8733825684], [118.23387146, -0.935679674149, 61.3869361877, 35.5295143127, 41.9073829651, 47.3460197449, 70.1243515015, 103.792015076, 60.2145462036, 36.6126708984, 34.7462615967, 28.2093486786, 24.4730110168], [173.806472778, -35.3043479919, 69.9002609253, 30.748003006, 41.9044761658, 28.1788825989, 53.689781189, 60.2145462036, 104.007125854, 59.6261825562, 51.5864181519, 34.0417251587, 26.9116764069], [78.7503433228, -10.5990257263, 36.640171051, 14.3862314224, 29.274066925, 28.0003948212, 39.9413795471, 36.6126708984, 59.6261825562, 98.0752258301, 68.5401992798, 36.2244491577, 22.6448249817], [148.367248535, -31.5721607208, 60.5313339233, -0.621376037598, 40.3912773132, 29.093460083, 58.0131492615, 34.7462615967, 51.5864181519, 68.5401992798, 119.960975647, 69.9156036377, 38.8852424622], [122.792381287, 0.168698251247, 43.4600830078, 6.17905569077, 30.8143844604, 33.2281837463, 49.9159164429, 28.2093486786, 34.0417251587, 36.2244491577, 69.9156036377, 96.1522750854, 61.3549957275], [90.8209152222, 25.7561855316, 41.6402015686, 3.44375753403, 30.8306674957, 22.5986099243, 37.8733825684, 24.4730110168, 26.9116764069, 22.6448249817, 38.8852424622, 61.3549957275, 98.1801986694]],
