{
"lowlevel": {
    "average_loudness": 0.882250010967,
    "barkbands_crest": {
        "dmean": 2.60987019539,
        "dmean2": 4.21273422241,
        "dvar": 4.93221569061,
        "dvar2": 12.3484363556,
        "max": 25.5979499817,
        "mean": 10.0697898865,
        "median": 9.404545784,
        "min": 2.87620687485,
        "var": 13.0915174484
    },
    "barkbands_flatness_db": {
        "dmean": 0.0223042890429,
        "dmean2": 0.0322225764394,
        "dvar": 0.000344969303114,
        "dvar2": 0.000753737462219,
        "max": 0.36524489522,
        "mean": 0.14447684586,
        "median": 0.14134901762,
        "min": 0.0309498719871,
        "var": 0.00179746118374
    },
    "barkbands_kurtosis": {
        "dmean": 3.11344909668,
        "dmean2": 4.7871723175,
        "dvar": 16.9960441589,
        "dvar2": 38.5913658142,
        "max": 78.4667205811,
        "mean": 5.07046937943,
        "median": 2.90841007233,
        "min": -1.76094591618,
        "var": 46.1361198425
    },
    "barkbands_skewness": {
        "dmean": 0.579999744892,
        "dmean2": 0.859415113926,
        "dvar": 0.288024961948,
        "dvar2": 0.634862542152,
        "max": 7.80255651474,
        "mean": 1.8043255806,
        "median": 1.65116286278,
        "min": -2.1307785511,
        "var": 1.17566132545
    },
    "barkbands_spread": {
        "dmean": 4.81909894943,
        "dmean2": 7.3039021492,
        "dvar": 22.4595317841,
        "dvar2": 54.1617546082,
        "max": 86.9967041016,
        "mean": 17.9048690796,
        "median": 16.1265506744,
        "min": 1.33194804192,
        "var": 94.4103164673
    },
    "dissonance": {
        "dmean": 0.0210797134787,
        "dmean2": 0.034979455173,
        "dvar": 0.000327686779201,
        "dvar2": 0.000887605594471,
        "max": 0.499962896109,
        "mean": 0.45615413785,
        "median": 0.460451334715,
        "min": 0.319585025311,
        "var": 0.000686295737978
    },
    "dynamic_complexity": 3.19489097595,
    "erbbands_crest": {
        "dmean": 2.83039903641,
        "dmean2": 4.4831662178,
        "dvar": 6.24989700317,
        "dvar2": 14.8607254028,
        "max": 29.0242462158,
        "mean": 8.76034164429,
        "median": 7.93219614029,
        "min": 1.76755011082,
        "var": 15.2812643051
    },
    "erbbands_flatness_db": {
        "dmean": 0.0206186100841,
        "dmean2": 0.0271662287414,
        "dvar": 0.000326364359353,
        "dvar2": 0.000545624177903,
        "max": 0.322225421667,
        "mean": 0.149607643485,
        "median": 0.149478137493,
        "min": 0.0190924648196,
        "var": 0.00148546358105
    },
    "erbbands_kurtosis": {
        "dmean": 0.817643404007,
        "dmean2": 1.2854462862,
        "dvar": 0.844007909298,
        "dvar2": 1.96362006664,
        "max": 26.7321872711,
        "mean": 0.200005725026,
        "median": -0.102761507034,
        "min": -1.78090691566,
        "var": 1.90604031086
    },
    "erbbands_skewness": {
        "dmean": 0.347980618477,
        "dmean2": 0.531189024448,
        "dvar": 0.0829350724816,
        "dvar2": 0.191517934203,
        "max": 4.50419902802,
        "mean": 0.436001062393,
        "median": 0.443179368973,
        "min": -2.14696121216,
        "var": 0.325154185295
    },
    "erbbands_spread": {
        "dmean": 9.72649002075,
        "dmean2": 13.7256135941,
        "dvar": 80.5161361694,
        "dvar2": 147.370605469,
        "max": 111.647338867,
        "mean": 39.4756736755,
        "median": 35.2431106567,
        "min": 5.4571313858,
        "var": 321.246795654
    },
    "hfc": {
        "dmean": 5.27683639526,
        "dmean2": 7.09855365753,
        "dvar": 40.0548858643,
        "dvar2": 74.9932403564,
        "max": 98.7674484253,
        "mean": 17.5542545319,
        "median": 13.670135498,
        "min": 1.11636480759e-16,
        "var": 198.775985718
    },
    "melbands_crest": {
        "dmean": 3.43208742142,
        "dmean2": 5.51303625107,
        "dvar": 8.17148590088,
        "dvar2": 20.3870182037,
        "max": 34.6988792419,
        "mean": 13.9721536636,
        "median": 13.4351520538,
        "min": 1.001978755,
        "var": 22.3157577515
    },
    "melbands_flatness_db": {
        "dmean": 0.0263215266168,
        "dmean2": 0.0386610403657,
        "dvar": 0.000498456356581,
        "dvar2": 0.0011335805757,
        "max": 0.481644064188,
        "mean": 0.214276820421,
        "median": 0.211585313082,
        "min": -1.38058368293e-07,
        "var": 0.00272244866937
    },
    "melbands_kurtosis": {
        "dmean": 8.3020401001,
        "dmean2": 12.6185035706,
        "dvar": 145.882400513,
        "dvar2": 328.275543213,
        "max": 186.940963745,
        "mean": 14.97078228,
        "median": 8.83326148987,
        "min": -1.6495821476,
        "var": 340.763824463
    },
    "melbands_skewness": {
        "dmean": 0.859020471573,
        "dmean2": 1.26290178299,
        "dvar": 0.697938144207,
        "dvar2": 1.49486148357,
        "max": 12.9541988373,
        "mean": 2.81872224808,
        "median": 2.50925278664,
        "min": -1.01915097237,
        "var": 2.53440332413
    },
    "melbands_spread": {
        "dmean": 5.41736316681,
        "dmean2": 8.38020706177,
        "dvar": 39.999584198,
        "dvar2": 99.9705886841,
        "max": 162.844177246,
        "mean": 17.3877811432,
        "median": 15.2286014557,
        "min": 1.28974819183,
        "var": 144.605895996
    },
    "pitch_salience": {
        "dmean": 0.077799744904,
        "dmean2": 0.122685976326,
        "dvar": 0.00416837073863,
        "dvar2": 0.0103913182393,
        "max": 0.99773401022,
        "mean": 0.539700269699,
        "median": 0.542415559292,
        "min": 0.0950900763273,
        "var": 0.0106648197398
    },
    "silence_rate_20dB": {
        "dmean": 0,
        "dmean2": 0,
        "dvar": 0,
        "dvar2": 0,
        "max": 1,
        "mean": 1,
        "median": 1,
        "min": 1,
        "var": 0
    },
    "silence_rate_30dB": {
        "dmean": 0.0135717084631,
        "dmean2": 0.0271469596773,
        "dvar": 0.0133867952973,
        "dvar2": 0.0345010608435,
        "max": 1,
        "mean": 0.989431083202,
        "median": 1,
        "min": 0,
        "var": 0.0104580754414
    },
    "silence_rate_60dB": {
        "dmean": 0.0195745788515,
        "dmean2": 0.0391542688012,
        "dvar": 0.0191898774356,
        "dvar2": 0.0451871603727,
        "max": 1,
        "mean": 0.0648486465216,
        "median": 0,
        "min": 0,
        "var": 0.0606491565704
    },
    "spectral_centroid": {
        "dmean": 237.083602905,
        "dmean2": 360.794494629,
        "dvar": 65213.390625,
        "dvar2": 144711,
        "max": 12048.4306641,
        "mean": 1093.41186523,
        "median": 995.814697266,
        "min": 189.117233276,
        "var": 407081.90625
    },
    "spectral_complexity": {
        "dmean": 3.11836099625,
        "dmean2": 4.546854496,
        "dvar": 9.38656997681,
        "dvar2": 17.5485534668,
        "max": 54,
        "mean": 17.0579338074,
        "median": 16,
        "min": 0,
        "var": 71.6579589844
    },
    "spectral_decrease": {
        "dmean": 3.10813641491e-09,
        "dmean2": 4.73486938546e-09,
        "dvar": 1.69917985593e-17,
        "dvar2": 4.20523800345e-17,
        "max": 1.37669938175e-28,
        "mean": -8.67260130377e-09,
        "median": -7.31333082982e-09,
        "min": -5.89549600249e-08,
        "var": 4.47851134632e-17
    },
    "spectral_energy": {
        "dmean": 0.012090113014,
        "dmean2": 0.0183347016573,
        "dvar": 0.00025349741918,
        "dvar2": 0.000623228959739,
        "max": 0.228047505021,
        "mean": 0.0343245528638,
        "median": 0.0291090831161,
        "min": 1.04643872796e-20,
        "var": 0.000689811771736
    },
    "spectral_energyband_high": {
        "dmean": 0.000292984710541,
        "dmean2": 0.000362721766578,
        "dvar": 1.97808645908e-07,
        "dvar2": 3.14139441571e-07,
        "max": 0.00726748723537,
        "mean": 0.000577364698984,
        "median": 0.000253075093497,
        "min": 7.46892475126e-21,
        "var": 6.21204264917e-07
    },
    "spectral_energyband_low": {
        "dmean": 0.00855777319521,
        "dmean2": 0.0131980953738,
        "dvar": 0.000174958142452,
        "dvar2": 0.000435715046478,
        "max": 0.195742860436,
        "mean": 0.0161149408668,
        "median": 0.0105653572828,
        "min": 3.2090353598e-23,
        "var": 0.000310922565404
    },
    "spectral_energyband_middle_high": {
        "dmean": 0.00210979301482,
        "dmean2": 0.00307357404381,
        "dvar": 9.92826971924e-06,
        "dvar2": 2.13680214074e-05,
        "max": 0.0494494363666,
        "mean": 0.00477783288807,
        "median": 0.00299469591118,
        "min": 1.30593653464e-21,
        "var": 2.73059267784e-05
    },
    "spectral_energyband_middle_low": {
        "dmean": 0.00647496338934,
        "dmean2": 0.0102652516216,
        "dvar": 9.5944320492e-05,
        "dvar2": 0.000260691245785,
        "max": 0.122177012265,
        "mean": 0.0145434997976,
        "median": 0.01168106962,
        "min": 1.9487595711e-22,
        "var": 0.00015727923892
    },
    "spectral_entropy": {
        "dmean": 0.176465123892,
        "dmean2": 0.233210161328,
        "dvar": 0.0228596180677,
        "dvar2": 0.0410777367651,
        "max": 9.8154592514,
        "mean": 7.52470827103,
        "median": 7.53666162491,
        "min": 5.68860197067,
        "var": 0.14214245975
    },
    "spectral_flux": {
        "dmean": 0.0258461833,
        "dmean2": 0.0423532053828,
        "dvar": 0.000926604669075,
        "dvar2": 0.00202056579292,
        "max": 0.352004081011,
        "mean": 0.0898015126586,
        "median": 0.0838169902563,
        "min": 6.44451506049e-11,
        "var": 0.00239499099553
    },
    "spectral_kurtosis": {
        "dmean": 1.49334156513,
        "dmean2": 2.35881948471,
        "dvar": 2.76866936684,
        "dvar2": 7.33238267899,
        "max": 42.3155670166,
        "mean": 4.20393657684,
        "median": 3.62946510315,
        "min": -1.23265576363,
        "var": 8.11021327972
    },
    "spectral_rms": {
        "dmean": 0.000977609190159,
        "dmean2": 0.00143955438398,
        "dvar": 1.04998593997e-06,
        "dvar2": 2.41027055381e-06,
        "max": 0.0149159431458,
        "mean": 0.00531748961657,
        "median": 0.00532908085734,
        "min": 3.19517741258e-12,
        "var": 5.21161837241e-06
    },
    "spectral_rolloff": {
        "dmean": 326.815979004,
        "dmean2": 552.558349609,
        "dvar": 269817.84375,
        "dvar2": 628156.6875,
        "max": 19487.5488281,
        "mean": 945.691223145,
        "median": 753.662109375,
        "min": 21.533203125,
        "var": 1055359.875
    },
    "spectral_skewness": {
        "dmean": 0.206640511751,
        "dmean2": 0.312717467546,
        "dvar": 0.03250201419,
        "dvar2": 0.0745953544974,
        "max": 5.22193384171,
        "mean": 1.5318672657,
        "median": 1.49263715744,
        "min": -0.132550492883,
        "var": 0.18224811554
    },
    "spectral_spread": {
        "dmean": 539779.125,
        "dmean2": 673211.5,
        "dvar": 475632107520,
        "dvar2": 701666623488,
        "max": 41755800,
        "mean": 4462265.5,
        "median": 4161769,
        "min": 1408292.375,
        "var": 3.10476642714e+12
    },
    "spectral_strongpeak": {
        "dmean": 0.490348428488,
        "dmean2": 0.840735673904,
        "dvar": 0.619442224503,
        "dvar2": 1.53860652447,
        "max": 9.46366214752,
        "mean": 0.746826171875,
        "median": 0.491200834513,
        "min": 0,
        "var": 0.703456282616
    },
    "zerocrossingrate": {
        "dmean": 0.00798180233687,
        "dmean2": 0.00941021554172,
        "dvar": 0.000104311249743,
        "dvar2": 0.000136716043926,
        "max": 0.72119140625,
        "mean": 0.0460707135499,
        "median": 0.04248046875,
        "min": 0.00537109375,
        "var": 0.000921729661059
    },
    "barkbands": {
        "dmean": [0.000244338240009, 0.00412612594664, 0.00463875569403, 0.00262430170551, 0.00295589352027, 0.00158712128177, 0.00116379430983, 0.00052567984676, 0.00107940740418, 0.000404326012358, 0.00072828377597, 0.000449394399766, 0.000497813802212, 0.000429567939136, 0.000209388730582, 0.000195575936232, 0.000145401107147, 0.000140906791785, 0.000117566814879, 0.000113311230962, 7.58747846703e-05, 7.44133867556e-05, 6.0277110606e-05, 3.9876500523e-05, 2.19702997128e-05, 1.59762093972e-05, 5.49027106445e-07],
        "dmean2": [0.000389563996578, 0.0061103804037, 0.00755788618699, 0.00449647754431, 0.00464039482176, 0.00236149039119, 0.00171388906892, 0.000831614306662, 0.00167750078253, 0.000658021192066, 0.00117560394574, 0.000732706219424, 0.000763076357543, 0.000643482606392, 0.000338494573953, 0.000317426485708, 0.000232317790505, 0.000225901414524, 0.000186763703823, 0.000174601576873, 0.000112803129014, 9.8424119642e-05, 7.77201712481e-05, 5.05294920004e-05, 2.84044926957e-05, 2.21704995056e-05, 9.01382634311e-07],
        "dvar": [2.46455414299e-07, 4.14119022025e-05, 8.35428218124e-05, 3.67719294445e-05, 2.49496897595e-05, 5.53132849745e-06, 4.95052199767e-06, 6.48400430237e-07, 3.59533532901e-06, 1.42099975164e-06, 2.22642893277e-06, 1.2696388012e-06, 2.24764653467e-06, 1.27625310142e-06, 1.70521005316e-07, 2.47774949003e-07, 6.70341009368e-08, 1.06309634873e-07, 4.58390516656e-08, 4.94238463489e-08, 1.79429680003e-08, 1.48669982991e-08, 1.17173586389e-08, 4.11794021105e-09, 2.08825068349e-09, 1.81371262453e-09, 4.76133238739e-12],
        "dvar2": [6.78640333263e-07, 9.93514477159e-05, 0.000224313596846, 9.97361930786e-05, 6.18201302132e-05, 1.08055710371e-05, 1.00267398011e-05, 1.51749384258e-06, 8.22252786747e-06, 3.77531227969e-06, 5.53709378437e-06, 2.99542512039e-06, 5.39618304174e-06, 2.72660008704e-06, 4.43512618631e-07, 6.02018360496e-07, 1.62845566365e-07, 2.50280152159e-07, 1.14492152647e-07, 1.29016228811e-07, 4.42550955881e-08, 2.63998440886e-08, 2.16820055243e-08, 7.03717395467e-09, 4.24760582263e-09, 3.81943721095e-09, 1.14439456175e-11],
        "max": [0.00818093400449, 0.0926447808743, 0.145322203636, 0.0752163827419, 0.0743863284588, 0.0454984270036, 0.0578103102744, 0.0212047249079, 0.0356183722615, 0.0230752490461, 0.0301606077701, 0.0211265943944, 0.0345372185111, 0.0266061164439, 0.0115388864651, 0.0158729553223, 0.00436448678374, 0.00851719919592, 0.00536191044375, 0.00840031169355, 0.00421493733302, 0.00157413247507, 0.00140802573878, 0.000973139365669, 0.00149440905079, 0.000813282793388, 6.76546987961e-05],
        "mean": [0.000345727836248, 0.00688302330673, 0.0072342036292, 0.00285700662062, 0.00445010559633, 0.00275078602135, 0.0018495725235, 0.000803193019237, 0.0017187645426, 0.000557893712539, 0.00105482060462, 0.000604544766247, 0.000684073136654, 0.000575865677092, 0.000295224948786, 0.000278222578345, 0.000235076513491, 0.000244394002948, 0.000218054410652, 0.000204068477615, 0.000147160622873, 0.00012340201647, 9.2893911642e-05, 6.22458028374e-05, 3.23878739437e-05, 2.13732619159e-05, 4.81980407585e-07],
        "median": [6.91452150932e-05, 0.00403094384819, 0.00259345490485, 0.0011305725202, 0.00232681282796, 0.00149739417247, 0.000776452245191, 0.00042494997615, 0.000791006430518, 0.000191762199393, 0.000333973090164, 0.000192070292542, 0.00016716888058, 0.000149239756865, 0.000125759426737, 0.00010322057642, 0.000123637117213, 0.00014176289551, 0.000111305809696, 0.000100219265732, 7.00210948708e-05, 4.84340234834e-05, 3.55679367203e-05, 2.22415947064e-05, 9.2264945124e-06, 4.27449049312e-06, 2.71212741154e-08],
        "min": [8.62492393253e-25, 8.3056940123e-24, 4.29087005443e-24, 3.56180362253e-24, 1.29121036957e-23, 1.5763921065e-23, 2.6745685281e-23, 3.10623605534e-23, 3.23693547675e-23, 2.32930335809e-23, 2.40777277228e-23, 3.62261399093e-23, 5.74187366668e-23, 7.01824240717e-23, 4.9840837837e-23, 5.32442867047e-23, 6.37947964411e-23, 9.1367308925e-23, 2.04924972191e-22, 2.28352159458e-22, 2.69121399807e-22, 3.34916640219e-22, 4.51980544084e-22, 4.89689862402e-22, 9.474574396e-22, 1.3391076687e-21, 2.26302297454e-21],
        "var": [4.44770023478e-07, 7.26249563741e-05, 0.000133626599563, 2.92007171083e-05, 3.66455933545e-05, 1.49244269778e-05, 1.20471768241e-05, 1.33215519327e-06, 6.75220280755e-06, 1.89401407624e-06, 3.64846255252e-06, 1.87426167031e-06, 3.45341095453e-06, 2.10995131056e-06, 2.44174231057e-07, 3.63346799759e-07, 1.12181481882e-07, 1.58110097459e-07, 8.79447412672e-08, 7.47187272054e-08, 3.87145355774e-08, 3.5444436719e-08, 2.2777951969e-08, 9.36043242916e-09, 4.37568425937e-09, 2.93354851522e-09, 5.3276311314e-12]
    },
    "erbbands": {
        "dmean": [0.110448427498, 1.0132266283, 4.51129341125, 7.34445619583, 8.96823978424, 11.9133005142, 7.87111473083, 15.9528141022, 13.1588106155, 21.863615036, 11.1143264771, 19.9058647156, 19.0388126373, 14.1424093246, 26.872095108, 17.10455513, 24.4211597443, 19.0734272003, 10.7168445587, 13.9235305786, 9.74996566772, 8.89391231537, 6.89914798737, 6.32008314133, 5.51676988602, 5.26505613327, 3.5085515976, 3.08552241325, 2.67830371857, 2.03035974503, 1.74741494656, 1.01981592178, 0.603644967079, 0.283642560244, 0.149963393807, 0.102204181254, 0.017245490104, 0.00245082331821, 8.01041096565e-05, 1.48904900925e-05],
        "dmean2": [0.166283473372, 1.51891648769, 7.27705001831, 12.3021020889, 15.8148641586, 17.5899982452, 11.9588050842, 23.640203476, 18.850227356, 34.2415084839, 17.2689743042, 30.6543464661, 30.1562194824, 22.7077121735, 43.3573684692, 27.1391239166, 37.6227378845, 28.4482517242, 16.4909324646, 22.4148616791, 15.5920782089, 14.2005386353, 10.9043102264, 9.93223285675, 8.69879436493, 8.12767601013, 5.36354780197, 4.43973064423, 3.59693384171, 2.65652918816, 2.27661156654, 1.3138538599, 0.80623883009, 0.375806838274, 0.19945769012, 0.144155174494, 0.0236262399703, 0.00348521955311, 0.000121938312077, 2.205576493e-05],
        "dvar": [0.0296795815229, 2.72271585464, 66.7351837158, 238.129943848, 449.244934082, 369.927093506, 145.992889404, 645.096313477, 1035.65942383, 1385.64880371, 358.522247314, 1466.8659668, 1687.1463623, 866.352416992, 2706.74121094, 1712.68518066, 5495.42871094, 2692.08227539, 1271.60217285, 1209.49462891, 565.259338379, 259.011260986, 208.532394409, 116.315116882, 114.579460144, 79.9349822998, 34.2232322693, 34.3424720764, 19.9435863495, 13.9107809067, 9.20216751099, 2.7106256485, 1.05449664593, 0.237409755588, 0.162143617868, 0.0785989537835, 0.00168330338784, 4.92122708238e-05, 7.46171480159e-08, 4.08440670174e-10],
        "dvar2": [0.073276527226, 6.56002473831, 176.880249023, 648.818725586, 1263.40759277, 726.74810791, 323.233154297, 1230.03442383, 2010.99975586, 3193.54711914, 811.188720703, 3166.77978516, 4099.39355469, 2253.12744141, 6699.72851562, 4005.76733398, 13500.2685547, 5693.29150391, 2708.75805664, 3149.20678711, 1454.5246582, 627.828063965, 495.611206055, 280.412811279, 294.770629883, 203.675140381, 81.2353439331, 83.1804428101, 36.7300338745, 23.5816116333, 17.5156574249, 5.06382322311, 2.01820421219, 0.479602277279, 0.349415749311, 0.17419205606, 0.00294180773199, 9.65227955021e-05, 1.80141597639e-07, 9.27904197923e-10],
        "max": [2.6420211792, 23.4971446991, 136.422683716, 243.987548828, 293.458679199, 298.217041016, 223.254425049, 542.308532715, 983.346679688, 678.215148926, 407.786376953, 633.549133301, 885.07623291, 593.106689453, 1110.24621582, 680.897033691, 1888.51379395, 1471.4888916, 1120.56335449, 958.098388672, 423.230987549, 292.912567139, 357.120452881, 213.238815308, 320.005004883, 237.467315674, 121.743782043, 203.532897949, 60.1560630798, 46.0897827148, 39.6998138428, 18.9142532349, 18.3934345245, 10.635966301, 14.5365934372, 5.15752649307, 0.939727604389, 0.188523948193, 0.00736254639924, 0.000293162331218],
        "mean": [0.175842180848, 1.6730222702, 6.95896244049, 10.4258975983, 9.64747238159, 18.9788513184, 14.5908260345, 27.1967811584, 23.5236186981, 32.0711975098, 18.9891357422, 31.8008460999, 30.2274246216, 23.2577362061, 40.2344589233, 25.0149326324, 33.9021530151, 27.1996269226, 15.9602403641, 19.8571033478, 14.9472408295, 14.7308597565, 12.8606338501, 12.1816911697, 10.5439424515, 9.6600818634, 6.81879377365, 5.44847106934, 4.4782781601, 3.40625286102, 2.57545208931, 1.54229283333, 0.912894189358, 0.425969809294, 0.217457652092, 0.138608708978, 0.0219130981714, 0.00288466759957, 9.88817992038e-05, 4.26224905823e-05],
        "median": [0.0836425572634, 1.01960456371, 3.23546767235, 4.34678077698, 4.94152164459, 8.03617477417, 8.21720314026, 13.8450031281, 10.8038511276, 15.8016052246, 10.5031576157, 14.0017375946, 13.0386199951, 11.1114349365, 16.4709243774, 9.54751586914, 8.59519767761, 8.15139389038, 6.3695397377, 7.77732086182, 6.44387340546, 8.23269081116, 7.81551074982, 6.99631977081, 5.66264343262, 4.93275880814, 3.2086853981, 2.30410814285, 1.73844468594, 1.3443198204, 0.938072264194, 0.588262557983, 0.296064645052, 0.129270881414, 0.0583356693387, 0.0285891182721, 0.00468997843564, 0.000462859752588, 3.01309846691e-05, 3.5470315197e-05],
        "min": [1.62839406981e-22, 2.22752630377e-21, 4.30221039064e-21, 1.7009502344e-20, 4.87261014959e-20, 3.70423789075e-20, 8.15290214365e-20, 1.66163304742e-19, 3.62885478896e-19, 4.90947306584e-19, 5.23426139746e-19, 7.69129077164e-19, 2.85707666588e-19, 1.05526181119e-18, 1.38736200583e-18, 1.78494967598e-18, 2.20443033539e-18, 2.4111926081e-18, 2.86889252734e-18, 2.54611713974e-18, 4.38497665778e-18, 5.14542861032e-18, 5.37852397103e-18, 8.07123054342e-18, 9.4749527342e-18, 1.01213464064e-17, 8.03317609934e-18, 1.36643346779e-17, 1.13043577846e-17, 1.21820129582e-17, 1.31792900288e-17, 9.183869531e-18, 9.14028455735e-18, 8.41113311919e-18, 7.33083523919e-18, 4.80744343921e-18, 2.74853650744e-18, 1.09594855077e-18, 2.91271309237e-19, 3.06867495957e-20],
        "var": [0.0564830712974, 4.36810493469, 96.6669158936, 258.44833374, 310.028411865, 845.115783691, 390.615966797, 1724.26098633, 2664.73828125, 2463.77587891, 710.042907715, 2725.73583984, 2928.99731445, 1394.03845215, 4380.72900391, 2703.41430664, 8172.24023438, 4708.96484375, 2001.23986816, 1703.14355469, 763.648498535, 430.228393555, 332.464874268, 231.089889526, 186.897354126, 149.990692139, 80.1463241577, 64.5726165771, 46.737197876, 30.624879837, 17.3169078827, 5.60653734207, 2.17276954651, 0.549946308136, 0.272687673569, 0.121158875525, 0.0032560180407, 7.98753098934e-05, 8.55200852357e-08, 1.1327893068e-09]
    },
    "gfcc": {
        "mean": [-0.884468853474, 111.116821289, -113.395355225, 39.345489502, -61.1917953491, 16.0657444, -33.1891021729, 9.19715976715, -23.7589950562, 0.898613274097, -13.4062137604, -0.941240727901, -11.4058046341],
        "cov": [[7740.578125, -374.103912354, -78.9248733521, 386.197937012, -144.568099976, 124.64339447, -159.027496338, 150.627883911, -109.883979797, 160.017990112, -71.7415008545, 248.480194092, -47.0488967896], [-374.103912354, 847.239196777, -129.242614746, -160.536895752, 113.219207764, -133.451599121, 4.73897790909, -128.161346436, 73.7722091675, -119.079559326, 104.430763245, -79.9625930786, 72.5767059326], [-78.9248733521, -129.242614746, 490.069000244, 144.099349976, 4.7625617981, 76.4881591797, -9.38736248016, -8.56800937653, -31.6332569122, 7.68857288361, -40.3459472656, 19.0100784302, -30.7425575256], [386.197937012, -160.536895752, 144.099349976, 278.749816895, 16.1658248901, 67.8799819946, 9.47686290741, 24.0987014771, -4.28007555008, 18.203289032, -1.23431694508, 5.4100651741, 13.5975408554], [-144.568099976, 113.219207764, 4.7625617981, 16.1658248901, 157.67565918, 15.3139095306, 26.0972290039, -14.4799509048, 20.8452911377, 10.1675271988, 12.9546022415, -10.9301176071, 9.33452224731], [124.64339447, -133.451599121, 76.4881591797, 67.8799819946, 15.3139095306, 144.073577881, 40.2349281311, 33.7852516174, -0.661248862743, 36.0970191956, -6.66755867004, 3.82832479477, -10.4849529266], [-159.027496338, 4.73897790909, -9.38736248016, 9.47686290741, 26.0972290039, 40.2349281311, 88.1345748901, 46.02501297, 18.8580284119, 6.62339496613, 11.2288322449, 0.326177328825, 5.69242525101], [150.627883911, -128.161346436, -8.56800937653, 24.0987014771, -14.4799509048, 33.7852516174, 46.02501297, 117.443664551, 32.699962616, 32.7421760559, -8.34376335144, 40.5225067139, 5.70212602615], [-109.883979797, 73.7722091675, -31.6332569122, -4.28007555008, 20.8452911377, -0.661248862743, 18.8580284119, 32.699962616, 79.2757873535, 22.7288856506, 27.8324966431, -4.35304546356, 25.0144958496], [160.017990112, -119.079559326, 7.68857288361, 18.203289032, 10.1675271988, 36.0970191956, 6.62339496613, 32.7421760559, 22.7288856506, 96.0886917114, 11.7822093964, 19.7028656006, -14.5793838501], [-71.7415008545, 104.430763245, -40.3459472656, -1.23431694508, 12.9546022415, -6.66755867004, 11.2288322449, -8.34376335144, 27.8324966431, 11.7822093964, 77.7828063965, 12.8128757477, 22.6740150452], [248.480194092, -79.9625930786, 19.0100784302, 5.4100651741, -10.9301176071, 3.82832479477, 0.326177328825, 40.5225067139, -4.35304546356, 19.7028656006, 12.8128757477, 88.5952148438, 26.5510578156], [-47.0488967896, 72.5767059326, -30.7425575256, 13.5975408554, 9.33452224731, -10.4849529266, 5.69242525101, 5.70212602615, 25.0144958496, -14.5793838501, 22.6740150452, 26.5510578156, 75.4089355469]],
        "icov": [[0.000247090560151, -0.000555370352231, 0.000379662669729, -0.000724590732716, 0.000377748539904, -0.000446172110969, 0.000667211133987, -0.000341170962201, 0.000443313532742, -0.000649112276733, 0.000846931245178, -0.00118763465434, 0.000731698411983], [-0.000555370352231, 0.00541091198102, -0.00137549941428, 0.00355277745984, -0.00306821521372, 0.00268114591017, -0.00226691435091, 0.00302935088985, -0.00405288394541, 0.00563355861232, -0.00625599082559, 0.00516945309937, -0.00356642063707], [0.000379662669729, -0.00137549941428, 0.00364900147542, -0.00291324383579, 0.000944510975387, -0.00208036671393, 0.000923067855183, 0.00126176455524, -0.000356580101652, -0.000754250970203, 0.00370260025375, -0.00472745206207, 0.00352604594082], [-0.000724590732716, 0.00355277745984, -0.00291324383579, 0.00817023403943, -0.00275903800502, 0.000631859700661, -0.000803951988928, -0.000760834955145, -0.000189596888958, 0.00301753217354, -0.00609720451757, 0.00737873557955, -0.00610312679783], [0.000377748539904, -0.00306821521372, 0.000944510975387, -0.00275903800502, 0.00947650894523, -0.00176554208156, -0.00225314404815, 0.00236928788945, -0.000648549001198, -0.00425261305645, 0.00471239956096, -0.00407633138821, 0.00205488293432], [-0.000446172110969, 0.00268114591017, -0.00208036671393, 0.000631859700661, -0.00176554208156, 0.0122085222974, -0.00596724962816, 0.000393950438593, 0.000248528667726, -0.00105632853229, -0.00277704745531, 0.00458891689777, -0.00255157239735], [0.000667211133987, -0.00226691435091, 0.000923067855183, -0.000803951988928, -0.00225314404815, -0.00596724962816, 0.0221421886235, -0.0126549648121, 0.00470642279834, 0.000300567480735, -0.00276670022868, 0.00204627355561, 0.000462330790469], [-0.000341170962201, 0.00302935088985, 0.00126176455524, -0.000760834955145, 0.00236928788945, 0.000393950438593, -0.0126549648121, 0.0256310030818, -0.0156839061528, 0.00190486421343, 0.00652267737314, -0.0112308170646, 0.00386579474434], [0.000443313532742, -0.00405288394541, -0.000356580101652, -0.000189596888958, -0.000648549001198, 0.000248528667726, 0.00470642279834, -0.0156839061528, 0.0304993540049, -0.0106621086597, -0.00479149864987, 0.00953751523048, -0.00908437371254], [-0.000649112276733, 0.00563355861232, -0.000754250970203, 0.00301753217354, -0.00425261305645, -0.00105632853229, 0.000300567480735, 0.00190486421343, -0.0106621086597, 0.0222529713064, -0.00842915568501, 0.000119082105812, 0.00386594771408], [0.000846931245178, -0.00625599082559, 0.00370260025375, -0.00609720451757, 0.00471239956096, -0.00277704745531, -0.00276670022868, 0.00652267737314, -0.00479149864987, -0.00842915568501, 0.0279882661998, -0.0144878951833, 0.00454984931275], [-0.00118763465434, 0.00516945309937, -0.00472745206207, 0.00737873557955, -0.00407633138821, 0.00458891689777, 0.00204627355561, -0.0112308170646, 0.00953751523048, 0.000119082105812, -0.0144878951833, 0.0319602228701, -0.0171741973609], [0.000731698411983, -0.00356642063707, 0.00352604594082, -0.00610312679783, 0.00205488293432, -0.00255157239735, 0.000462330790469, 0.00386579474434, -0.00908437371254, 0.00386594771408, 0.00454984931275, -0.0171741973609, 0.0271914228797]]
    },
    "melbands": {
        "dmean": [0.00104453903623, 0.00195757718757, 0.00129228737205, 0.000723667850252, 0.000325351342326, 0.000337998993928, 0.000204430136364, 0.000213279417949, 0.000106133833469, 0.000132895002025, 9.78330062935e-05, 5.65250811633e-05, 0.000112831017759, 4.46040612587e-05, 7.23893463146e-05, 4.1656436224e-05, 3.34074975399e-05, 1.98164980247e-05, 1.76311332325e-05, 1.49971674546e-05, 1.14761432997e-05, 1.04656401163e-05, 5.9365411289e-06, 8.29631699162e-06, 5.17682019563e-06, 5.3296621445e-06, 4.04079719374e-06, 3.53921791429e-06, 2.63739093498e-06, 1.77184494987e-06, 1.92702691493e-06, 1.62457536135e-06, 1.33813171033e-06, 1.13299734039e-06, 1.11760164145e-06, 7.55675841901e-07, 6.09305061516e-07, 4.65390115778e-07, 3.01477001585e-07, 2.31462777833e-07],
        "dmean2": [0.00154054048471, 0.00307510467246, 0.00217252341099, 0.00116512947716, 0.000473664986202, 0.00049889611546, 0.000294344936265, 0.000335121003445, 0.000166017765878, 0.000204879615922, 0.000155691886903, 9.11420938792e-05, 0.00018236465985, 7.08459047019e-05, 0.000113703783427, 6.31846342003e-05, 4.98245535709e-05, 3.0591225368e-05, 2.86685281026e-05, 2.411465357e-05, 1.87596906471e-05, 1.69317499967e-05, 9.37461391004e-06, 1.33748199005e-05, 8.24040489533e-06, 8.62806518853e-06, 6.4031492002e-06, 5.55947553948e-06, 4.13908492192e-06, 2.74699527836e-06, 2.84914631266e-06, 2.26377369472e-06, 1.81756354323e-06, 1.54996246238e-06, 1.5196582126e-06, 9.93274284156e-07, 8.20181526251e-07, 6.35999469978e-07, 4.04931540743e-07, 3.20658273267e-07],
        "dvar": [2.50667426371e-06, 1.06928191599e-05, 7.1043969001e-06, 1.78033667453e-06, 2.17366590505e-07, 2.73285934327e-07, 2.00625834168e-07, 1.22993540685e-07, 3.72077479938e-08, 5.76590224455e-08, 4.56759146061e-08, 1.7907906269e-08, 5.37730286965e-08, 1.78146901675e-08, 4.79530548603e-08, 1.36759883418e-08, 8.23866663779e-09, 6.13054318421e-09, 1.35873368112e-09, 1.73472625153e-09, 9.384804045e-10, 3.97796989793e-10, 1.40416053784e-10, 5.23255994089e-10, 7.43824654648e-11, 1.21682330878e-10, 1.06587932924e-10, 3.6187667446e-11, 2.16518521862e-11, 1.0839022388e-11, 1.50509084362e-11, 8.06297910383e-12, 4.65893686477e-12, 5.22294273803e-12, 4.03187379316e-12, 1.52005556579e-12, 1.02580682664e-12, 6.54085780764e-13, 2.63160803912e-13, 1.71645453385e-13],
        "dvar2": [5.92906962993e-06, 2.75317106571e-05, 1.92400966625e-05, 4.64160166302e-06, 4.2478060891e-07, 5.21609820225e-07, 3.97310856215e-07, 2.86662725557e-07, 8.70569110134e-08, 1.27149306195e-07, 1.1167758629e-07, 4.72515289118e-08, 1.34089390258e-07, 3.83143365923e-08, 1.13398066048e-07, 3.31579421697e-08, 1.73727610076e-08, 1.31051578478e-08, 3.55670382035e-09, 4.34396651983e-09, 2.48181963869e-09, 9.94551552225e-10, 3.3332403504e-10, 1.22919463497e-09, 1.86298462768e-10, 3.09233416651e-10, 2.9206573271e-10, 9.14902806293e-11, 5.41071978888e-11, 2.7323259974e-11, 3.76954023551e-11, 1.57154393665e-11, 8.68149042238e-12, 9.77847230271e-12, 8.1544718894e-12, 2.90449110076e-12, 2.05903111401e-12, 1.30084842637e-12, 5.33234101405e-13, 3.69471651624e-13],
        "max": [0.0231198184192, 0.054954174906, 0.0369553416967, 0.0206096209586, 0.00789066031575, 0.0108135733753, 0.0135809043422, 0.00614605052397, 0.00390254496597, 0.00388798792847, 0.00441602244973, 0.00261719850823, 0.00487896520644, 0.0030319893267, 0.00479230564088, 0.00319613027386, 0.00263280095533, 0.00246970239095, 0.000986072351225, 0.00140797428321, 0.000501604576129, 0.000340428581694, 0.0002547945478, 0.000644139829092, 0.000200006368686, 0.000215616644709, 0.000523164228071, 0.000182162795682, 0.000134926231112, 7.87615281297e-05, 0.000138750314363, 4.02188852604e-05, 2.83037534246e-05, 3.01544805552e-05, 2.79478008451e-05, 1.38505038194e-05, 1.10281744128e-05, 1.48299204739e-05, 8.40876236907e-06, 8.23219215818e-06],
        "mean": [0.00175475957803, 0.00327045028098, 0.00181002705358, 0.000991921755485, 0.000621019687969, 0.000586180889513, 0.000367872533388, 0.000312553253025, 0.000166055615409, 0.000212427272345, 0.000150272113387, 8.78290084074e-05, 0.000162304699188, 6.30026770523e-05, 9.28176596062e-05, 5.97176440351e-05, 4.62703719677e-05, 2.65748749371e-05, 2.47561820288e-05, 2.13419825741e-05, 1.61637835845e-05, 1.57277681865e-05, 1.0506883882e-05, 1.31681499624e-05, 9.29960424401e-06, 8.89254170033e-06, 6.95856078892e-06, 6.09100925431e-06, 4.60030332761e-06, 3.29301406055e-06, 3.07125219479e-06, 2.57577084994e-06, 2.20806896323e-06, 1.78120740202e-06, 1.57824058533e-06, 1.13781868549e-06, 8.66377320108e-07, 6.80913103679e-07, 4.56657232917e-07, 3.29973374846e-07],
        "median": [0.000972343957983, 0.00184717751108, 0.000855870428495, 0.000510489568114, 0.000355086114723, 0.00030812897603, 0.000182074843906, 0.00015712811728, 8.06429161457e-05, 9.51802066993e-05, 5.99758932367e-05, 3.85595049011e-05, 5.56057420908e-05, 2.0847790438e-05, 1.92976713151e-05, 1.70545026776e-05, 1.29653863041e-05, 7.90011381469e-06, 9.30843634706e-06, 7.84561143519e-06, 6.31754028291e-06, 7.73767078499e-06, 6.13795555182e-06, 6.80406719766e-06, 5.12825954502e-06, 4.22634366259e-06, 3.60790363629e-06, 2.77146159533e-06, 2.00990643862e-06, 1.49804372995e-06, 1.20470122056e-06, 9.71994609245e-07, 8.6831266799e-07, 6.64718811549e-07, 5.49460537513e-07, 4.41606800905e-07, 3.13754981107e-07, 2.23962729251e-07, 1.35668358325e-07, 9.69071578538e-08],
        "min": [2.70121494786e-24, 2.69574202811e-24, 3.55988787383e-24, 3.47354586446e-24, 3.0669902253e-24, 4.1446799292e-24, 5.44072475393e-24, 5.75823416854e-24, 3.92648928585e-24, 5.22306895828e-24, 1.00800084406e-24, 4.35459660494e-24, 4.11029545449e-24, 3.70681085084e-24, 4.11409815848e-24, 3.78070739614e-24, 4.58504456903e-24, 4.99295231577e-24, 3.77934424449e-24, 2.78300148272e-24, 4.40257275861e-24, 4.37656756444e-24, 5.53594894266e-24, 4.02223806708e-24, 5.55932880774e-24, 6.92930843753e-24, 7.00439064077e-24, 6.38459524931e-24, 4.95917841941e-24, 5.59384265564e-24, 8.06311849508e-24, 5.06086692882e-24, 6.98673593371e-24, 5.78939259657e-24, 8.24147442372e-24, 6.98060963992e-24, 4.54568987619e-24, 6.39147727185e-24, 6.80211171631e-24, 6.90772047e-24],
        "var": [4.79092977912e-06, 1.67321813933e-05, 7.2137877396e-06, 2.06694676308e-06, 6.3447669163e-07, 7.48622767333e-07, 5.14692942488e-07, 2.18113527239e-07, 6.47867750558e-08, 1.10809345699e-07, 7.80757005714e-08, 2.6446903334e-08, 8.53603552287e-08, 2.76618052908e-08, 7.24966540133e-08, 2.12712851777e-08, 1.43977016975e-08, 9.39397004629e-09, 2.00166283548e-09, 2.46134401749e-09, 1.13023768122e-09, 5.98684601893e-10, 2.29619781522e-10, 7.14286074732e-10, 1.42815217985e-10, 1.82739351429e-10, 1.13064183016e-10, 6.83560430481e-11, 4.18369922039e-11, 2.20936428874e-11, 2.33479156148e-11, 1.66523825978e-11, 1.09700304396e-11, 9.69508414522e-12, 6.90556205968e-12, 3.08068913261e-12, 1.86298827927e-12, 1.23613283238e-12, 5.98245411543e-13, 3.5255126726e-13]
    },
    "mfcc": {
        "mean": [-640.387390137, 132.952514648, 8.49099159241, 27.502494812, -0.966175198555, 6.68411254883, 1.89112246037, 6.73492097855, -2.95696616173, 2.81258583069, -1.00584578514, 1.22753572464, -1.59808933735],
        "cov": [[5661.19628906, -482.004364014, 9.23345470428, 216.619308472, 32.6696891785, 58.5748634338, -42.9421157837, 56.0202865601, 24.3772449493, -37.8422698975, -71.9337463379, 19.050951004, 182.46446228], [-482.004364014, 856.078552246, -156.928665161, -56.4763259888, 27.7837409973, -55.4171218872, -49.5922584534, -26.4376449585, -63.5373077393, -35.1354103088, -27.3988189697, -3.70368766785, -29.0367698669], [9.23345470428, -156.928665161, 405.005950928, 74.0985794067, 51.48645401, 77.3718109131, 27.7639293671, 13.6889591217, 10.0045747757, -7.64471769333, -7.36325931549, -9.48766326904, 0.494943290949], [216.619308472, -56.4763259888, 74.0985794067, 168.479705811, 50.659702301, 29.2339057922, 16.9488677979, 5.97919893265, 8.29702758789, -0.78548926115, -12.9187870026, 1.03443038464, 15.7973279953], [32.6696891785, 27.7837409973, 51.48645401, 50.659702301, 102.620956421, 53.3048210144, 13.0294771194, -5.64327907562, 4.77155923843, 2.32702422142, 1.77261388302, -0.727189421654, 4.03752470016], [58.5748634338, -55.4171218872, 77.3718109131, 29.2339057922, 53.3048210144, 111.039710999, 47.1166687012, -6.4324131012, 5.48130607605, 14.3698663712, 15.017083168, 4.85738039017, -4.01693487167], [-42.9421157837, -49.5922584534, 27.7639293671, 16.9488677979, 13.0294771194, 47.1166687012, 75.8039016724, 27.5713043213, 10.5961141586, 11.5618314743, 15.6315546036, 10.3458824158, 3.7368118763], [56.0202865601, -26.4376449585, 13.6889591217, 5.97919893265, -5.64327907562, -6.4324131012, 27.5713043213, 80.5146865845, 37.2971801758, 6.73720932007, -5.95403146744, 2.98370432854, 13.6238660812], [24.3772449493, -63.5373077393, 10.0045747757, 8.29702758789, 4.77155923843, 5.48130607605, 10.5961141586, 37.2971801758, 71.4048080444, 33.8892059326, 3.88820958138, 1.73045134544, 8.08298206329], [-37.8422698975, -35.1354103088, -7.64471769333, -0.78548926115, 2.32702422142, 14.3698663712, 11.5618314743, 6.73720932007, 33.8892059326, 73.754699707, 39.2594184875, 11.279132843, -5.11617279053], [-71.9337463379, -27.3988189697, -7.36325931549, -12.9187870026, 1.77261388302, 15.017083168, 15.6315546036, -5.95403146744, 3.88820958138, 39.2594184875, 70.4636306763, 31.392414093, -3.68949460983], [19.050951004, -3.70368766785, -9.48766326904, 1.03443038464, -0.727189421654, 4.85738039017, 10.3458824158, 2.98370432854, 1.73045134544, 11.279132843, 31.392414093, 57.9451332092, 32.0076980591], [182.46446228, -29.0367698669, 0.494943290949, 15.7973279953, 4.03752470016, -4.01693487167, 3.7368118763, 13.6238660812, 8.08298206329, -5.11617279053, -3.68949460983, 32.0076980591, 74.8078460693]],
