{
"lowlevel": {
    "average_loudness": 0.925446093082,
    "barkbands_crest": {
        "dmean": 3.58464670181,
        "dmean2": 5.62787914276,
        "dvar": 11.0758237839,
        "dvar2": 23.461145401,
        "max": 26.5525894165,
        "mean": 12.0507440567,
        "median": 10.7784128189,
        "min": 2.30228710175,
        "var": 30.7200450897
    },
    "barkbands_flatness_db": {
        "dmean": 0.0477395877242,
        "dmean2": 0.0685906112194,
        "dvar": 0.00213119667023,
        "dvar2": 0.00407511740923,
        "max": 0.848857820034,
        "mean": 0.191079765558,
        "median": 0.181893125176,
        "min": 0.0180076789111,
        "var": 0.0100953672081
    },
    "barkbands_kurtosis": {
        "dmean": 19.6808948517,
        "dmean2": 30.9410743713,
        "dvar": 4202.52441406,
        "dvar2": 10777.1347656,
        "max": 1362.59838867,
        "mean": 23.589176178,
        "median": 7.88374614716,
        "min": -1.978074193,
        "var": 5153.19580078
    },
    "barkbands_skewness": {
        "dmean": 1.36722481251,
        "dmean2": 2.01044774055,
        "dvar": 3.13942313194,
        "dvar2": 6.6279630661,
        "max": 30.0485305786,
        "mean": 2.75419187546,
        "median": 2.32725262642,
        "min": -6.63661432266,
        "var": 8.5700712204
    },
    "barkbands_spread": {
        "dmean": 9.55929470062,
        "dmean2": 15.2654409409,
        "dvar": 174.553466797,
        "dvar2": 378.317260742,
        "max": 129.744628906,
        "mean": 16.6993598938,
        "median": 9.08783245087,
        "min": 0.0684666410089,
        "var": 337.471710205
    },
    "dissonance": {
        "dmean": 0.0236818734556,
        "dmean2": 0.0398043654859,
        "dvar": 0.000557947554626,
        "dvar2": 0.0014985963935,
        "max": 0.500000119209,
        "mean": 0.459676802158,
        "median": 0.468013316393,
        "min": 0.225607648492,
        "var": 0.00116652762517
    },
    "dynamic_complexity": 3.80741000175,
    "erbbands_crest": {
        "dmean": 2.68957281113,
        "dmean2": 4.53616476059,
        "dvar": 7.38507175446,
        "dvar2": 18.9641704559,
        "max": 31.0062236786,
        "mean": 7.64011049271,
        "median": 6.59910011292,
        "min": 1.9813876152,
        "var": 14.374127388
    },
    "erbbands_flatness_db": {
        "dmean": 0.0269446000457,
        "dmean2": 0.0410893298686,
        "dvar": 0.000729487685021,
        "dvar2": 0.00154556310736,
        "max": 0.477772295475,
        "mean": 0.152064904571,
        "median": 0.133782997727,
        "min": 0.0485233217478,
        "var": 0.00462931580842
    },
    "erbbands_kurtosis": {
        "dmean": 2.15539216995,
        "dmean2": 3.44886994362,
        "dvar": 24.2080669403,
        "dvar2": 53.5778923035,
        "max": 193.629669189,
        "mean": 1.67234456539,
        "median": 0.4753241539,
        "min": -1.89208316803,
        "var": 33.8040657043
    },
    "erbbands_skewness": {
        "dmean": 0.598745465279,
        "dmean2": 0.906441688538,
        "dvar": 0.450014978647,
        "dvar2": 0.896692812443,
        "max": 12.7254867554,
        "mean": 0.702620565891,
        "median": 0.70246142149,
        "min": -7.25371742249,
        "var": 1.1630269289
    },
    "erbbands_spread": {
        "dmean": 16.0785388947,
        "dmean2": 25.2024211884,
        "dvar": 366.140289307,
        "dvar2": 817.700866699,
        "max": 177.165924072,
        "mean": 43.861125946,
        "median": 36.875957489,
        "min": 2.17708873749,
        "var": 818.429199219
    },
    "hfc": {
        "dmean": 13.3082990646,
        "dmean2": 21.765001297,
        "dvar": 401.571228027,
        "dvar2": 1007.86846924,
        "max": 150.778991699,
        "mean": 16.5528049469,
        "median": 10.3822879791,
        "min": 1.16125980372e-16,
        "var": 395.292633057
    },
    "melbands_crest": {
        "dmean": 4.30207443237,
        "dmean2": 6.74139118195,
        "dvar": 16.5780925751,
        "dvar2": 38.2999649048,
        "max": 39.942741394,
        "mean": 16.0342693329,
        "median": 14.9143314362,
        "min": 2.0558526516,
        "var": 45.6668586731
    },
    "melbands_flatness_db": {
        "dmean": 0.0593985915184,
        "dmean2": 0.0837074294686,
        "dvar": 0.00345078366809,
        "dvar2": 0.00664987647906,
        "max": 0.928364634514,
        "mean": 0.27298361063,
        "median": 0.274671375751,
        "min": 0.00579934893176,
        "var": 0.0174019876868
    },
    "melbands_kurtosis": {
        "dmean": 35.2602157593,
        "dmean2": 52.9634666443,
        "dvar": 50061.0664062,
        "dvar2": 82126.1875,
        "max": 16175.0175781,
        "mean": 51.8063545227,
        "median": 18.5777492523,
        "min": -1.96003603935,
        "var": 83866.6328125
    },
    "melbands_skewness": {
        "dmean": 1.61087012291,
        "dmean2": 2.39735484123,
        "dvar": 4.85825872421,
        "dvar2": 9.92772674561,
        "max": 74.2402267456,
        "mean": 4.0390048027,
        "median": 3.31293320656,
        "min": -3.00546741486,
        "var": 12.1407089233
    },
    "melbands_spread": {
        "dmean": 12.2964992523,
        "dmean2": 19.4604492188,
        "dvar": 603.39074707,
        "dvar2": 1286.79541016,
        "max": 319.266052246,
        "mean": 20.3354721069,
        "median": 7.28443813324,
        "min": 0.0043424256146,
        "var": 1310.45690918
    },
    "pitch_salience": {
        "dmean": 0.112392783165,
        "dmean2": 0.173930242658,
        "dvar": 0.0101059516892,
        "dvar2": 0.02377198264,
        "max": 0.922656476498,
        "mean": 0.575909435749,
        "median": 0.614151418209,
        "min": 0.0175915397704,
        "var": 0.0291609577835
    },
    "silence_rate_20dB": {
        "dmean": 0,
        "dmean2": 0,
        "dvar": 0,
        "dvar2": 0,
        "max": 1,
        "mean": 1,
        "median": 1,
        "min": 1,
        "var": 0
    },
    "silence_rate_30dB": {
        "dmean": 0.0805140286684,
        "dmean2": 0.161049187183,
        "dvar": 0.0740261375904,
        "dvar2": 0.155568316579,
        "max": 1,
        "mean": 0.915563106537,
        "median": 1,
        "min": 0,
        "var": 0.0773120746017
    },
    "silence_rate_60dB": {
        "dmean": 0.0786782056093,
        "dmean2": 0.157377049327,
        "dvar": 0.0724871605635,
        "dvar2": 0.160944998264,
        "max": 1,
        "mean": 0.135702118278,
        "median": 0,
        "min": 0,
        "var": 0.117289751768
    },
    "spectral_centroid": {
        "dmean": 414.232849121,
        "dmean2": 631.233032227,
        "dvar": 365144.90625,
        "dvar2": 667270.625,
        "max": 10781.3134766,
        "mean": 1051.02270508,
        "median": 621.704833984,
        "min": 55.4639282227,
        "var": 1160239
    },
    "spectral_complexity": {
        "dmean": 5.21269321442,
        "dmean2": 7.95855760574,
        "dvar": 49.2268829346,
        "dvar2": 110.493362427,
        "max": 57,
        "mean": 12.1296710968,
        "median": 11,
        "min": 0,
        "var": 89.4457244873
    },
    "spectral_decrease": {
        "dmean": 6.03593797166e-09,
        "dmean2": 9.90463089323e-09,
        "dvar": 6.50607462624e-17,
        "dvar2": 1.61903942181e-16,
        "max": -1.5700282018e-28,
        "mean": -1.1217799134e-08,
        "median": -8.62228333176e-09,
        "min": -7.51579491975e-08,
        "var": 1.2343433946e-16
    },
    "spectral_energy": {
        "dmean": 0.0235421117395,
        "dmean2": 0.0385822504759,
        "dvar": 0.000953851209488,
        "dvar2": 0.00237831333652,
        "max": 0.285856485367,
        "mean": 0.0438399091363,
        "median": 0.0343624167144,
        "min": 1.11255404647e-20,
        "var": 0.00181312428322
    },
    "spectral_energyband_high": {
        "dmean": 0.000950186804403,
        "dmean2": 0.00160163105465,
        "dvar": 2.87056332127e-06,
        "dvar2": 7.33938850317e-06,
        "max": 0.0140032116324,
        "mean": 0.00085000297986,
        "median": 0.000177587673534,
        "min": 7.91247612094e-21,
        "var": 2.49204413194e-06
    },
    "spectral_energyband_low": {
        "dmean": 0.0166655350477,
        "dmean2": 0.0250543896109,
        "dvar": 0.000637700955849,
        "dvar2": 0.0015260220971,
        "max": 0.28232768178,
        "mean": 0.0269010383636,
        "median": 0.0152854230255,
        "min": 1.7825525106e-22,
        "var": 0.00116545776837
    },
    "spectral_energyband_middle_high": {
        "dmean": 0.00186088017654,
        "dmean2": 0.00308634759858,
        "dvar": 1.53567034431e-05,
        "dvar2": 3.75696763513e-05,
        "max": 0.0383149236441,
        "mean": 0.00211163214408,
        "median": 0.000759874877986,
        "min": 1.87939756868e-21,
        "var": 1.56564874487e-05
    },
    "spectral_energyband_middle_low": {
        "dmean": 0.0139370150864,
        "dmean2": 0.0236513502896,
        "dvar": 0.000653085240629,
        "dvar2": 0.00176630425267,
        "max": 0.247269302607,
        "mean": 0.0167999789119,
        "median": 0.00985460635275,
        "min": 3.67974809396e-22,
        "var": 0.000534561986569
    },
    "spectral_entropy": {
        "dmean": 0.359728127718,
        "dmean2": 0.545302569866,
        "dvar": 0.151977226138,
        "dvar2": 0.324411183596,
        "max": 9.79336833954,
        "mean": 7.41354227066,
        "median": 7.47702980042,
        "min": 4.03655815125,
        "var": 0.587095856667
    },
    "spectral_flux": {
        "dmean": 0.0524457879364,
        "dmean2": 0.0832169055939,
        "dvar": 0.0035048192367,
        "dvar2": 0.00737335160375,
        "max": 0.481298297644,
        "mean": 0.11650441587,
        "median": 0.0952113196254,
        "min": 1.05477675205e-10,
        "var": 0.00697143981233
    },
    "spectral_kurtosis": {
        "dmean": 4.96976566315,
        "dmean2": 8.12870788574,
        "dvar": 192.105819702,
        "dvar2": 538.26348877,
        "max": 634.58203125,
        "mean": 9.99474334717,
        "median": 3.75239276886,
        "min": -1.26111531258,
        "var": 865.756958008
    },
    "spectral_rms": {
        "dmean": 0.00171463401057,
        "dmean2": 0.00263321888633,
        "dvar": 3.49636070496e-06,
        "dvar2": 7.53109452489e-06,
        "max": 0.0166998319328,
        "mean": 0.00562904309481,
        "median": 0.00579001801088,
        "min": 3.29456904466e-12,
        "var": 1.10846740426e-05
    },
    "spectral_rolloff": {
        "dmean": 910.032775879,
        "dmean2": 1534.58032227,
        "dvar": 3788068,
        "dvar2": 7958643.5,
        "max": 18303.2226562,
        "mean": 1563.54675293,
        "median": 366.064453125,
        "min": 21.533203125,
        "var": 8673111
    },
    "spectral_skewness": {
        "dmean": 0.491145670414,
        "dmean2": 0.764631688595,
        "dvar": 0.415466040373,
        "dvar2": 1.02743053436,
        "max": 20.261806488,
        "mean": 2.02531909943,
        "median": 1.66537296772,
        "min": -0.664002299309,
        "var": 2.3083615303
    },
    "spectral_spread": {
        "dmean": 1140766.375,
        "dmean2": 1711653.375,
        "dvar": 1.96316377907e+12,
        "dvar2": 3.83143038157e+12,
        "max": 40369312,
        "mean": 5362987.5,
        "median": 5340805,
        "min": 187969.484375,
        "var": 7.04540573696e+12
    },
    "spectral_strongpeak": {
        "dmean": 0.301178872585,
        "dmean2": 0.503742933273,
        "dvar": 0.207323670387,
        "dvar2": 0.507313191891,
        "max": 9.45158100128,
        "mean": 0.485661804676,
        "median": 0.368952512741,
        "min": 0,
        "var": 0.256522595882
    },
    "zerocrossingrate": {
        "dmean": 0.0214050430804,
        "dmean2": 0.0240602586418,
        "dvar": 0.000954470364377,
        "dvar2": 0.000868058297783,
        "max": 0.80810546875,
        "mean": 0.0624625496566,
        "median": 0.03369140625,
        "min": 0.00048828125,
        "var": 0.00627198582515
    },
    "barkbands": {
        "dmean": [0.000524003873579, 0.0140160424635, 0.00355387362652, 0.00580906262621, 0.00612383708358, 0.00213519111276, 0.000930105161387, 0.000677647010889, 0.000880599778611, 0.000275464379229, 0.000467543926788, 0.000249575154157, 0.00029127477319, 0.000209851088584, 0.000149881816469, 0.000139613097417, 0.000109534419607, 0.000101120749605, 9.99030671665e-05, 0.000123800826259, 0.000112536763481, 0.000131513937959, 0.000208550816751, 0.000214795436477, 0.000140789474244, 0.000105166924186, 1.2487764252e-05],
        "dmean2": [0.000740460061934, 0.0222386401147, 0.00559151498601, 0.0102065932006, 0.0107129346579, 0.00358380191028, 0.00162251130678, 0.00120037421584, 0.00154063676018, 0.000458380905911, 0.000816960528027, 0.00042595519335, 0.000492885475978, 0.000349766080035, 0.000249322736636, 0.000238037609961, 0.000181388837518, 0.000175354580279, 0.000175941910129, 0.00021835116786, 0.000194925887627, 0.000224769610213, 0.000363096914953, 0.000361622951459, 0.000238733497099, 0.00017756948364, 2.05306223506e-05],
        "dvar": [8.02063084393e-07, 0.000625110464171, 3.19944192597e-05, 0.000157030008268, 0.000149437124492, 1.46280035551e-05, 2.88337037091e-06, 1.76758601356e-06, 3.69649160348e-06, 3.3080874573e-07, 1.39280291478e-06, 3.53233588157e-07, 5.12182396051e-07, 3.09960654477e-07, 1.42206133091e-07, 1.26880124185e-07, 6.0073652719e-08, 4.1948077012e-08, 4.87047486786e-08, 7.6317782316e-08, 6.02585785714e-08, 8.43282990104e-08, 1.53296412009e-07, 1.59868278615e-07, 7.91145282619e-08, 4.61198936819e-08, 2.14418927058e-09],
        "dvar2": [1.61137472787e-06, 0.00150729517918, 7.95801097411e-05, 0.000441487703938, 0.000412959052483, 3.74077644665e-05, 7.7765334936e-06, 4.85477403345e-06, 1.0345537703e-05, 8.57194891069e-07, 3.79812308893e-06, 8.87964006324e-07, 1.3019285916e-06, 7.51800484977e-07, 3.36380367116e-07, 3.25832871795e-07, 1.43007213182e-07, 1.08222870665e-07, 1.31201304043e-07, 2.03925679898e-07, 1.575135542e-07, 2.21284423674e-07, 3.99346475888e-07, 3.92503721969e-07, 2.05086195137e-07, 1.17683740086e-07, 5.18376586101e-09],
        "max": [0.013574289158, 0.24665376544, 0.107406981289, 0.129826486111, 0.110966183245, 0.0571587793529, 0.0242831669748, 0.0173314530402, 0.0282527972013, 0.00622048601508, 0.0138299884275, 0.00800571870059, 0.0113951778039, 0.00736379995942, 0.00481406366453, 0.00488878972828, 0.00296438974328, 0.00220618001185, 0.00261450698599, 0.00303156790324, 0.00266005704179, 0.00294437934645, 0.00293665681966, 0.00399035401642, 0.00263911439106, 0.00252251047641, 0.000888649432454],
        "mean": [0.000786999822594, 0.0176243167371, 0.00571227213368, 0.00552729936317, 0.00624912092462, 0.00241778162308, 0.000988030922599, 0.000655236770399, 0.000883613189217, 0.00030370571767, 0.000467759789899, 0.00024717618362, 0.000271328928648, 0.000213811319554, 0.000151429194375, 0.000132125263917, 0.000111222987471, 9.44925704971e-05, 9.45547581068e-05, 0.00010778241267, 0.000103231053799, 0.000120337077533, 0.000166893209098, 0.000186908320757, 0.000120201111713, 9.13833573577e-05, 1.08981057565e-05],
        "median": [0.000165882855072, 0.00565295061097, 0.00182703544851, 0.00200291979127, 0.00222215149552, 0.00116824486759, 0.000440239789896, 0.000272271397989, 0.000396226590965, 0.000119286982226, 0.000127220264403, 7.31094041839e-05, 6.44518077024e-05, 4.50037696282e-05, 3.69832196156e-05, 2.98289305647e-05, 2.67541417998e-05, 2.21020000026e-05, 2.88246155833e-05, 2.58914369624e-05, 2.02323135454e-05, 2.63548336079e-05, 2.39405562752e-05, 2.47088973993e-05, 1.84536893357e-05, 1.08394942799e-05, 3.49860755477e-07],
        "min": [1.30309708346e-23, 4.37734782676e-23, 9.15992592747e-23, 3.84064504772e-23, 4.40852487191e-23, 6.70067919226e-23, 8.49927826963e-23, 3.58652265788e-23, 8.83519922444e-23, 4.9687710469e-23, 8.73844511887e-23, 8.00727582046e-23, 1.27840753573e-22, 1.87276348828e-22, 1.92517906713e-22, 9.01274657066e-23, 1.14426647196e-22, 4.10685884507e-22, 3.46117354357e-22, 3.08769599391e-22, 4.94618968261e-22, 4.57360095831e-22, 7.06957402804e-22, 8.00404426754e-22, 1.5388226122e-21, 1.77887412162e-21, 2.21168001932e-21],
        "var": [1.60491504175e-06, 0.000860955158714, 6.75007031532e-05, 0.000113003246952, 0.000109998429252, 1.45092235471e-05, 2.61576360572e-06, 1.38617394896e-06, 2.71272097052e-06, 3.27751791929e-07, 1.24013581626e-06, 3.19154509043e-07, 4.45846808361e-07, 3.06115651938e-07, 1.41955268873e-07, 1.07824781992e-07, 6.27539193943e-08, 3.82825788847e-08, 3.86608540737e-08, 5.59593225091e-08, 4.76455497278e-08, 6.65665851329e-08, 1.20006646398e-07, 1.52532237507e-07, 6.76164546576e-08, 4.17306083023e-08, 2.08260231283e-09]
    },
    "erbbands": {
        "dmean": [0.437924742699, 3.13686656952, 3.96639752388, 12.1106491089, 24.549249649, 17.7272090912, 15.1266202927, 16.6721439362, 12.525472641, 14.1367311478, 18.1198959351, 21.4533843994, 9.2502784729, 11.8812389374, 16.289981842, 10.6868638992, 12.7661180496, 10.2436933517, 9.38660049438, 7.74421739578, 7.80876636505, 5.75268220901, 5.74373245239, 4.70308589935, 5.66439771652, 5.98801374435, 5.00942516327, 4.27541065216, 4.277094841, 4.8131608963, 5.87735652924, 5.80317115784, 3.08878421783, 1.66003203392, 0.913628101349, 0.557219445705, 0.172198459506, 0.0247800145298, 0.00235608033836, 5.9307745687e-05],
        "dmean2": [0.706454634666, 4.95780420303, 6.04646348953, 20.823348999, 44.1893844604, 30.3886909485, 24.9454917908, 28.2840843201, 21.7089920044, 24.7277336121, 32.2022132874, 37.6143798828, 15.4853153229, 20.4024448395, 27.9096107483, 18.169670105, 21.4913406372, 17.2418727875, 15.3920536041, 13.0204172134, 13.168504715, 9.5696105957, 9.86201953888, 8.14627742767, 10.1020088196, 10.4979076385, 8.70154380798, 7.4833779335, 7.26898860931, 8.32144546509, 10.1603183746, 9.78186702728, 5.24676179886, 2.81370639801, 1.54035031796, 0.938194453716, 0.293914288282, 0.040430277586, 0.00386753981002, 9.666357073e-05],
        "dvar": [0.639139175415, 31.444688797, 39.000705719, 527.466369629, 3254.13305664, 1014.76098633, 571.558105469, 952.097045898, 564.029724121, 781.99029541, 1191.83410645, 2312.72924805, 278.7762146, 644.743713379, 1608.3614502, 599.604309082, 898.27935791, 908.097290039, 541.813293457, 333.321502686, 401.363189697, 153.698303223, 132.516082764, 103.969078064, 176.423309326, 178.146484375, 121.437042236, 89.1030197144, 89.1872940063, 108.007789612, 119.959327698, 124.964027405, 30.9114360809, 10.4886388779, 3.21078824997, 1.37527596951, 0.123290508986, 0.00294017908163, 8.72014425113e-05, 1.53667283342e-08],
        "dvar2": [1.63685202599, 72.8665390015, 90.7047271729, 1465.45397949, 9192.34277344, 2776.48583984, 1489.62658691, 2446.16430664, 1525.24694824, 2175.64868164, 3254.01123047, 6499.18164062, 715.973937988, 1702.59912109, 4221.02783203, 1523.85009766, 2242.70898438, 2280.86352539, 1229.69433594, 830.713623047, 1015.93103027, 362.363006592, 333.959259033, 276.442321777, 487.343017578, 469.42300415, 312.689666748, 241.198440552, 233.438659668, 283.009338379, 310.359649658, 306.026733398, 76.8706665039, 27.1978569031, 8.21537780762, 3.47234082222, 0.321165919304, 0.00713415443897, 0.000212681174162, 3.70453676624e-08],
        "max": [6.84465408325, 67.2625579834, 146.445983887, 235.92300415, 618.449401855, 322.276733398, 274.684326172, 445.036468506, 374.727142334, 417.681762695, 442.691162109, 800.911010742, 190.986572266, 297.527526855, 562.516479492, 284.340057373, 482.54510498, 445.405059814, 275.550231934, 239.475021362, 271.780181885, 135.641647339, 125.469795227, 130.219467163, 162.105239868, 143.804275513, 104.573028564, 109.648139954, 87.7830123901, 94.8865432739, 89.6220779419, 124.345916748, 45.3553085327, 29.125793457, 18.360294342, 14.363492012, 3.56096291542, 0.715645730495, 0.211812645197, 0.00281154597178],
        "mean": [0.543384134769, 3.74429893494, 6.56475257874, 14.0708332062, 22.3438415527, 18.770740509, 18.5514698029, 18.477930069, 13.3280925751, 14.564239502, 17.5903873444, 21.2957801819, 10.7076931, 12.561296463, 16.9580402374, 10.8319559097, 12.4586868286, 9.71474933624, 9.92650794983, 8.00748538971, 7.4551153183, 5.92699241638, 5.4840593338, 4.58196306229, 5.09184932709, 5.25155591965, 4.54346036911, 3.85176610947, 4.00449132919, 4.1247177124, 4.79168176651, 4.8885679245, 2.64381146431, 1.42557132244, 0.795049488544, 0.494373083115, 0.142723292112, 0.022743050009, 0.002109373454, 8.50532669574e-05],
        "median": [0.142163649201, 1.19270849228, 3.17007231712, 5.94384002686, 6.89552021027, 7.89679861069, 9.48329257965, 8.69725227356, 6.00766134262, 6.56913328171, 7.61490249634, 9.51876544952, 4.9082660675, 4.8352432251, 5.09403753281, 3.46718287468, 3.15326595306, 2.25758504868, 2.25627660751, 1.97659921646, 1.69581830502, 1.54018843174, 1.2726290226, 1.34201455116, 1.56884622574, 1.17787504196, 0.948150455952, 0.756698906422, 0.883333086967, 0.842142164707, 0.7054515481, 0.576202690601, 0.357890933752, 0.218409836292, 0.122626677155, 0.0566994212568, 0.0169990025461, 0.003618148854, 0.000140515112435, 5.71790515096e-05],
        "min": [2.26305609407e-21, 7.25259117169e-21, 7.85631201138e-20, 1.52838006685e-19, 1.12441103432e-19, 1.85818757533e-19, 2.69656252651e-19, 5.87444025496e-19, 5.33399973379e-19, 1.71052379017e-18, 1.41978045481e-18, 1.9669054225e-18, 9.26688579087e-19, 3.35570031195e-18, 3.51169147943e-18, 3.04312054579e-18, 6.6869739804e-18, 9.12537710835e-18, 1.07825648096e-17, 6.9766745512e-18, 4.39075203282e-18, 7.26380962134e-18, 1.39535145385e-17, 2.4233200685e-17, 2.00168989754e-17, 1.44828737346e-17, 1.41714137642e-17, 2.09272525986e-17, 1.60470821991e-17, 1.41530999855e-17, 2.23837224426e-17, 1.84010330817e-17, 1.36146707539e-17, 1.54452685988e-17, 1.20928586046e-17, 6.72297701656e-18, 3.36164195029e-18, 1.1827722196e-18, 2.90116177361e-19, 3.30232666387e-20],
        "var": [0.875323235989, 41.4071464539, 72.8096160889, 459.641601562, 2084.11914062, 842.680236816, 613.918701172, 915.436645508, 505.527252197, 623.567810059, 941.200744629, 1675.46801758, 302.091094971, 581.122802734, 1530.2980957, 542.865966797, 828.441101074, 765.285339355, 578.264709473, 345.792572021, 346.936859131, 161.561065674, 125.338172913, 90.7800674438, 123.412742615, 134.235122681, 97.3787689209, 65.7034606934, 71.7849807739, 83.5432815552, 96.0559463501, 117.062019348, 28.2905349731, 9.00760173798, 2.84994244576, 1.30755770206, 0.102498725057, 0.00295872124843, 8.35869868752e-05, 1.69978591202e-08]
    },
    "gfcc": {
        "mean": [-45.3573570251, 97.5856246948, -82.6216125488, 30.1988430023, -53.5726394653, 14.3595876694, -32.2687492371, 5.85256242752, -21.7514133453, 0.506594181061, -14.8380756378, -0.465051412582, -10.3375444412],
        "cov": [[15609.6015625, -2000.80395508, 669.862182617, 604.765136719, -816.732971191, 955.617675781, -725.466674805, 530.466308594, -629.223205566, 356.126434326, -438.472473145, 348.489868164, -417.002227783], [-2000.80395508, 6045.45410156, -7.08075618744, -263.111907959, 742.033813477, -788.325012207, 775.725097656, -588.671630859, 401.972290039, -490.244232178, 268.55581665, -432.383911133, 355.246948242], [669.862182617, -7.08075618744, 1710.18249512, 407.235412598, 239.103225708, 255.52935791, 74.3128662109, 194.83644104, 4.84751749039, 60.5541610718, -26.1396503448, 39.582233429, -82.8421859741], [604.765136719, -263.111907959, 407.235412598, 645.083862305, 191.562179565, 219.590286255, 100.438827515, 111.284843445, 28.7242870331, 59.36302948, 0.91379070282, 28.0619411469, -23.4845199585], [-816.732971191, 742.033813477, 239.103225708, 191.562179565, 514.987609863, 43.2974739075, 273.522918701, -20.3895721436, 147.19303894, -30.9336662292, 81.0020904541, -30.3858013153, 79.7072906494], [955.617675781, -788.325012207, 255.52935791, 219.590286255, 43.2974739075, 417.388977051, -23.8129386902, 185.208190918, -37.6656532288, 112.260757446, -15.1587095261, 105.589179993, -39.4978599548], [-725.466674805, 775.725097656, 74.3128662109, 100.438827515, 273.522918701, -23.8129386902, 305.76260376, -23.8093795776, 139.460617065, -34.6611976624, 81.8824920654, -50.349029541, 74.5040359497], [530.466308594, -588.671630859, 194.83644104, 111.284843445, -20.3895721436, 185.208190918, -23.8093795776, 201.584350586, 9.9386548996, 102.877304077, -1.39416182041, 71.1466445923, -36.5994148254], [-629.223205566, 401.972290039, 4.84751749039, 28.7242870331, 147.19303894, -37.6656532288, 139.460617065, 9.9386548996, 157.064880371, 0.383431106806, 76.2892074585, -22.7703094482, 61.4534378052], [356.126434326, -490.244232178, 60.5541610718, 59.36302948, -30.9336662292, 112.260757446, -34.6611976624, 102.877304077, 0.383431106806, 124.623199463, 5.47220230103, 72.5400772095, -20.5596599579], [-438.472473145, 268.55581665, -26.1396503448, 0.91379070282, 81.0020904541, -15.1587095261, 81.8824920654, -1.39416182041, 76.2892074585, 5.47220230103, 107.960639954, 6.05586481094, 52.4157409668], [348.489868164, -432.383911133, 39.582233429, 28.0619411469, -30.3858013153, 105.589179993, -50.349029541, 71.1466445923, -22.7703094482, 72.5400772095, 6.05586481094, 101.463806152, 4.06427001953], [-417.002227783, 355.246948242, -82.8421859741, -23.4845199585, 79.7072906494, -39.4978599548, 74.5040359497, -36.5994148254, 61.4534378052, -20.5596599579, 52.4157409668, 4.06427001953, 92.174911499]],
        "icov": [[0.000123767124023, -0.000141437427374, 4.31272637798e-05, -0.000129890468088, 0.000158206676133, -0.000232061749557, 0.000178657879587, -0.000199453701498, 0.000202369643375, -0.000152672815602, 0.000304211454932, -0.000367948581697, 0.000325106899254], [-0.000141437427374, 0.000720066193026, -0.000244736118475, 0.000310301198624, -0.000296723184874, 0.000589921197388, -0.000898718775716, 0.000741104828194, -0.000164129844052, 0.000690532498993, -0.000752918072976, 0.00146602466702, -0.00139891146682], [4.31272637798e-05, -0.000244736118475, 0.000905662600417, -0.000377978285542, -0.000377398944693, -0.000138655566843, 0.000293891964247, -0.00100537727121, 0.000224312097998, 0.000210744707147, 0.00030176906148, -0.00072592147626, 0.00124404602684], [-0.000129890468088, 0.000310301198624, -0.000377978285542, 0.0025115062017, -0.000750863458961, -0.000531609519385, -0.000894044875167, 0.000232391656027, -0.000106366358523, -0.000245174393058, -0.000112275498395, 0.00110982113983, -0.000215804131585], [0.000158206676133, -0.000296723184874, -0.000377398944693, -0.000750863458961, 0.00494146766141, -0.0014995012898, -0.0024649805855, 0.00148879608605, -0.00189239264, 0.000404648919357, 0.000640267913695, -0.00143389822915, 4.78155670862e-05], [-0.000232061749557, 0.000589921197388, -0.000138655566843, -0.000531609519385, -0.0014995012898, 0.00629454292357, -0.00103323638905, -0.00329692522064, 0.00226934673265, 0.000323610263877, -0.000735937152058, -0.00132535304874, -0.00102735916153], [0.000178657879587, -0.000898718775716, 0.000293891964247, -0.000894044875167, -0.0024649805855, -0.00103323638905, 0.0100415172055, -0.00126352964435, -0.00271363789216, -0.000801666232292, -0.000712389184628, 0.00192857498769, -0.000670582405291], [-0.000199453701498, 0.000741104828194, -0.00100537727121, 0.000232391656027, 0.00148879608605, -0.00329692522064, -0.00126352964435, 0.015018383041, -0.00600950745866, -0.00405588140711, -0.000232231977861, -0.00166472420096, 0.00298878084868], [0.000202369643375, -0.000164129844052, 0.000224312097998, -0.000106366358523, -0.00189239264, 0.00226934673265, -0.00271363789216, -0.00600950745866, 0.0187120717019, -0.00412124628201, -0.00515351863578, 0.00620404677466, -0.00659895222634], [-0.000152672815602, 0.000690532498993, 0.000210744707147, -0.000245174393058, 0.000404648919357, 0.000323610263877, -0.000801666232292, -0.00405588140711, -0.00412124628201, 0.0209330376238, -0.00171923730522, -0.0102830091491, 0.0044490210712], [0.000304211454932, -0.000752918072976, 0.00030176906148, -0.000112275498395, 0.000640267913695, -0.000735937152058, -0.000712389184628, -0.000232231977861, -0.00515351863578, -0.00171923730522, 0.0176708158106, -0.00444845296443, -0.00266481540166], [-0.000367948581697, 0.00146602466702, -0.00072592147626, 0.00110982113983, -0.00143389822915, -0.00132535304874, 0.00192857498769, -0.00166472420096, 0.00620404677466, -0.0102830091491, -0.00444845296443, 0.0300058200955, -0.014455543831], [0.000325106899254, -0.00139891146682, 0.00124404602684, -0.000215804131585, 4.78155670862e-05, -0.00102735916153, -0.000670582405291, 0.00298878084868, -0.00659895222634, 0.0044490210712, -0.00266481540166, -0.014455543831, 0.0275661554188]]
    },
    "melbands": {
        "dmean": [0.00400766218081, 0.00262554851361, 0.00246470584534, 0.0016130056465, 0.000521085516084, 0.000380257726647, 0.000187749101315, 0.000146027654409, 0.000161439136718, 0.000122586410725, 4.3970238039e-05, 4.59824041172e-05, 6.33694144199e-05, 3.10975774482e-05, 3.00407627947e-05, 2.5062048735e-05, 1.89048914763e-05, 1.66435074789e-05, 1.09767634058e-05, 9.65960134636e-06, 9.42477436183e-06, 6.03174112257e-06, 5.87493877902e-06, 4.73791396871e-06, 3.76292700821e-06, 3.88352327718e-06, 4.65303128294e-06, 3.71349233319e-06, 3.34252467837e-06, 2.55014492723e-06, 2.54311635217e-06, 2.44917623604e-06, 2.5593508326e-06, 2.65825997303e-06, 3.04335048895e-06, 4.37539893028e-06, 3.31359569827e-06, 2.09474137591e-06, 2.01217244467e-06, 1.24766665976e-06],
        "dmean2": [0.0064602647908, 0.00395080680028, 0.00432122545317, 0.00286786397919, 0.000858299084939, 0.000641664373688, 0.000327079964336, 0.000256323750364, 0.000286416907329, 0.000214665473322, 7.33240158297e-05, 7.86557066021e-05, 0.00010975368059, 5.28876771568e-05, 5.08327721036e-05, 4.23979363404e-05, 3.20663348248e-05, 2.74036192422e-05, 1.83048305189e-05, 1.63936256286e-05, 1.59286555572e-05, 1.00456963992e-05, 1.00300831036e-05, 8.28352222015e-06, 6.52824473946e-06, 6.88397085469e-06, 8.35246009956e-06, 6.48143577564e-06, 5.86022770221e-06, 4.42195505457e-06, 4.49226763521e-06, 4.17908813688e-06, 4.39041423306e-06, 4.63247124571e-06, 5.27547399543e-06, 7.60885995987e-06, 5.61702654522e-06, 3.57485691893e-06, 3.44549130205e-06, 2.12279769585e-06],
        "dvar": [5.3718831623e-05, 1.56063360919e-05, 2.57827650785e-05, 1.14040640256e-05, 6.26418398042e-07, 4.82510245092e-07, 1.24879832697e-07, 8.546287944e-08, 9.5294829805e-08, 7.60920926268e-08, 6.66990596088e-09, 9.41975475399e-09, 2.52263543388e-08, 6.01869620809e-09, 5.36310684751e-09, 3.77694986398e-09, 3.26165161546e-09, 1.68247560328e-09, 7.60629559338e-10, 5.47261680417e-10, 5.91782900461e-10, 1.75824590998e-10, 1.59755625395e-10, 1.00266531189e-10, 7.23485715781e-11, 7.6219003331e-11, 1.34079414238e-10, 6.40483638348e-11, 5.61617870265e-11, 3.05962408187e-11, 3.32419682059e-11, 2.79401484587e-11, 3.66310176636e-11, 3.19320819786e-11, 3.43120462598e-11, 7.38882288687e-11, 4.59447584145e-11, 1.41607524318e-11, 1.70886169798e-11, 6.17432797598e-12],
        "dvar2": [0.000135769223562, 3.31427872879e-05, 7.23888297216e-05, 3.17861886288e-05, 1.62706498941e-06, 1.23601489577e-06, 3.36324944783e-07, 2.38251416818e-07, 2.61709118377e-07, 2.14531553411e-07, 1.69616356516e-08, 2.47756215543e-08, 6.85762060471e-08, 1.48834091718e-08, 1.39602231997e-08, 9.38087563185e-09, 8.37255242914e-09, 3.84094267503e-09, 1.87241644412e-09, 1.39232192442e-09, 1.51027856887e-09, 4.11029682512e-10, 4.03194810872e-10, 2.64955446472e-10, 1.93580179664e-10, 2.0674149892e-10, 3.72886860278e-10, 1.6693817162e-10, 1.44861525553e-10, 8.09941280711e-11, 9.12946662712e-11, 7.36198740858e-11, 9.59953713742e-11, 8.40173902672e-11, 8.97075955186e-11, 1.90005469691e-10, 1.13940565316e-10, 3.53886815685e-11, 4.37267201614e-11, 1.63466237074e-11],
        "max": [0.0597063526511, 0.0712226107717, 0.0511562898755, 0.03090570122, 0.00776405399665, 0.0100677413866, 0.00565704936162, 0.0045586405322, 0.00415778812021, 0.00446165539324, 0.000910420261789, 0.00118175474927, 0.00212166504934, 0.001068876707, 0.00102228950709, 0.000903147214558, 0.00082136830315, 0.000529985816684, 0.000351175898686, 0.000256811035797, 0.000335138553055, 0.000158665090567, 0.000181657989742, 0.000133448338602, 0.000115731483675, 8.57526392792e-05, 0.000167151374626, 8.79333747434e-05, 7.82603237894e-05, 6.52753660688e-05, 6.47223714623e-05, 5.03062110511e-05, 6.74994080327e-05, 5.92410760873e-05, 5.19135282957e-05, 8.57242266648e-05, 7.54577413318e-05, 2.97611022688e-05, 4.82890136482e-05, 2.66399183602e-05],
        "mean": [0.00491670053452, 0.00410313112661, 0.00271507631987, 0.00156127987429, 0.000660911202431, 0.00042714108713, 0.000198283683858, 0.000151136642671, 0.000155053348863, 0.000122780664242, 5.03311748616e-05, 4.87318211526e-05, 6.5118772909e-05, 3.06816182274e-05, 2.94573001156e-05, 2.3278838853e-05, 1.77648289537e-05, 1.76118428499e-05, 1.09275561044e-05, 9.40454265219e-06, 8.84883320396e-06, 6.15878661847e-06, 5.61207798455e-06, 4.35559104517e-06, 3.61513980351e-06, 3.50043751496e-06, 3.96356199417e-06, 3.26206600221e-06, 2.92201184493e-06, 2.3837083063e-06, 2.19652224587e-06, 2.26966585615e-06, 2.29133570429e-06, 2.21578397941e-06, 2.50657990364e-06, 3.44173759004e-06, 2.82158657683e-06, 1.80438905772e-06, 1.68630469943e-06, 1.05135836748e-06],
        "median": [0.00150005100295, 0.00201249076054, 0.00114523409866, 0.000541231769603, 0.000362775434041, 0.00020202032465, 8.86926936801e-05, 6.85481572873e-05, 6.73279355397e-05, 5.52057026653e-05, 2.07654793485e-05, 1.85350982065e-05, 1.84340442502e-05, 9.34562831389e-06, 7.93020808487e-06, 5.67123970541e-06, 3.91483126805e-06, 3.67578741134e-06, 2.73347882285e-06, 2.19979415306e-06, 1.90212165307e-06, 1.57735826178e-06, 1.26524730604e-06, 1.04492528408e-06, 1.06062157101e-06, 9.79153242042e-07, 1.14604733881e-06, 6.69928056141e-07, 5.902728617e-07, 4.8000777042e-07, 4.08184746448e-07, 4.73861717865e-07, 4.84389033772e-07, 4.19208532776e-07, 3.88615774227e-07, 3.96803301328e-07, 3.08781750391e-07, 2.45778039698e-07, 2.3086499823e-07, 1.6305880024e-07],
        "min": [1.5539475938e-23, 3.05151498315e-23, 2.3905265374e-23, 1.17390809402e-23, 8.89864762259e-24, 1.32254053262e-23, 1.08825854676e-23, 1.58253969953e-23, 1.44150746244e-23, 1.10901126836e-23, 4.01185350213e-24, 1.29229418556e-23, 1.08264169934e-23, 1.05209542737e-23, 1.0969752231e-23, 1.32279849013e-23, 1.75051390312e-23, 1.60411141653e-23, 1.39010575918e-23, 6.35861017109e-24, 4.92481603281e-24, 6.40689555824e-24, 1.05709396561e-23, 1.75457353911e-23, 2.01814111833e-23, 1.36505421895e-23, 1.28174380204e-23, 8.6627506018e-24, 6.79389020796e-24, 1.20393379668e-23, 1.30617419319e-23, 8.89949407034e-24, 9.17164319404e-24, 6.81239294049e-24, 1.17781516431e-23, 1.68159443905e-23, 8.29549561851e-24, 6.99078121243e-24, 1.54975085378e-23, 1.17951792058e-23],
        "var": [7.01754979673e-05, 2.85678379441e-05, 1.95933134819e-05, 7.87678618508e-06, 7.02710622136e-07, 4.74299667985e-07, 1.12155376542e-07, 6.70613786724e-08, 7.36132435009e-08, 5.48572067771e-08, 7.38322603056e-09, 8.59834425881e-09, 2.35678516702e-08, 5.45328271429e-09, 4.55417481504e-09, 3.3410807454e-09, 2.66954103267e-09, 1.85624560167e-09, 7.23274717895e-10, 5.01515662332e-10, 5.08982023195e-10, 1.86137508185e-10, 1.47518552929e-10, 8.62306545613e-11, 6.11925787819e-11, 5.81028940239e-11, 8.77859035464e-11, 5.01329498748e-11, 4.40965458592e-11, 2.43906474878e-11, 2.33560115692e-11, 2.23838707986e-11, 2.85685555074e-11, 2.43483479906e-11, 2.67957444428e-11, 6.01829280855e-11, 4.2091174296e-11, 1.27896443436e-11, 1.48341061657e-11, 4.97044506248e-12]
    },
    "mfcc": {
        "mean": [-694.229736328, 127.75528717, 27.8410987854, 22.5333118439, 7.61415958405, 8.56476974487, 2.83422970772, 4.73092889786, -0.660546243191, 3.28040385246, -2.09426856041, -0.278930693865, -1.47470331192],
        "cov": [[11315.8222656, -216.697616577, 248.817398071, -144.850585938, -204.954025269, 59.1985168457, -66.2192382812, -10.6564788818, -161.308273315, -83.6840362549, -149.425338745, -6.57313108444, -97.0892868042], [-216.697616577, 4467.49707031, 7.71345424652, 472.045135498, -30.3389225006, 69.714553833, 98.0284576416, 28.3137531281, 128.11869812, -97.6980743408, 36.8525314331, -75.4997940063, -23.0658111572], [248.817398071, 7.71345424652, 1089.25195312, 252.096420288, 202.245391846, 88.9473953247, 96.364074707, 116.628631592, 31.9656105042, 78.2616043091, 37.0120162964, 20.735212326, 18.3001613617], [-144.850585938, 472.045135498, 252.096420288, 569.815368652, 157.664001465, 180.323440552, 129.18170166, 100.558738708, 108.305076599, 42.9047775269, 67.4456939697, 26.0784244537, 39.7065315247], [-204.954025269, -30.3389225006, 202.245391846, 157.664001465, 260.913909912, 144.364990234, 99.42603302, 98.169303894, 62.3278923035, 54.6819648743, 33.4193687439, 33.1549911499, 30.365896225], [59.1985168457, 69.714553833, 88.9473953247, 180.323440552, 144.364990234, 240.190765381, 133.303039551, 103.080413818, 78.5363540649, 39.4983825684, 33.6616668701, 28.5594711304, 26.8124084473], [-66.2192382812, 98.0284576416, 96.364074707, 129.18170166, 99.42603302, 133.303039551, 154.13293457, 97.5837478638, 58.5330657959, 46.125453949, 41.7915115356, 28.0778446198, 25.6517543793], [-10.6564788818, 28.3137531281, 116.628631592, 100.558738708, 98.169303894, 103.080413818, 97.5837478638, 127.976501465, 63.8736190796, 58.9182128906, 36.8584213257, 31.5889778137, 31.0964584351], [-161.308273315, 128.11869812, 31.9656105042, 108.305076599, 62.3278923035, 78.5363540649, 58.5330657959, 63.8736190796, 105.80380249, 41.9288291931, 41.3187561035, 20.7645587921, 22.6649303436], [-83.6840362549, -97.6980743408, 78.2616043091, 42.9047775269, 54.6819648743, 39.4983825684, 46.125453949, 58.9182128906, 41.9288291931, 96.5606079102, 46.3020477295, 31.8520278931, 27.0744132996], [-149.425338745, 36.8525314331, 37.0120162964, 67.4456939697, 33.4193687439, 33.6616668701, 41.7915115356, 36.8584213257, 41.3187561035, 46.3020477295, 77.5340118408, 36.2802124023, 24.8162307739], [-6.57313108444, -75.4997940063, 20.735212326, 26.0784244537, 33.1549911499, 28.5594711304, 28.0778446198, 31.5889778137, 20.7645587921, 31.8520278931, 36.2802124023, 62.6643791199, 32.1562576294], [-97.0892868042, -23.0658111572, 18.3001613617, 39.7065315247, 30.365896225, 26.8124084473, 25.6517543793, 31.0964584351, 22.6649303436, 27.0744132996, 24.8162307739, 32.1562576294, 65.7070236206]],
