{
"lowlevel": {
    "average_loudness": 0.860160768032,
    "barkbands_crest": {
        "dmean": 2.64276146889,
        "dmean2": 4.13875198364,
        "dvar": 5.20081281662,
        "dvar2": 11.821639061,
        "max": 25.0907325745,
        "mean": 8.77952861786,
        "median": 7.76604509354,
        "min": 2.29881381989,
        "var": 15.8821907043
    },
    "barkbands_flatness_db": {
        "dmean": 0.0241634622216,
        "dmean2": 0.033559449017,
        "dvar": 0.000459996663267,
        "dvar2": 0.000940756814089,
        "max": 0.427268475294,
        "mean": 0.110505610704,
        "median": 0.0999069735408,
        "min": 0.0179185271263,
        "var": 0.00284590898082
    },
    "barkbands_kurtosis": {
        "dmean": 2.53114676476,
        "dmean2": 3.70238232613,
        "dvar": 15.2909765244,
        "dvar2": 32.9327774048,
        "max": 118.385620117,
        "mean": 3.69429731369,
        "median": 1.90294694901,
        "min": -1.74722576141,
        "var": 37.6252212524
    },
    "barkbands_skewness": {
        "dmean": 0.498864084482,
        "dmean2": 0.737361192703,
        "dvar": 0.235061585903,
        "dvar2": 0.510940790176,
        "max": 9.23286247253,
        "mean": 1.55178618431,
        "median": 1.43794167042,
        "min": -2.29223060608,
        "var": 1.16690766811
    },
    "barkbands_spread": {
        "dmean": 6.70759630203,
        "dmean2": 10.0469770432,
        "dvar": 49.6802558899,
        "dvar2": 114.58102417,
        "max": 79.600479126,
        "mean": 23.425195694,
        "median": 22.2793750763,
        "min": 0.720960557461,
        "var": 135.37538147
    },
    "dissonance": {
        "dmean": 0.0152141712606,
        "dmean2": 0.0258412100375,
        "dvar": 0.000213127234019,
        "dvar2": 0.000596687139478,
        "max": 0.500000059605,
        "mean": 0.47454893589,
        "median": 0.478906273842,
        "min": 0.205813139677,
        "var": 0.000363448110875
    },
    "dynamic_complexity": 3.24245595932,
    "erbbands_crest": {
        "dmean": 2.07627773285,
        "dmean2": 3.45616221428,
        "dvar": 3.9313390255,
        "dvar2": 10.1423206329,
        "max": 25.8108119965,
        "mean": 6.30430841446,
        "median": 5.65230751038,
        "min": 2.06591486931,
        "var": 7.43930625916
    },
    "erbbands_flatness_db": {
        "dmean": 0.0144200213253,
        "dmean2": 0.0213880427182,
        "dvar": 0.000177650130354,
        "dvar2": 0.000373030954506,
        "max": 0.355299532413,
        "mean": 0.131474882364,
        "median": 0.122647188604,
        "min": 0.0516310706735,
        "var": 0.0014358679764
    },
    "erbbands_kurtosis": {
        "dmean": 0.543311834335,
        "dmean2": 0.878910839558,
        "dvar": 0.514105021954,
        "dvar2": 1.3609354496,
        "max": 19.3475799561,
        "mean": -0.267957389355,
        "median": -0.519028186798,
        "min": -1.84552574158,
        "var": 1.23361098766
    },
    "erbbands_skewness": {
        "dmean": 0.29679197073,
        "dmean2": 0.473838746548,
        "dvar": 0.0691247656941,
        "dvar2": 0.172413647175,
        "max": 3.56077551842,
        "mean": 0.324551671743,
        "median": 0.336175113916,
        "min": -2.04909086227,
        "var": 0.268798798323
    },
    "erbbands_spread": {
        "dmean": 7.76107597351,
        "dmean2": 11.8797302246,
        "dvar": 46.5908622742,
        "dvar2": 106.469268799,
        "max": 123.674156189,
        "mean": 44.8485031128,
        "median": 43.9525871277,
        "min": 4.43773555756,
        "var": 217.70552063
    },
    "hfc": {
        "dmean": 6.67582702637,
        "dmean2": 9.8306760788,
        "dvar": 78.8574295044,
        "dvar2": 178.240936279,
        "max": 110.183479309,
        "mean": 22.1531848907,
        "median": 19.1672096252,
        "min": 1.01071068231e-16,
        "var": 280.893432617
    },
    "melbands_crest": {
        "dmean": 3.42058205605,
        "dmean2": 5.3569521904,
        "dvar": 8.13785934448,
        "dvar2": 19.363527298,
        "max": 30.2808303833,
        "mean": 12.435128212,
        "median": 11.4595937729,
        "min": 1.61675286293,
        "var": 27.7701454163
    },
    "melbands_flatness_db": {
        "dmean": 0.0303776524961,
        "dmean2": 0.0421541407704,
        "dvar": 0.000760036928114,
        "dvar2": 0.00157682283316,
        "max": 0.556207954884,
        "mean": 0.171944767237,
        "median": 0.161756932735,
        "min": 0.00320650683716,
        "var": 0.00536688417196
    },
    "melbands_kurtosis": {
        "dmean": 6.05523395538,
        "dmean2": 9.03869533539,
        "dvar": 93.9117355347,
        "dvar2": 203.085342407,
        "max": 402.236022949,
        "mean": 12.546916008,
        "median": 8.13262557983,
        "min": -1.50297272205,
        "var": 231.107910156
    },
    "melbands_skewness": {
        "dmean": 0.660387098789,
        "dmean2": 0.990539133549,
        "dvar": 0.411745369434,
        "dvar2": 0.876779139042,
        "max": 17.2635974884,
        "mean": 2.69223022461,
        "median": 2.44889426231,
        "min": -0.987870752811,
        "var": 1.89110314846
    },
    "melbands_spread": {
        "dmean": 7.62836837769,
        "dmean2": 11.7726507187,
        "dvar": 74.6435470581,
        "dvar2": 185.619354248,
        "max": 169.788879395,
        "mean": 25.1719875336,
        "median": 20.9823589325,
        "min": 0.921582818031,
        "var": 449.926452637
    },
    "pitch_salience": {
        "dmean": 0.0775743052363,
        "dmean2": 0.11654214561,
        "dvar": 0.00440922006965,
        "dvar2": 0.00933990534395,
        "max": 0.974011361599,
        "mean": 0.612851381302,
        "median": 0.638722896576,
        "min": 0.0890629738569,
        "var": 0.0155648523942
    },
    "silence_rate_20dB": {
        "dmean": 0,
        "dmean2": 0,
        "dvar": 0,
        "dvar2": 0,
        "max": 1,
        "mean": 1,
        "median": 1,
        "min": 1,
        "var": 0
    },
    "silence_rate_30dB": {
        "dmean": 0.0482163205743,
        "dmean2": 0.0964405015111,
        "dvar": 0.0458874963224,
        "dvar2": 0.106186248362,
        "max": 1,
        "mean": 0.958628535271,
        "median": 1,
        "min": 0,
        "var": 0.0396580025554
    },
    "silence_rate_60dB": {
        "dmean": 0.0104251503944,
        "dmean2": 0.0208519995213,
        "dvar": 0.0103146340698,
        "dvar2": 0.0248113684356,
        "max": 1,
        "mean": 0.0620571710169,
        "median": 0,
        "min": 0,
        "var": 0.0582042150199
    },
    "spectral_centroid": {
        "dmean": 302.755493164,
        "dmean2": 470.456451416,
        "dvar": 102581.765625,
        "dvar2": 239598.34375,
        "max": 11893.59375,
        "mean": 1559.08227539,
        "median": 1304.97094727,
        "min": 164.529403687,
        "var": 2404046.75
    },
    "spectral_complexity": {
        "dmean": 5.20671129227,
        "dmean2": 7.7724199295,
        "dvar": 29.1126346588,
        "dvar2": 57.4847221375,
        "max": 58,
        "mean": 24.5801773071,
        "median": 24,
        "min": 0,
        "var": 144.141403198
    },
    "spectral_decrease": {
        "dmean": 2.96368907193e-09,
        "dmean2": 3.92641519298e-09,
        "dvar": 1.52158004251e-17,
        "dvar2": 2.55238985712e-17,
        "max": 1.70825123094e-28,
        "mean": -8.27137824899e-09,
        "median": -6.1470557533e-09,
        "min": -5.5771117502e-08,
        "var": 5.92776155801e-17
    },
    "spectral_energy": {
        "dmean": 0.0115338228643,
        "dmean2": 0.0153088672087,
        "dvar": 0.000223317940254,
        "dvar2": 0.000380119337933,
        "max": 0.21473839879,
        "mean": 0.033227417618,
        "median": 0.0253595933318,
        "min": 9.8761827003e-21,
        "var": 0.000895782141015
    },
    "spectral_energyband_high": {
        "dmean": 0.000572114309762,
        "dmean2": 0.000832528225146,
        "dvar": 6.9098922495e-07,
        "dvar2": 1.5769063566e-06,
        "max": 0.0083012226969,
        "mean": 0.00116946129128,
        "median": 0.000706995255314,
        "min": 6.91625097201e-21,
        "var": 1.58516331794e-06
    },
    "spectral_energyband_low": {
        "dmean": 0.00786544568837,
        "dmean2": 0.00972382444888,
        "dvar": 0.00020085622964,
        "dvar2": 0.000291769771138,
        "max": 0.185313075781,
        "mean": 0.0140019664541,
        "median": 0.0046636085026,
        "min": 5.4781952525e-24,
        "var": 0.000597150239628
    },
    "spectral_energyband_middle_high": {
        "dmean": 0.00168289151043,
        "dmean2": 0.00259225559421,
        "dvar": 4.80450080431e-06,
        "dvar2": 1.17162526294e-05,
        "max": 0.0418165065348,
        "mean": 0.00506740249693,
        "median": 0.00410931045189,
        "min": 1.17228809873e-21,
        "var": 1.82919193321e-05
    },
    "spectral_energyband_middle_low": {
        "dmean": 0.00596677046269,
        "dmean2": 0.00939852930605,
        "dvar": 5.64011206734e-05,
        "dvar2": 0.000143054843647,
        "max": 0.101249493659,
        "mean": 0.0146329691634,
        "median": 0.0120902219787,
        "min": 1.61456376042e-22,
        "var": 0.000141450422234
    },
    "spectral_entropy": {
        "dmean": 0.155787318945,
        "dmean2": 0.229089707136,
        "dvar": 0.0246333442628,
        "dvar2": 0.0537604354322,
        "max": 9.83190155029,
        "mean": 7.83282232285,
        "median": 7.86365652084,
        "min": 5.08724212646,
        "var": 0.246716737747
    },
    "spectral_flux": {
        "dmean": 0.0222063418478,
        "dmean2": 0.0332709178329,
        "dvar": 0.00059037504252,
        "dvar2": 0.00122635136358,
        "max": 0.323231011629,
        "mean": 0.0970922783017,
        "median": 0.0890476256609,
        "min": 6.35738683918e-11,
        "var": 0.00273076375015
    },
    "spectral_kurtosis": {
        "dmean": 1.38155424595,
        "dmean2": 2.31261539459,
        "dvar": 9.23900508881,
        "dvar2": 27.6141891479,
        "max": 110.112510681,
        "mean": 3.92238855362,
        "median": 2.78768873215,
        "min": -1.26683211327,
        "var": 39.4847717285
    },
    "spectral_rms": {
        "dmean": 0.000891432049684,
        "dmean2": 0.0011818081839,
        "dvar": 8.24992412163e-07,
        "dvar2": 1.42113253787e-06,
        "max": 0.0144741451368,
        "mean": 0.00512042082846,
        "median": 0.00497403927147,
        "min": 3.10407797556e-12,
        "var": 6.19839829596e-06
    },
    "spectral_rolloff": {
        "dmean": 617.063354492,
        "dmean2": 1006.68078613,
        "dvar": 707989.1875,
        "dvar2": 1703362,
        "max": 19724.4140625,
        "mean": 1776.80761719,
        "median": 1076.66015625,
        "min": 86.1328125,
        "var": 7926894
    },
    "spectral_skewness": {
        "dmean": 0.188919961452,
        "dmean2": 0.297026187181,
        "dvar": 0.0494756214321,
        "dvar2": 0.136690422893,
        "max": 8.38263225555,
        "mean": 1.39413356781,
        "median": 1.32230615616,
        "min": -0.0780817419291,
        "var": 0.397638171911
    },
    "spectral_spread": {
        "dmean": 491534.9375,
        "dmean2": 696007.0625,
        "dvar": 362009821184,
        "dvar2": 662696951808,
        "max": 42760672,
        "mean": 5538317.5,
        "median": 4905853,
        "min": 690372.1875,
        "var": 3.0256853418e+13
    },
    "spectral_strongpeak": {
        "dmean": 0.392009675503,
        "dmean2": 0.658732295036,
        "dvar": 0.276176899672,
        "dvar2": 0.722257316113,
        "max": 8.30152320862,
        "mean": 0.629753232002,
        "median": 0.464364349842,
        "min": 0,
        "var": 0.379528611898
    },
    "zerocrossingrate": {
        "dmean": 0.0128323957324,
        "dmean2": 0.014565512538,
        "dvar": 0.000149590647197,
        "dvar2": 0.000198788548005,
        "max": 0.69580078125,
        "mean": 0.0716955065727,
        "median": 0.060546875,
        "min": 0.00390625,
        "var": 0.00514698261395
    },
    "barkbands": {
        "dmean": [6.41843944322e-05, 0.00541891437024, 0.00449813855812, 0.00228264182806, 0.00229140091687, 0.00209219637327, 0.00121141562704, 0.00104129198007, 0.000862990273163, 0.000668469700031, 0.000502354290802, 0.00043849114445, 0.000246912706643, 0.000234067425481, 0.000193438332644, 0.00019284443988, 0.000183540672879, 0.00017020892119, 0.000182474919711, 0.000145102574606, 0.000151460524648, 0.00013911712449, 0.000111469969852, 8.65512192831e-05, 6.14782911725e-05, 2.63178699242e-05, 1.94473932424e-06],
        "dmean2": [0.000108838255983, 0.00732451537624, 0.00649018818513, 0.00370582402684, 0.00361751322635, 0.0034632596653, 0.00199491018429, 0.00171483005397, 0.00140895880759, 0.00108517694753, 0.000820976565592, 0.000708074192517, 0.00041292962851, 0.000383552629501, 0.000319153099554, 0.000317651371006, 0.000305626512272, 0.000281099404674, 0.000303783250274, 0.000236951513216, 0.000237509069848, 0.000213542021811, 0.000172447267687, 0.000127111838083, 8.92328171176e-05, 3.83833830711e-05, 3.16124146593e-06],
        "dvar": [1.49412109351e-08, 0.000136367641971, 0.000116887327749, 1.61173829838e-05, 1.06073266579e-05, 1.90312421182e-05, 3.93671552956e-06, 2.59351327259e-06, 3.10141695081e-06, 1.21600169223e-06, 1.07009816475e-06, 6.58636736262e-07, 2.81840556227e-07, 2.29802481044e-07, 1.04208886853e-07, 7.33210612225e-08, 7.90617775692e-08, 4.79424961952e-08, 6.01911622766e-08, 3.7844319678e-08, 4.51854376138e-08, 4.62271891877e-08, 3.04088629832e-08, 1.69577418774e-08, 8.85679529716e-09, 1.69078817613e-09, 1.80567071711e-11],
        "dvar2": [3.97523152174e-08, 0.000250908837188, 0.00025142202503, 4.10656284657e-05, 2.51585461228e-05, 4.99077614222e-05, 1.04377932075e-05, 7.07966728442e-06, 7.9992960309e-06, 3.14497492582e-06, 2.76534819932e-06, 1.6615780396e-06, 7.42665292819e-07, 6.46702744689e-07, 2.89918688168e-07, 1.93341435306e-07, 2.06976650929e-07, 1.24335016949e-07, 1.56563586984e-07, 9.95658737679e-08, 1.07476616051e-07, 1.11665222846e-07, 7.17494614833e-08, 3.61755461142e-08, 2.00671035344e-08, 3.93644050689e-09, 4.55290041779e-11],
        "max": [0.0049242102541, 0.115340664983, 0.135658726096, 0.0617351830006, 0.0619924888015, 0.0543183535337, 0.0353562571108, 0.0285066496581, 0.0553151369095, 0.0204679239541, 0.0263556912541, 0.0203656684607, 0.019458103925, 0.0214529614896, 0.0137855345383, 0.00437047984451, 0.00715485261753, 0.00333785405383, 0.00342385517433, 0.00279070157558, 0.00273382966407, 0.00241667218506, 0.0022407991346, 0.00154071417637, 0.000862536544446, 0.000335765595082, 0.00012256820628],
        "mean": [7.96018066467e-05, 0.00733027886599, 0.00507868081331, 0.00285065034404, 0.00405731797218, 0.002830629237, 0.00169925170485, 0.00156886968762, 0.00138477212749, 0.00108511070721, 0.000786066288128, 0.000715931761079, 0.000400856690248, 0.00039280418423, 0.000337111297995, 0.000330267444951, 0.000317398546031, 0.000333186006173, 0.000341969163856, 0.000299129489576, 0.000277897430351, 0.000251115998253, 0.000190332939383, 0.000148170045577, 9.96131493594e-05, 3.81087011192e-05, 2.31796821026e-06],
        "median": [3.02648240904e-05, 0.00167234893888, 0.0010520167416, 0.00118331459817, 0.00264408602379, 0.00129044556525, 0.000897075631656, 0.000864420086145, 0.000720406707842, 0.000598897109739, 0.000400879886001, 0.00038284965558, 0.00021976348944, 0.000236924184719, 0.000223347349674, 0.000223264476517, 0.000211560749449, 0.000240080567892, 0.000253903854173, 0.000212910177652, 0.000167936654179, 0.000127088685986, 9.79973192443e-05, 7.44745339034e-05, 4.31980224675e-05, 1.36769212986e-05, 4.26787437391e-07],
        "min": [2.53864215378e-25, 2.1645380829e-24, 6.87284315444e-25, 4.99252021721e-25, 3.6791443156e-24, 4.22212082654e-24, 8.41982246376e-24, 4.84958000169e-24, 1.05046027648e-23, 1.32150964919e-23, 1.39875419905e-23, 1.58948593535e-23, 2.05456992608e-23, 2.34311694363e-23, 2.81806358894e-23, 4.87099647086e-23, 5.45997012012e-23, 9.63608236986e-23, 1.23552228013e-22, 1.43365094425e-22, 2.36994263203e-22, 2.69443356031e-22, 3.33648858703e-22, 4.8172314981e-22, 8.6746416702e-22, 1.22766123703e-21, 1.85555150258e-21],
        "var": [3.16180575055e-08, 0.000251049699727, 0.000146850958117, 2.03438085009e-05, 2.28684166359e-05, 2.13527346205e-05, 5.27771226189e-06, 4.52714630228e-06, 5.26372514287e-06, 2.45941419053e-06, 1.69176132658e-06, 1.21140465126e-06, 4.64995281391e-07, 3.82381159625e-07, 1.77869154072e-07, 1.32782673745e-07, 1.37893820806e-07, 1.07065446286e-07, 1.10608937121e-07, 8.80520047986e-08, 9.16529074857e-08, 9.21652514307e-08, 5.53876731146e-08, 3.37739010092e-08, 1.6441822126e-08, 2.73657896344e-09, 2.54116692966e-11]
    },
    "erbbands": {
        "dmean": [0.0831802338362, 1.46940302849, 4.75530815125, 5.79964542389, 8.15073204041, 6.77896308899, 14.504152298, 17.336725235, 18.7823677063, 16.4613418579, 21.9103240967, 19.5181388855, 18.3552417755, 16.7594394684, 20.3575763702, 14.7497768402, 11.0922040939, 10.489613533, 9.98150634766, 9.96773910522, 10.5335474014, 9.82186698914, 9.30379390717, 9.1435918808, 8.44561958313, 7.04588747025, 6.57780790329, 5.89324140549, 5.2641620636, 4.00479316711, 3.0335392952, 1.96500205994, 1.40464174747, 0.804992794991, 0.389538109303, 0.165905818343, 0.0380289517343, 0.00524984113872, 0.00029655918479, 1.61648131325e-05],
        "dmean2": [0.114628277719, 1.93376004696, 6.54550504684, 8.9212179184, 13.2242164612, 10.882642746, 23.385175705, 29.3219299316, 30.8836212158, 27.7796344757, 35.8861198425, 32.0365562439, 29.9361991882, 27.3219585419, 33.0263175964, 23.7824001312, 18.220369339, 17.3908443451, 16.3160400391, 16.3232917786, 17.3563842773, 16.2701721191, 15.3208808899, 15.0777053833, 14.1266231537, 11.5866365433, 10.39894104, 9.30216407776, 8.18961429596, 6.16778945923, 4.73380756378, 2.92715644836, 2.07680153847, 1.19169890881, 0.56590628624, 0.246404096484, 0.0555314309895, 0.0077171321027, 0.000480536691612, 2.25211824727e-05],
        "dvar": [0.0204961728305, 10.180021286, 125.107589722, 107.922348022, 166.5362854, 136.697128296, 661.820617676, 1429.01428223, 989.860290527, 760.916442871, 1313.84985352, 1606.68579102, 963.08404541, 682.163757324, 1751.13684082, 835.413696289, 576.994812012, 616.7734375, 332.117980957, 215.467193604, 233.187973022, 222.561065674, 149.41293335, 161.451004028, 123.610267639, 95.2525634766, 81.2051773071, 78.6345062256, 69.0925979614, 36.9690895081, 21.6708545685, 8.6257982254, 4.59362649918, 1.62185442448, 0.349431812763, 0.0685192272067, 0.00337113486603, 6.53042734484e-05, 5.49371293346e-07, 3.97262750473e-10],
        "dvar2": [0.0391449518502, 18.3329677582, 249.71812439, 225.737579346, 408.866546631, 340.561523438, 1702.09594727, 3964.01293945, 2594.88671875, 2117.0637207, 3562.24780273, 4105.625, 2611.88818359, 1703.69763184, 4619.65429688, 2164.63671875, 1496.89831543, 1805.52087402, 913.991760254, 576.467407227, 621.758239746, 570.392578125, 382.425750732, 418.660430908, 317.088226318, 258.458709717, 197.976455688, 190.9609375, 169.211074829, 86.154586792, 51.0626525879, 18.7653541565, 10.0176782608, 3.67709088326, 0.800564646721, 0.163476809859, 0.00757853034884, 0.000142655015225, 1.39894223139e-06, 7.88626663972e-10],
        "max": [2.41172909737, 31.7486839294, 137.257217407, 186.030853271, 241.840560913, 309.950927734, 349.698150635, 559.581542969, 622.193847656, 509.051879883, 719.574890137, 1574.94433594, 712.808959961, 538.278991699, 1171.72924805, 992.460571289, 941.764038086, 1188.43530273, 923.520690918, 371.404846191, 283.863006592, 424.266937256, 186.407623291, 178.52166748, 144.421203613, 131.763793945, 112.653366089, 107.737266541, 89.5346755981, 67.1689224243, 55.847442627, 35.1111297607, 22.4535655975, 11.9094314575, 6.1687951088, 2.34697031975, 0.590211987495, 0.113855138421, 0.0231875479221, 0.000375068717403],
        "mean": [0.11901281029, 1.97393763065, 5.98372411728, 8.08956813812, 12.0504312515, 11.7861299515, 20.7085342407, 22.9814071655, 25.799785614, 24.669708252, 35.8611831665, 31.8399887085, 31.2589702606, 30.3984069824, 34.4116706848, 26.1953010559, 19.6577739716, 18.5221920013, 18.670873642, 18.3151092529, 18.7924232483, 18.2328166962, 18.6592216492, 17.3430099487, 16.4170360565, 14.267074585, 12.7303142548, 10.33203125, 9.20342636108, 7.01294898987, 5.18496847153, 3.41468167305, 2.30766773224, 1.29753339291, 0.614060819149, 0.233809113503, 0.0567229315639, 0.00836846139282, 0.000367425964214, 4.88786718051e-05],
        "median": [0.038321338594, 0.400373280048, 1.18227446079, 3.70046067238, 6.54478597641, 7.50498914719, 10.916012764, 10.8411188126, 13.0677518845, 14.4038829803, 20.170167923, 16.8851242065, 19.2516803741, 18.8355350494, 19.0026950836, 15.0977869034, 11.3303823471, 11.4080963135, 12.2705774307, 12.8271694183, 12.7956266403, 12.8196468353, 13.6550827026, 12.6225471497, 12.0058498383, 10.0682497025, 8.19719219208, 5.70668697357, 4.51826715469, 3.64132356644, 2.68536543846, 1.77973926067, 1.1068791151, 0.576421916485, 0.256109446287, 0.0864126682281, 0.0200460329652, 0.00277966959402, 9.457069973e-05, 3.96086434193e-05],
        "min": [2.29342785739e-23, 3.20402685036e-22, 1.16088164967e-21, 2.87663468099e-21, 7.39187416967e-21, 1.70813265012e-20, 2.96925689723e-20, 5.65907279649e-20, 7.81153569084e-20, 1.27624636886e-19, 1.41053616862e-19, 2.89491449204e-19, 4.07026705664e-19, 4.63903411939e-19, 6.52812697186e-19, 9.38847203513e-19, 1.3667172321e-18, 1.63705474554e-18, 2.00539744512e-18, 2.73182084162e-18, 3.82748049957e-18, 3.46396026295e-18, 5.2282823292e-18, 6.29741368451e-18, 6.37274171417e-18, 7.32130446417e-18, 8.88733355321e-18, 9.45120603317e-18, 9.9993662174e-18, 8.80642949904e-18, 1.01626202375e-17, 8.51589306222e-18, 8.38383367743e-18, 7.85299713677e-18, 6.3211748612e-18, 4.24351016147e-18, 2.13001013645e-18, 8.13998093625e-19, 2.33998280052e-19, 2.25924060233e-20],
        "var": [0.0444355159998, 19.1449928284, 188.50012207, 159.23298645, 297.624938965, 236.243286133, 851.964111328, 1478.96569824, 1330.06896973, 1081.35168457, 2415.82739258, 2750.50024414, 1728.00927734, 1483.32128906, 2805.19580078, 1501.68591309, 1014.64776611, 958.476196289, 660.867980957, 402.995697021, 410.198272705, 407.642272949, 330.731445312, 297.103271484, 248.783508301, 206.152084351, 179.111877441, 143.448852539, 126.281097412, 72.3826828003, 40.5644302368, 17.7413463593, 8.54191875458, 2.84917974472, 0.640701293945, 0.101938396692, 0.0061558377929, 0.000147438127897, 7.08440893504e-07, 1.63161695266e-09]
    },
    "gfcc": {
        "mean": [-5.81525564194, 92.4479598999, -113.662719727, 35.6899337769, -63.4974555969, 12.4439554214, -35.2027549744, 9.44861125946, -26.0091323853, 0.982413828373, -17.17445755, 0.282581657171, -10.4730653763],
        "cov": [[40546.3671875, 276.332855225, -3145.99487305, 1195.52954102, -2300.52685547, 881.698242188, -1245.34094238, 737.267822266, -866.225524902, 327.932769775, -615.054931641, 319.538085938, -502.291625977], [276.332855225, 1491.63171387, -362.638183594, 26.0264167786, 134.989334106, -164.28604126, 96.1150436401, -142.365814209, 63.4654769897, -157.277282715, 72.8469314575, -168.881072998, 85.1981124878], [-3145.99487305, -362.638183594, 817.163330078, -95.5069122314, 178.209442139, 45.1110267639, 84.2225189209, 30.4978218079, 55.0650672913, 18.0064105988, 10.8476734161, 26.6772384644, -2.33470487595], [1195.52954102, 26.0264167786, -95.5069122314, 210.45904541, -18.8816566467, 53.8447952271, 3.76578783989, 19.9817256927, -4.90717315674, 4.43660974503, -10.0060939789, 2.06630182266, 2.38451385498], [-2300.52685547, 134.989334106, 178.209442139, -18.8816566467, 294.351531982, -17.0352210999, 121.309204102, -25.6536903381, 71.8287506104, -20.5196800232, 48.0371551514, -42.4015922546, 31.0839710236], [881.698242188, -164.28604126, 45.1110267639, 53.8447952271, -17.0352210999, 155.125930786, 8.80689048767, 72.9319229126, -9.6690196991, 34.3236312866, -11.4681873322, 22.4325389862, -25.7339935303], [-1245.34094238, 96.1150436401, 84.2225189209, 3.76578783989, 121.309204102, 8.80689048767, 146.78225708, -0.0866055563092, 61.9033851624, -6.36885976791, 42.2097434998, -18.5961494446, 26.4603691101], [737.267822266, -142.365814209, 30.4978218079, 19.9817256927, -25.6536903381, 72.9319229126, -0.0866055563092, 114.308876038, 8.37567710876, 41.8645858765, -5.98682165146, 27.1871128082, -17.6554298401], [-866.225524902, 63.4654769897, 55.0650672913, -4.90717315674, 71.8287506104, -9.6690196991, 61.9033851624, 8.37567710876, 96.8612060547, 12.8716526031, 38.3531074524, -7.95013999939, 24.5513248444], [327.932769775, -157.277282715, 18.0064105988, 4.43660974503, -20.5196800232, 34.3236312866, -6.36885976791, 41.8645858765, 12.8716526031, 76.3344573975, 10.7983407974, 35.0896720886, -7.61639451981], [-615.054931641, 72.8469314575, 10.8476734161, -10.0060939789, 48.0371551514, -11.4681873322, 42.2097434998, -5.98682165146, 38.3531074524, 10.7983407974, 74.9679489136, 12.7907791138, 27.9626674652], [319.538085938, -168.881072998, 26.6772384644, 2.06630182266, -42.4015922546, 22.4325389862, -18.5961494446, 27.1871128082, -7.95013999939, 35.0896720886, 12.7907791138, 74.3211669922, 13.4508466721], [-502.291625977, 85.1981124878, -2.33470487595, 2.38451385498, 31.0839710236, -25.7339935303, 26.4603691101, -17.6554298401, 24.5513248444, -7.61639451981, 27.9626674652, 13.4508466721, 65.9044876099]],
        "icov": [[0.00019530337886, -0.000435930589447, 0.000356176198693, -0.000554080877919, 0.000662203587126, -0.000651628361084, 0.000560741696972, -0.000687856634613, 0.000474541157018, -0.000585047935601, 0.00072561588604, -0.000908424553927, 0.000741680792999], [-0.000435930589447, 0.00248159584589, -0.000251589226536, 0.00107901613228, -0.00147074065171, 0.00184169935528, -0.00135811755899, 0.0014960130211, -0.00128328020219, 0.00295126857236, -0.00315807200968, 0.00485664093867, -0.00305177504197], [0.000356176198693, -0.000251589226536, 0.00258884206414, -0.000191220678971, 1.28564545321e-06, -0.0016286483733, 0.000623277446721, -0.00125129276421, 0.000105919352791, -0.000190772363567, 0.00187237863429, -0.00242326897569, 0.00155510508921], [-0.000554080877919, 0.00107901613228, -0.000191220678971, 0.00742688635364, -0.00197630096227, -0.000723520934116, -0.00196497398429, 0.00210762675852, -0.00164722988848, 0.00171713135205, -0.000729275227059, 0.00224713445641, -0.00322728301398], [0.000662203587126, -0.00147074065171, 1.28564545321e-06, -0.00197630096227, 0.00896204821765, -0.00219259457663, -0.00130985630676, -0.00162025459576, 0.000694244459737, -0.00191767397337, 0.000495371816214, 0.000578779610805, 0.00122001604177], [-0.000651628361084, 0.00184169935528, -0.0016286483733, -0.000723520934116, -0.00219259457663, 0.0136813987046, -0.00409387471154, -0.00320727936924, 0.000768238154706, 0.000785493524745, -0.00241763982922, 0.00246745161712, 0.000108837237349], [0.000560741696972, -0.00135811755899, 0.000623277446721, -0.00196497398429, -0.00130985630676, -0.00409387471154, 0.0149504458532, -0.00240468070842, -0.00288953515701, -0.000229385725106, -0.00129942595959, -0.000572973513044, 0.000213287421502], [-0.000687856634613, 0.0014960130211, -0.00125129276421, 0.00210762675852, -0.00162025459576, -0.00320727936924, -0.00240468070842, 0.0176025237888, -0.00485507491976, -0.00192138482817, -0.000476416113088, 0.000287743489025, -0.000374124938389], [0.000474541157018, -0.00128328020219, 0.000105919352791, -0.00164722988848, 0.000694244459737, 0.000768238154706, -0.00288953515701, -0.00485507491976, 0.0199399609119, -0.00664279935881, -0.00300794327632, 0.00246312376112, -0.00225131376646], [-0.000585047935601, 0.00295126857236, -0.000190772363567, 0.00171713135205, -0.00191767397337, 0.000785493524745, -0.000229385725106, -0.00192138482817, -0.00664279935881, 0.025445278734, -0.00622791610658, -0.00330905034207, 0.00117855309509], [0.00072561588604, -0.00315807200968, 0.00187237863429, -0.000729275227059, 0.000495371816214, -0.00241763982922, -0.00129942595959, -0.000476416113088, -0.00300794327632, -0.00622791610658, 0.0262565501034, -0.0121044749394, 0.000652888556942], [-0.000908424553927, 0.00485664093867, -0.00242326897569, 0.00224713445641, 0.000578779610805, 0.00246745161712, -0.000572973513044, 0.000287743489025, 0.00246312376112, -0.00330905034207, -0.0121044749394, 0.0352984666824, -0.0157399829477], [0.000741680792999, -0.00305177504197, 0.00155510508921, -0.00322728301398, 0.00122001604177, 0.000108837237349, 0.000213287421502, -0.000374124938389, -0.00225131376646, 0.00117855309509, 0.000652888556942, -0.0157399829477, 0.0281347949058]]
    },
    "melbands": {
        "dmean": [0.00112762395293, 0.00209707021713, 0.000995234237053, 0.000522513466422, 0.000455446715932, 0.000390636036173, 0.000264853792032, 0.00019436252478, 0.000180426432053, 0.000116806950246, 9.62634730968e-05, 7.37357186154e-05, 7.08629158908e-05, 5.48654170416e-05, 3.22251689795e-05, 2.31966951105e-05, 2.08937799471e-05, 1.81986924872e-05, 1.47960899994e-05, 1.36136559377e-05, 1.30512607939e-05, 1.11875615403e-05, 9.69866960077e-06, 8.51010827319e-06, 7.94604875409e-06, 7.28038730813e-06, 5.41868803339e-06, 4.95336098538e-06, 4.58475960841e-06, 3.66071344615e-06, 3.57682097274e-06, 3.35855179401e-06, 2.46965350925e-06, 2.32813249568e-06, 1.88402327694e-06, 1.49071945543e-06, 1.16899002478e-06, 1.06577374481e-06, 8.52848074828e-07, 6.47342403681e-07],
        "dmean2": [0.0015259643551, 0.00273175351322, 0.0015197750181, 0.000840365246404, 0.000731685548089, 0.000651918759104, 0.000437446375145, 0.000325059256284, 0.000294666271657, 0.000191973857, 0.00015707842249, 0.000120159507787, 0.000115371483844, 8.87369678821e-05, 5.2397732361e-05, 3.91049543396e-05, 3.46550623362e-05, 2.99974362861e-05, 2.44060720433e-05, 2.25068433792e-05, 2.16888638533e-05, 1.87273217307e-05, 1.58915463544e-05, 1.42178314491e-05, 1.32416635097e-05, 1.2285469893e-05, 8.9708419182e-06, 8.2329252109e-06, 7.35545427233e-06, 5.81528365728e-06, 5.71076179767e-06, 5.3663216022e-06, 3.80907613362e-06, 3.66722838407e-06, 3.00463307212e-06, 2.31490753322e-06, 1.76817229658e-06, 1.6099812683e-06, 1.28650015085e-06, 9.71231202129e-07],
        "dvar": [5.04799572809e-06, 2.04643911275e-05, 2.68092708211e-06, 6.04725528319e-07, 5.7841805301e-07, 6.75088642765e-07, 1.97397099555e-07, 9.50374285935e-08, 1.02874373908e-07, 5.41140678934e-08, 2.6708628198e-08, 1.34879698521e-08, 2.20475691037e-08, 1.09737081644e-08, 4.62327998108e-09, 2.47490583583e-09, 2.46163511797e-09, 1.14681752983e-09, 5.41744427096e-10, 3.88800713846e-10, 3.84491743999e-10, 3.23891191645e-10, 1.98683847152e-10, 1.28405397426e-10, 1.27641466841e-10, 1.00845311268e-10, 4.99621663486e-11, 4.79281510313e-11, 3.97447630363e-11, 2.58784556284e-11, 3.08265392379e-11, 3.07212068285e-11, 1.32999626937e-11, 1.36773422449e-11, 8.47667162157e-12, 5.27358712255e-12, 3.06643772874e-12, 2.60423431951e-12, 1.83957861964e-12, 1.04206367927e-12],
        "dvar2": [8.8421656983e-06, 3.30029652105e-05, 5.49653668713e-06, 1.45721969602e-06, 1.48434162384e-06, 1.83863312486e-06, 5.24044367012e-07, 2.63030585756e-07, 2.76843195479e-07, 1.40269364124e-07, 7.18644841413e-08, 3.36269181389e-08, 5.74600029779e-08, 2.78560197131e-08, 1.13365228316e-08, 6.91908175199e-09, 7.0640933103e-09, 3.09458036973e-09, 1.43790868101e-09, 1.03438979604e-09, 1.0457569255e-09, 8.56803739069e-10, 5.0015769304e-10, 3.42757378036e-10, 3.33448824108e-10, 2.65346022932e-10, 1.29748295441e-10, 1.32408806142e-10, 1.00073317688e-10, 6.21772702769e-11, 7.66576663258e-11, 7.83097683921e-11, 3.07635097951e-11, 3.3003832306e-11, 2.03355960543e-11, 1.21787814208e-11, 6.67584260441e-12, 5.76615187889e-12, 4.21159418104e-12, 2.38256658326e-12],
        "max": [0.0259225703776, 0.0543031692505, 0.0275130253285, 0.0145894726738, 0.0101609490812, 0.011243218556, 0.00827768910676, 0.00558455241844, 0.00810359790921, 0.00878727342933, 0.00361662777141, 0.00237729190849, 0.00404978264123, 0.00226923497394, 0.00186117249541, 0.00145063770469, 0.00270285154693, 0.00167828251142, 0.000676926050801, 0.000364403007552, 0.000383965816582, 0.000593897595536, 0.000464343524072, 0.000239922272158, 0.000152995504322, 0.000165379766258, 0.000114320639113, 8.07479809737e-05, 8.13842925709e-05, 7.87882672739e-05, 8.64629328134e-05, 6.14785822108e-05, 4.41811025667e-05, 4.65965204057e-05, 4.42052296421e-05, 2.80579479295e-05, 2.31270714721e-05, 1.89875681826e-05, 1.3987215425e-05, 1.07132682388e-05],
        "mean": [0.00160020694602, 0.0030745298136, 0.0015462518204, 0.000867470051162, 0.000692690548021, 0.000532852427568, 0.000365510524716, 0.000288540468318, 0.000295597361401, 0.000187463854672, 0.000158097973326, 0.000128513740492, 0.000114700327686, 8.86751222424e-05, 5.35089129698e-05, 3.71781206923e-05, 3.45730113622e-05, 3.12609117827e-05, 2.52807603829e-05, 2.30097975873e-05, 2.15269483306e-05, 1.87215300684e-05, 1.7625727196e-05, 1.58520088007e-05, 1.3747579942e-05, 1.2923180293e-05, 1.02696867543e-05, 9.26562188397e-06, 8.32476234791e-06, 6.54282257528e-06, 5.81222730034e-06, 5.47233139514e-06, 4.3218724386e-06, 3.75313447876e-06, 3.08324865728e-06, 2.45710862146e-06, 1.94011727217e-06, 1.68297867731e-06, 1.31971466999e-06, 1.02165734006e-06],
        "median": [0.000426408980275, 0.000677633914165, 0.000756333814934, 0.000531753932592, 0.000401499564759, 0.0002597362909, 0.000191096201888, 0.000167623293237, 0.00016011329717, 9.8339325632e-05, 9.24965570448e-05, 7.52885680413e-05, 6.0792935983e-05, 4.64928962174e-05, 2.74190915661e-05, 2.10949547181e-05, 2.0304818463e-05, 1.90970749827e-05, 1.71697265614e-05, 1.55966681632e-05, 1.39067433338e-05, 1.23060781334e-05, 1.21511511679e-05, 1.12330344564e-05, 9.50665344135e-06, 9.2186337497e-06, 7.27469432604e-06, 6.31478542346e-06, 5.26265785084e-06, 3.88048056266e-06, 3.01474437947e-06, 2.5694866963e-06, 2.17535603042e-06, 1.90326886695e-06, 1.57639783538e-06, 1.19835613077e-06, 9.98608356895e-07, 7.976588563e-07, 5.954366884e-07, 4.34944240624e-07],
        "min": [3.86170980325e-25, 8.09515847518e-25, 7.04991038019e-25, 7.79957722437e-25, 1.14852172179e-24, 1.23116160693e-24, 1.50653638286e-24, 1.62053851797e-24, 8.60899584478e-25, 1.70334889567e-24, 1.7931421715e-24, 1.44714412999e-24, 2.00708953204e-24, 1.314461177e-24, 2.34554142874e-24, 1.94797564846e-24, 2.27167841003e-24, 2.45714315872e-24, 2.49764169987e-24, 3.20671247998e-24, 3.11007958288e-24, 3.31473159816e-24, 3.11050615942e-24, 4.40710397565e-24, 3.80950436905e-24, 4.21273969266e-24, 3.78770735338e-24, 4.54142963287e-24, 3.23427113848e-24, 3.33002406124e-24, 3.93202117295e-24, 4.74302934808e-24, 3.6578947694e-24, 3.80241527053e-24, 5.31687161966e-24, 5.40478149008e-24, 5.17548329076e-24, 4.7075377071e-24, 5.4046923488e-24, 6.04280982364e-24],
        "var": [1.02984240584e-05, 4.27175764344e-05, 4.64474624096e-06, 1.21651294194e-06, 8.09580740224e-07, 7.29909118036e-07, 2.56750212202e-07, 1.44526254076e-07, 1.84266923497e-07, 9.4001876505e-08, 4.81139394992e-08, 2.95637754277e-08, 3.46609105861e-08, 1.95509013423e-08, 8.68469829385e-09, 3.6715770424e-09, 3.89831411596e-09, 2.1778712167e-09, 9.2279045516e-10, 7.0631150928e-10, 6.0832483495e-10, 5.10102182716e-10, 3.94815014015e-10, 2.62747962276e-10, 2.11094267066e-10, 1.70636199615e-10, 1.06029053593e-10, 9.49332210065e-11, 8.03469860089e-11, 5.48092959907e-11, 5.12018552556e-11, 4.91350675424e-11, 2.71130253665e-11, 2.27755505428e-11, 1.49035801061e-11, 9.80869985928e-12, 5.94406295018e-12, 4.66078347791e-12, 3.04630366071e-12, 1.82117558881e-12]
    },
    "mfcc": {
        "mean": [-627.276489258, 114.887084961, 4.33297967911, 23.7588233948, -3.03798151016, 3.12491989136, 0.216898024082, 4.10239934921, -0.768453299999, 0.0940780863166, -3.27814006805, -1.52736914158, -1.48271691799],
        "cov": [[13254.8769531, 451.022155762, 201.290512085, 31.1360301971, -167.26663208, -46.9969902039, -64.6418685913, 135.004333496, 0.398173600435, 36.8289718628, 12.5359382629, 37.0593948364, 57.7501831055], [451.022155762, 1295.63696289, -175.194915771, 167.299880981, 24.0676288605, 18.7728557587, 31.8424053192, 17.6251010895, -1.43141853809, 26.9290828705, -17.4044055939, -14.992228508, -25.0629730225], [201.290512085, -175.194915771, 451.525604248, -35.3076019287, 40.3601608276, 6.61413621902, 13.2412424088, 31.6315097809, 23.5169410706, -0.604330956936, 0.965011239052, 7.37380838394, 6.08287763596], [31.1360301971, 167.299880981, -35.3076019287, 176.65296936, 24.0064945221, 39.8494110107, 16.5698204041, 12.8017911911, 14.7866382599, 10.2700176239, -6.06412935257, -2.59049510956, 3.16785001755], [-167.26663208, 24.0676288605, 40.3601608276, 24.0064945221, 119.422195435, 26.3750133514, 30.1649055481, 16.7540512085, 20.6306476593, 11.8338747025, 13.3467149734, 6.02049541473, 1.76744925976], [-46.9969902039, 18.7728557587, 6.61413621902, 39.8494110107, 26.3750133514, 90.2744140625, 36.0407218933, 19.1241416931, 17.898317337, 13.2399721146, 10.2099924088, 10.6836061478, 1.18822932243], [-64.6418685913, 31.8424053192, 13.2412424088, 16.5698204041, 30.1649055481, 36.0407218933, 88.2995834351, 34.8848762512, 18.3413715363, 19.0340557098, 15.8942871094, 9.18381500244, 7.51773881912], [135.004333496, 17.6251010895, 31.6315097809, 12.8017911911, 16.7540512085, 19.1241416931, 34.8848762512, 69.1170425415, 27.8249435425, 20.1067962646, 12.888174057, 11.2275152206, 7.61259841919], [0.398173600435, -1.43141853809, 23.5169410706, 14.7866382599, 20.6306476593, 17.898317337, 18.3413715363, 27.8249435425, 65.5819168091, 26.6619052887, 12.7765207291, 10.8798408508, 7.27524518967], [36.8289718628, 26.9290828705, -0.604330956936, 10.2700176239, 11.8338747025, 13.2399721146, 19.0340557098, 20.1067962646, 26.6619052887, 59.2520904541, 28.966966629, 12.081360817, 6.64230251312], [12.5359382629, -17.4044055939, 0.965011239052, -6.06412935257, 13.3467149734, 10.2099924088, 15.8942871094, 12.888174057, 12.7765207291, 28.966966629, 55.7540512085, 25.4315872192, 6.49231815338], [37.0593948364, -14.992228508, 7.37380838394, -2.59049510956, 6.02049541473, 10.6836061478, 9.18381500244, 11.2275152206, 10.8798408508, 12.081360817, 25.4315872192, 50.2471351624, 19.786655426], [57.7501831055, -25.0629730225, 6.08287763596, 3.16785001755, 1.76744925976, 1.18822932243, 7.51773881912, 7.61259841919, 7.27524518967, 6.64230251312, 6.49231815338, 19.786655426, 46.3938713074]],
