{
"lowlevel": {
    "average_loudness": 0.947836756706,
    "barkbands_crest": {
        "dmean": 2.13309025764,
        "dmean2": 3.27708172798,
        "dvar": 4.01310491562,
        "dvar2": 8.34736919403,
        "max": 24.8688735962,
        "mean": 7.54129123688,
        "median": 6.45326900482,
        "min": 2.01334047318,
        "var": 14.5429944992
    },
    "barkbands_flatness_db": {
        "dmean": 0.0174749512225,
        "dmean2": 0.0242283176631,
        "dvar": 0.000279201107332,
        "dvar2": 0.000515324587468,
        "max": 0.452505201101,
        "mean": 0.103718116879,
        "median": 0.0909207612276,
        "min": 0.0285387355834,
        "var": 0.00279072974809
    },
    "barkbands_kurtosis": {
        "dmean": 1.109385252,
        "dmean2": 1.68382632732,
        "dvar": 5.06866025925,
        "dvar2": 10.2687454224,
        "max": 93.3186187744,
        "mean": 0.679273545742,
        "median": -0.63950574398,
        "min": -1.76302707195,
        "var": 21.7403564453
    },
    "barkbands_skewness": {
        "dmean": 0.389261513948,
        "dmean2": 0.573295593262,
        "dvar": 0.141388878226,
        "dvar2": 0.274797052145,
        "max": 9.23692512512,
        "mean": 0.838358998299,
        "median": 0.654381155968,
        "min": -1.9323849678,
        "var": 0.846134960651
    },
    "barkbands_spread": {
        "dmean": 4.76029062271,
        "dmean2": 7.29747438431,
        "dvar": 18.2913455963,
        "dvar2": 41.8279075623,
        "max": 58.7799491882,
        "mean": 29.925819397,
        "median": 30.5866966248,
        "min": 0.776369929314,
        "var": 92.5412063599
    },
    "dissonance": {
        "dmean": 0.0103970738128,
        "dmean2": 0.0178149715066,
        "dvar": 0.000104421742435,
        "dvar2": 0.000289506861009,
        "max": 0.500000119209,
        "mean": 0.483556628227,
        "median": 0.486829012632,
        "min": 0.335234493017,
        "var": 0.000188458754565
    },
    "dynamic_complexity": 2.37199497223,
    "erbbands_crest": {
        "dmean": 1.97529816628,
        "dmean2": 3.25297904015,
        "dvar": 3.78331780434,
        "dvar2": 9.32639503479,
        "max": 26.7444000244,
        "mean": 6.61435317993,
        "median": 5.90727138519,
        "min": 2.53150939941,
        "var": 7.39326620102
    },
    "erbbands_flatness_db": {
        "dmean": 0.0145275108516,
        "dmean2": 0.0214340314269,
        "dvar": 0.000203539369977,
        "dvar2": 0.000402015662985,
        "max": 0.321184158325,
        "mean": 0.153687343001,
        "median": 0.14807164669,
        "min": 0.0724802389741,
        "var": 0.00118167907931
    },
    "erbbands_kurtosis": {
        "dmean": 0.541521131992,
        "dmean2": 0.860128104687,
        "dvar": 0.306811749935,
        "dvar2": 0.737611889839,
        "max": 8.42179679871,
        "mean": 0.0106545025483,
        "median": -0.143251419067,
        "min": -1.56856846809,
        "var": 0.748722195625
    },
    "erbbands_skewness": {
        "dmean": 0.261095523834,
        "dmean2": 0.408185809851,
        "dvar": 0.0481734350324,
        "dvar2": 0.114919826388,
        "max": 2.57602596283,
        "mean": -0.351781517267,
        "median": -0.369663655758,
        "min": -2.10841464996,
        "var": 0.179938226938
    },
    "erbbands_spread": {
        "dmean": 5.78612470627,
        "dmean2": 8.97171020508,
        "dvar": 26.6821918488,
        "dvar2": 59.9654159546,
        "max": 102.648635864,
        "mean": 34.2724609375,
        "median": 32.9478759766,
        "min": 7.14703655243,
        "var": 111.218101501
    },
    "hfc": {
        "dmean": 6.24835109711,
        "dmean2": 9.07827758789,
        "dvar": 74.4026260376,
        "dvar2": 157.715820312,
        "max": 128.332839966,
        "mean": 23.0138320923,
        "median": 19.824432373,
        "min": 1.21559074689e-16,
        "var": 258.616119385
    },
    "melbands_crest": {
        "dmean": 3.09183216095,
        "dmean2": 4.75758171082,
        "dvar": 7.22532844543,
        "dvar2": 16.763168335,
        "max": 30.2061481476,
        "mean": 12.2571601868,
        "median": 11.2681312561,
        "min": 1.58471846581,
        "var": 26.3328552246
    },
    "melbands_flatness_db": {
        "dmean": 0.022893063724,
        "dmean2": 0.0308532025665,
        "dvar": 0.000492644263431,
        "dvar2": 0.000879297673237,
        "max": 0.604238510132,
        "mean": 0.15614181757,
        "median": 0.138721257448,
        "min": 0.00133877969347,
        "var": 0.00513610523194
    },
    "melbands_kurtosis": {
        "dmean": 3.49975442886,
        "dmean2": 5.21135377884,
        "dvar": 36.2778816223,
        "dvar2": 71.0569229126,
        "max": 277.073944092,
        "mean": 6.09369087219,
        "median": 2.5558784008,
        "min": -1.62457966805,
        "var": 129.134414673
    },
    "melbands_skewness": {
        "dmean": 0.561963319778,
        "dmean2": 0.820289433002,
        "dvar": 0.323243588209,
        "dvar2": 0.617584824562,
        "max": 13.736946106,
        "mean": 2.01077771187,
        "median": 1.73545563221,
        "min": -0.558219671249,
        "var": 1.62775194645
    },
    "melbands_spread": {
        "dmean": 7.90157747269,
        "dmean2": 11.8507080078,
        "dvar": 58.3122024536,
        "dvar2": 122.58657074,
        "max": 156.517944336,
        "mean": 36.8623313904,
        "median": 37.5981369019,
        "min": 0.639678239822,
        "var": 283.572021484
    },
    "pitch_salience": {
        "dmean": 0.0694401785731,
        "dmean2": 0.103470273316,
        "dvar": 0.00374394049868,
        "dvar2": 0.00813355948776,
        "max": 0.974877953529,
        "mean": 0.582659780979,
        "median": 0.600459516048,
        "min": 0.0876430645585,
        "var": 0.0125710116699
    },
    "silence_rate_20dB": {
        "dmean": 0,
        "dmean2": 0,
        "dvar": 0,
        "dvar2": 0,
        "max": 1,
        "mean": 1,
        "median": 1,
        "min": 1,
        "var": 0
    },
    "silence_rate_30dB": {
        "dmean": 0.000867773080245,
        "dmean2": 0.00173573440406,
        "dvar": 0.000867129303515,
        "dvar2": 0.00194975291379,
        "max": 1,
        "mean": 0.999240756035,
        "median": 1,
        "min": 0,
        "var": 0.000758580921683
    },
    "silence_rate_60dB": {
        "dmean": 0.00542358169332,
        "dmean2": 0.0108483405784,
        "dvar": 0.0053942790255,
        "dvar2": 0.0126821286976,
        "max": 1,
        "mean": 0.0215835142881,
        "median": 0,
        "min": 0,
        "var": 0.0211172737181
    },
    "spectral_centroid": {
        "dmean": 231.183944702,
        "dmean2": 348.799560547,
        "dvar": 51502.9570312,
        "dvar2": 102001.101562,
        "max": 11202.7529297,
        "mean": 1889.46252441,
        "median": 1971.75793457,
        "min": 144.018814087,
        "var": 305260.03125
    },
    "spectral_complexity": {
        "dmean": 4.69703865051,
        "dmean2": 6.68344545364,
        "dvar": 20.0486373901,
        "dvar2": 34.1990966797,
        "max": 61,
        "mean": 28.4946861267,
        "median": 29,
        "min": 0,
        "var": 118.174201965
    },
    "spectral_decrease": {
        "dmean": 1.91139171157e-09,
        "dmean2": 2.75790013049e-09,
        "dvar": 7.09770100099e-18,
        "dvar2": 1.49134824548e-17,
        "max": -5.60895438829e-29,
        "mean": -5.64879032439e-09,
        "median": -4.37536851194e-09,
        "min": -3.7267465558e-08,
        "var": 1.96041739001e-17
    },
    "spectral_energy": {
        "dmean": 0.00764414668083,
        "dmean2": 0.0110265091062,
        "dvar": 0.000109850690933,
        "dvar2": 0.000232272635913,
        "max": 0.145673274994,
        "mean": 0.0234072785825,
        "median": 0.0185818262398,
        "min": 1.12374586479e-20,
        "var": 0.0003101741313
    },
    "spectral_energyband_high": {
        "dmean": 0.000316742894938,
        "dmean2": 0.000469085993245,
        "dvar": 1.81905562613e-07,
        "dvar2": 3.73402798459e-07,
        "max": 0.00579362595454,
        "mean": 0.000928282563109,
        "median": 0.000661806552671,
        "min": 8.01867270222e-21,
        "var": 7.11620998572e-07
    },
    "spectral_energyband_low": {
        "dmean": 0.00476850708947,
        "dmean2": 0.0065140677616,
        "dvar": 8.34748570924e-05,
        "dvar2": 0.000151984859258,
        "max": 0.118453606963,
        "mean": 0.00850820820779,
        "median": 0.00370347150601,
        "min": 6.77918789172e-23,
        "var": 0.000178867427167
    },
    "spectral_energyband_middle_high": {
        "dmean": 0.00228461716324,
        "dmean2": 0.0034788181074,
        "dvar": 8.88317845238e-06,
        "dvar2": 1.95250522665e-05,
        "max": 0.0498216301203,
        "mean": 0.00746890343726,
        "median": 0.00637494493276,
        "min": 1.79274030209e-21,
        "var": 2.8494569051e-05
    },
    "spectral_energyband_middle_low": {
        "dmean": 0.00370660051703,
        "dmean2": 0.00593423331156,
        "dvar": 3.93852496927e-05,
        "dvar2": 9.59060198511e-05,
        "max": 0.0765992179513,
        "mean": 0.0076622008346,
        "median": 0.00572795141488,
        "min": 2.75004560355e-22,
        "var": 4.91364953632e-05
    },
    "spectral_entropy": {
        "dmean": 0.113858059049,
        "dmean2": 0.1669690907,
        "dvar": 0.0144055038691,
        "dvar2": 0.0293663553894,
        "max": 9.8034696579,
        "mean": 7.72917413712,
        "median": 7.76806640625,
        "min": 5.35139083862,
        "var": 0.10246873647
    },
    "spectral_flux": {
        "dmean": 0.0213574767113,
        "dmean2": 0.0319141484797,
        "dvar": 0.000648450979497,
        "dvar2": 0.00120441033505,
        "max": 0.280388832092,
        "mean": 0.0838509351015,
        "median": 0.0731503516436,
        "min": 1.06006876888e-10,
        "var": 0.00196395046078
    },
    "spectral_kurtosis": {
        "dmean": 1.56469357014,
        "dmean2": 2.74821209908,
        "dvar": 8.07866859436,
        "dvar2": 25.0364227295,
        "max": 83.0022659302,
        "mean": 4.59399700165,
        "median": 3.76950097084,
        "min": -1.1894775629,
        "var": 19.2614631653
    },
    "spectral_rms": {
        "dmean": 0.000707805680577,
        "dmean2": 0.00100457598455,
        "dvar": 6.64827268793e-07,
        "dvar2": 1.3572696389e-06,
        "max": 0.0119214206934,
        "mean": 0.00448399409652,
        "median": 0.00425777072087,
        "min": 3.31109857414e-12,
        "var": 2.73023601949e-06
    },
    "spectral_rolloff": {
        "dmean": 428.934326172,
        "dmean2": 668.239013672,
        "dvar": 236834.984375,
        "dvar2": 439368.71875,
        "max": 18906.1523438,
        "mean": 2083.67675781,
        "median": 2196.38671875,
        "min": 86.1328125,
        "var": 960800.125
    },
    "spectral_skewness": {
        "dmean": 0.182939723134,
        "dmean2": 0.307459443808,
        "dvar": 0.0494056008756,
        "dvar2": 0.145370572805,
        "max": 7.4511590004,
        "mean": 1.3312176466,
        "median": 1.28721284866,
        "min": -0.012804441154,
        "var": 0.182098731399
    },
    "spectral_spread": {
        "dmean": 362532.78125,
        "dmean2": 539418.875,
        "dvar": 253469491200,
        "dvar2": 434462916608,
        "max": 39866428,
        "mean": 3652823.25,
        "median": 3611965.25,
        "min": 1019736.75,
        "var": 847955820544
    },
    "spectral_strongpeak": {
        "dmean": 0.566753566265,
        "dmean2": 0.986960589886,
        "dvar": 1.07091808319,
        "dvar2": 2.76895499229,
        "max": 15.0106163025,
        "mean": 0.745382428169,
        "median": 0.345420300961,
        "min": 0,
        "var": 1.26306414604
    },
    "zerocrossingrate": {
        "dmean": 0.00903524272144,
        "dmean2": 0.00995589513332,
        "dvar": 8.32719379105e-05,
        "dvar2": 8.36903855088e-05,
        "max": 0.61669921875,
        "mean": 0.0712794214487,
        "median": 0.07275390625,
        "min": 0.00341796875,
        "var": 0.00077949493425
    },
    "barkbands": {
        "dmean": [6.3450417656e-05, 0.00274269026704, 0.00299060181715, 0.0016251312336, 0.0018600668991, 0.000576432386879, 0.000383110163966, 0.000357007753337, 0.000516809115652, 0.000469100952614, 0.00057297537569, 0.000418711773818, 0.00037149086711, 0.000457034155261, 0.000399985350668, 0.000395333394408, 0.000514893908985, 0.000332454481395, 0.00036515458487, 0.000238291890128, 0.000127379098558, 5.49342439626e-05, 4.63731958007e-05, 3.29111499013e-05, 2.58711588685e-05, 1.10473292807e-05, 6.05114507835e-07],
        "dmean2": [0.000106969098852, 0.00367696722969, 0.00474186008796, 0.00266192853451, 0.00317190377973, 0.000955263094511, 0.000605495064519, 0.00056378467707, 0.000835579412524, 0.00075977796223, 0.000929707370233, 0.000672638765536, 0.000620244711172, 0.000727981037926, 0.000655931129586, 0.00062934163725, 0.000833455065731, 0.000539701373782, 0.000588219321799, 0.000371690373868, 0.000199576286832, 8.28240881674e-05, 7.14502166375e-05, 5.03145347466e-05, 3.896515409e-05, 1.62251908478e-05, 1.01433317923e-06],
        "dvar": [3.02704918909e-08, 3.96708164772e-05, 5.23154631082e-05, 1.17755489555e-05, 1.24748194139e-05, 9.56216126724e-07, 2.98458616044e-07, 3.46049347399e-07, 8.30375086025e-07, 6.95469850598e-07, 9.71397867033e-07, 4.43542404582e-07, 3.35230453175e-07, 5.46198009488e-07, 3.70907400793e-07, 3.41823607641e-07, 5.86271085012e-07, 3.32640922807e-07, 5.16569912179e-07, 1.4796451353e-07, 2.84951635621e-08, 6.63206911611e-09, 4.82131179425e-09, 2.4282700295e-09, 2.30991159533e-09, 3.4415423289e-10, 2.80472064844e-12],
        "dvar2": [6.86545291728e-08, 7.24968122086e-05, 0.000131783875986, 2.89159124804e-05, 3.53043942596e-05, 2.57061151387e-06, 6.96253039223e-07, 8.33949798107e-07, 2.02295314011e-06, 1.71141846295e-06, 2.32824413615e-06, 1.05394224192e-06, 8.70076632964e-07, 1.35710104132e-06, 9.71361032498e-07, 8.31883255614e-07, 1.50534867771e-06, 8.04682372291e-07, 1.26530107991e-06, 3.49505597796e-07, 6.63427570657e-08, 1.42400722325e-08, 1.10639462036e-08, 5.43629630201e-09, 5.38174127485e-09, 7.34149574466e-10, 7.45665595242e-12],
        "max": [0.00931230839342, 0.0848085433245, 0.0865179225802, 0.054959371686, 0.0350607745349, 0.0128926644102, 0.0103722857311, 0.0109556391835, 0.0183179546148, 0.0195943340659, 0.0268187895417, 0.0155843533576, 0.01146586705, 0.0168337281793, 0.0133013287559, 0.0120620541275, 0.0199191048741, 0.0144927008078, 0.0161292012781, 0.0200196299702, 0.00223428360187, 0.0012731224997, 0.000910917297006, 0.000704878708348, 0.000621054554358, 0.000222848364501, 4.19735079049e-05],
        "mean": [7.92744904174e-05, 0.00388126331381, 0.0035231418442, 0.00205529411323, 0.00249572144821, 0.00086675566854, 0.00064915191615, 0.000556894461624, 0.000767102697864, 0.000730958592612, 0.000854185549542, 0.000705118000042, 0.00059726217296, 0.000787756231148, 0.000669880071655, 0.000698124465998, 0.000969084561802, 0.00063676427817, 0.000702792080119, 0.000514758285135, 0.000297449500067, 0.000130629428895, 0.000101408739283, 6.92909452482e-05, 4.69677506771e-05, 1.95694065042e-05, 6.58455689972e-07],
        "median": [3.45485459547e-05, 0.00112909427844, 0.00140312500298, 0.00106787215918, 0.00142551481258, 0.0005300269695, 0.000372398702893, 0.000307187845465, 0.000395937939174, 0.000401692872401, 0.000465951539809, 0.000418548239395, 0.000375677773263, 0.00044645590242, 0.000428986997576, 0.000455080647953, 0.000664005056024, 0.000430850021075, 0.000446753110737, 0.000370167224901, 0.000207106975722, 7.51804036554e-05, 5.49733595108e-05, 3.12367701554e-05, 1.56254682224e-05, 7.22150070942e-06, 1.46024262904e-07],
        "min": [7.1065474969e-23, 1.82971096261e-23, 1.06736383019e-23, 6.81521469595e-24, 6.04536423414e-23, 6.05359741763e-23, 2.65399440461e-23, 2.14291430108e-23, 6.10992650388e-23, 7.19038637173e-23, 1.21912142015e-22, 7.38497058915e-23, 1.16618077547e-22, 8.23784219257e-23, 1.39513244397e-22, 2.09775305555e-22, 3.09455668565e-22, 2.25703404352e-22, 3.38505591306e-22, 2.7063767882e-22, 4.23431428111e-22, 5.90176908263e-22, 8.19188000079e-22, 9.1971296175e-22, 1.36800668551e-21, 1.71435484163e-21, 2.19611787625e-21],
        "var": [5.32110000506e-08, 6.8543740781e-05, 4.82374962303e-05, 1.13594560389e-05, 1.09688835437e-05, 1.13336182039e-06, 6.68049324304e-07, 5.68188113448e-07, 1.25528117678e-06, 1.05340984646e-06, 1.51353970068e-06, 8.1982852862e-07, 5.04971524151e-07, 1.14226850201e-06, 6.22206187018e-07, 6.66459357035e-07, 1.07667574412e-06, 5.61235935947e-07, 8.10265987639e-07, 2.94392009437e-07, 8.38293843231e-08, 2.06457997365e-08, 1.37923086285e-08, 7.69023156266e-09, 4.72198902202e-09, 7.53382134455e-10, 2.62509675455e-12]
    },
    "erbbands": {
        "dmean": [0.0528076849878, 0.734232366085, 2.98210859299, 4.29128408432, 6.46993970871, 6.02751922607, 5.04397916794, 4.73883914948, 4.89088916779, 6.33640146255, 8.59660625458, 11.5587816238, 13.7994728088, 18.3016967773, 18.540512085, 17.1249732971, 17.4121685028, 21.9876689911, 17.662361145, 19.2876987457, 21.4231929779, 25.7175331116, 17.9079475403, 21.7424507141, 14.6741142273, 10.4164085388, 7.31276512146, 3.3208861351, 2.1475508213, 1.75334978104, 1.24884009361, 0.888843476772, 0.453227818012, 0.308848530054, 0.182967960835, 0.0709920674562, 0.0167979281396, 0.00202432717197, 6.91401291988e-05, 1.02035992313e-05],
        "dmean2": [0.0715940594673, 0.978601098061, 4.58937501907, 6.67157745361, 10.9891452789, 10.1206789017, 8.56980133057, 7.78754520416, 7.73789978027, 9.92499160767, 13.6388931274, 18.7000713348, 22.4950199127, 29.6129684448, 30.1909103394, 27.5150604248, 28.8614997864, 35.5281333923, 28.681438446, 31.110704422, 34.137966156, 41.3531455994, 29.1499919891, 35.2397003174, 23.5818386078, 16.3193721771, 11.4133071899, 5.14917802811, 3.2481007576, 2.72902965546, 1.91418349743, 1.36331605911, 0.690161466599, 0.468275129795, 0.280311286449, 0.107354678214, 0.02454598248, 0.00300695211627, 0.000110989756649, 1.47511373143e-05],
        "dvar": [0.011654461734, 2.89688491821, 51.2372131348, 77.4786148071, 192.096817017, 118.30317688, 97.8731765747, 61.5372200012, 48.9850845337, 79.9280700684, 239.439697266, 429.841674805, 757.154541016, 1092.61523438, 1200.74829102, 704.005371094, 748.981506348, 1347.5020752, 621.145446777, 662.778869629, 958.147644043, 1633.22827148, 1048.11999512, 1857.0012207, 658.596862793, 346.946777344, 90.7258834839, 21.343547821, 10.7003412247, 6.7690911293, 3.62180900574, 1.82139468193, 0.46628138423, 0.287201821804, 0.131659016013, 0.0151597596705, 0.0008770552231, 1.72174732143e-05, 3.83455507347e-08, 1.87129797768e-10],
        "dvar2": [0.0240805447102, 5.2987370491, 121.526008606, 183.278915405, 521.00604248, 329.522521973, 274.882476807, 158.499649048, 115.516288757, 185.451828003, 567.582763672, 1051.19775391, 1853.96704102, 2733.47460938, 2808.43554688, 1656.84545898, 1927.60144043, 3453.90942383, 1527.89526367, 1663.2166748, 2336.49707031, 4119.24755859, 2522.69116211, 4618.93408203, 1569.07324219, 827.770996094, 211.674377441, 47.6421775818, 23.3580379486, 15.6397657394, 8.1391582489, 4.075984478, 1.06162285805, 0.679985761642, 0.316313922405, 0.0339750386775, 0.00185691704974, 3.77928408852e-05, 1.03935811069e-07, 4.12357425983e-10],
        "max": [1.80053949356, 22.120136261, 79.3716049194, 107.873321533, 166.392181396, 126.50553894, 119.311912537, 140.459106445, 159.553375244, 177.469177246, 286.90713501, 476.094696045, 751.858154297, 955.547973633, 1349.95019531, 583.984741211, 597.741516113, 850.253723145, 500.65145874, 429.370300293, 655.913635254, 1028.03125, 937.039123535, 982.223510742, 763.533081055, 1020.42614746, 176.397033691, 70.5667572021, 51.2344703674, 40.0647659302, 25.796672821, 22.1823177338, 9.75667190552, 9.96903514862, 4.7240562439, 1.53771555424, 0.505396366119, 0.107577040792, 0.00360586331226, 0.000169879509485],
        "mean": [0.0816261619329, 1.00223612785, 3.71682476997, 5.84816408157, 8.16460132599, 8.21556472778, 6.83205223083, 7.20375776291, 8.55258846283, 10.6889257431, 13.9808740616, 17.5413398743, 21.5010681152, 28.2345504761, 30.3182353973, 30.7904319763, 29.7784461975, 39.1773338318, 34.1687698364, 36.9306755066, 42.7110023499, 50.0873908997, 36.1257591248, 40.7218093872, 30.9685287476, 22.6617507935, 17.1955547333, 8.11697483063, 4.95826435089, 3.95323133469, 2.71562790871, 1.8148252964, 0.930833518505, 0.592359960079, 0.295704096556, 0.119554698467, 0.0302282869816, 0.00340377888642, 0.000106728293758, 3.26331428369e-05],
        "median": [0.0309346839786, 0.28160199523, 1.49533081055, 2.95675134659, 4.51811981201, 4.34459781647, 3.81871891022, 4.30462646484, 5.25600528717, 6.46676969528, 7.71042108536, 9.22858142853, 10.8700675964, 16.0357475281, 17.7226657867, 19.3747158051, 19.5072174072, 23.51587677, 24.1808166504, 26.4124450684, 30.6405773163, 34.847618103, 24.7457046509, 26.4972648621, 21.1587486267, 16.7057342529, 12.5438594818, 5.57714557648, 2.90253019333, 2.23002028465, 1.4470205307, 0.845869064331, 0.400381028652, 0.206293702126, 0.0984418988228, 0.0431605949998, 0.0106997033581, 0.00123511999846, 4.560736852e-05, 2.69138763542e-05],
        "min": [1.25678229609e-21, 2.07684574245e-21, 1.17800164283e-20, 2.20063243255e-20, 3.54254799169e-20, 2.33435151e-19, 5.30472426095e-19, 4.66498897906e-19, 3.44430303948e-19, 4.54909735632e-19, 6.28241555584e-19, 1.3154756679e-18, 2.81082879104e-18, 2.39618961974e-18, 4.25248300317e-18, 3.58301305979e-18, 4.14873883792e-18, 4.43083182863e-18, 8.0887072154e-18, 8.22974812729e-18, 1.5068699588e-17, 1.39716694986e-17, 1.08439465741e-17, 1.06689383176e-17, 1.92604340334e-17, 1.28872812105e-17, 1.87980946649e-17, 1.44093009822e-17, 2.57394088993e-17, 2.52574521154e-17, 1.97816802421e-17, 1.91809634833e-17, 1.63049640269e-17, 1.29122364224e-17, 1.07291818816e-17, 6.37268670666e-18, 3.02627811454e-18, 1.05411151315e-18, 3.13443808009e-19, 3.68000182192e-20],
        "var": [0.0216450840235, 4.82953166962, 53.4439888, 86.5235061646, 157.911911011, 124.490524292, 91.9515609741, 82.2347946167, 107.383666992, 155.298309326, 404.255981445, 667.544555664, 1130.93908691, 1552.49621582, 2054.89428711, 1365.42004395, 1148.52856445, 2423.00366211, 1378.20239258, 1333.22827148, 1970.25354004, 2862.45898438, 1760.15612793, 2760.47851562, 1241.66394043, 619.157836914, 269.759216309, 65.6172180176, 30.6580734253, 19.8058509827, 10.1987886429, 5.34936714172, 1.39689743519, 0.759249508381, 0.200675457716, 0.0292754694819, 0.0019506245153, 2.99378007185e-05, 3.73273181253e-08, 5.34837008015e-10]
    },
    "gfcc": {
        "mean": [14.0233860016, 94.2756881714, -141.884185791, 43.8933067322, -46.9338493347, 13.5918235779, -33.2727127075, 8.67704582214, -28.0016307831, -0.938217937946, -18.2673511505, -2.58203244209, -12.3926715851],
        "cov": [[6483.11181641, -2150.11376953, -182.539581299, 221.34197998, -660.747375488, 266.108764648, -554.203186035, 319.464752197, -391.012878418, 257.192169189, -267.020507812, 183.511138916, -259.223388672], [-2150.11376953, 1492.52612305, 17.0517883301, 24.812620163, 397.698699951, -166.577362061, 356.545166016, -183.063461304, 233.527389526, -147.570205688, 194.382675171, -115.428474426, 174.528060913], [-182.539581299, 17.0517883301, 392.105438232, 41.9106369019, 49.177772522, 66.7130966187, -10.7113237381, 35.2595787048, -13.1507358551, 14.3366146088, -27.9400558472, 13.4568138123, -20.5081710815], [221.34197998, 24.812620163, 41.9106369019, 168.7059021, 52.0425300598, 35.869682312, 33.0023269653, 18.834197998, 23.7084960938, 5.68448066711, 26.3097515106, -2.84098243713, 14.0814123154], [-660.747375488, 397.698699951, 49.177772522, 52.0425300598, 225.513092041, 11.1008996964, 134.857925415, -29.0634212494, 77.8846054077, -31.5590076447, 53.7734718323, -28.3964538574, 43.6177711487], [266.108764648, -166.577362061, 66.7130966187, 35.869682312, 11.1008996964, 136.809265137, 2.36397504807, 53.4837226868, -2.82489895821, 26.3403396606, -20.8366889954, 11.2868366241, -23.6579418182], [-554.203186035, 356.545166016, -10.7113237381, 33.0023269653, 134.857925415, 2.36397504807, 170.797225952, -6.84706354141, 85.9557952881, -28.6853923798, 54.8832244873, -29.3601589203, 43.1673469543], [319.464752197, -183.063461304, 35.2595787048, 18.834197998, -29.0634212494, 53.4837226868, -6.84706354141, 98.2529983521, 9.28546142578, 34.2640342712, -19.3507347107, 18.404006958, -23.2823982239], [-391.012878418, 233.527389526, -13.1507358551, 23.7084960938, 77.8846054077, -2.82489895821, 85.9557952881, 9.28546142578, 106.572517395, 2.12500548363, 45.5160293579, -22.4595584869, 29.0697307587], [257.192169189, -147.570205688, 14.3366146088, 5.68448066711, -31.5590076447, 26.3403396606, -28.6853923798, 34.2640342712, 2.12500548363, 67.7873458862, 2.51411509514, 18.5675849915, -19.1602287292], [-267.020507812, 194.382675171, -27.9400558472, 26.3097515106, 53.7734718323, -20.8366889954, 54.8832244873, -19.3507347107, 45.5160293579, 2.51411509514, 81.6281738281, 3.98163223267, 35.5328598022], [183.511138916, -115.428474426, 13.4568138123, -2.84098243713, -28.3964538574, 11.2868366241, -29.3601589203, 18.404006958, -22.4595584869, 18.5675849915, 3.98163223267, 57.6161651611, 7.46282815933], [-259.223388672, 174.528060913, -20.5081710815, 14.0814123154, 43.6177711487, -23.6579418182, 43.1673469543, -23.2823982239, 29.0697307587, -19.1602287292, 35.5328598022, 7.46282815933, 70.2385177612]],
        "icov": [[0.000512435683049, -0.000361133919796, 0.000717973685823, -0.00126584444661, 0.000709252723027, -0.000556018145289, 0.000658660486806, -0.00109440321103, 0.00140970677603, -0.00113095506094, 0.000909297843464, -0.000665423285682, 0.000575412530452], [-0.000361133919796, 0.0064289891161, -0.00285159167834, 0.00266634509899, -0.00340519077145, 0.00420704809949, -0.00482595246285, 0.00563954096287, -0.00586743000895, 0.00559158157557, -0.00586627237499, 0.00488665094599, -0.00390554708429], [0.000717973685823, -0.00285159167834, 0.00506017915905, -0.00292410631664, 0.000382733414881, -0.00291230203584, 0.0033508206252, -0.00396285019815, 0.00419014506042, -0.00364943081513, 0.0044386330992, -0.00342682260089, 0.00259645748883], [-0.00126584444661, 0.00266634509899, -0.00292410631664, 0.0110349329188, -0.00384856690653, 0.000779324036557, -0.00212988257408, 0.0020030355081, -0.00396089721471, 0.00417722202837, -0.00680951960385, 0.00492941960692, -0.00403782725334], [0.000709252723027, -0.00340519077145, 0.000382733414881, -0.00384856690653, 0.013273970224, -0.00435304502025, -0.00320470146835, 0.000183103606105, 0.00150419480633, -0.00225335010327, 0.0026350710541, -0.00278656347655, 0.00200883951038], [-0.000556018145289, 0.00420704809949, -0.00291230203584, 0.000779324036557, -0.00435304502025, 0.0142725491896, -0.00488287257031, 0.000108086162072, -0.00315578980371, 0.00152223056648, -0.00130339921452, 0.00192539044656, -0.000788819801528], [0.000658660486806, -0.00482595246285, 0.0033508206252, -0.00212988257408, -0.00320470146835, -0.00488287257031, 0.0209108814597, -0.00864223297685, -0.000280187901808, 0.000306750152959, 0.000125566890347, -0.000156141104526, 0.000609710637946], [-0.00109440321103, 0.00563954096287, -0.00396285019815, 0.0020030355081, 0.000183103606105, 0.000108086162072, -0.00864223297685, 0.026126159355, -0.0136666689068, 0.0015924986219, 0.000404257967602, -0.00280095171183, 0.00046727390145], [0.00140970677603, -0.00586743000895, 0.00419014506042, -0.00396089721471, 0.00150419480633, -0.00315578980371, -0.000280187901808, -0.0136666689068, 0.0303667020053, -0.0123113496229, 0.000118811658467, 0.00408651866019, -0.000976079609245], [-0.00113095506094, 0.00559158157557, -0.00364943081513, 0.00417722202837, -0.00225335010327, 0.00152223056648, 0.000306750152959, 0.0015924986219, -0.0123113496229, 0.0307865329087, -0.0125802531838, -2.6915113267e-05, 0.00214113527909], [0.000909297843464, -0.00586627237499, 0.0044386330992, -0.00680951960385, 0.0026350710541, -0.00130339921452, 0.000125566890347, 0.000404257967602, 0.000118811658467, -0.0125802531838, 0.0315910875797, -0.0126743791625, 0.000459108210634], [-0.000665423285682, 0.00488665094599, -0.00342682260089, 0.00492941960692, -0.00278656347655, 0.00192539044656, -0.000156141104526, -0.00280095171183, 0.00408651866019, -2.6915113267e-05, -0.0126743791625, 0.0336519107223, -0.0139027917758], [0.000575412530452, -0.00390554708429, 0.00259645748883, -0.00403782725334, 0.00200883951038, -0.000788819801528, 0.000609710637946, 0.00046727390145, -0.000976079609245, 0.00214113527909, 0.000459108210634, -0.0139027917758, 0.028132872656]]
    },
    "melbands": {
        "dmean": [0.000604440807365, 0.00126591313165, 0.000723423843738, 0.000454438850284, 0.000186947392649, 0.000104844177258, 7.65549120842e-05, 6.94452828611e-05, 7.59090253268e-05, 7.50502294977e-05, 6.98010990163e-05, 7.29134699213e-05, 6.56212578178e-05, 4.37686794612e-05, 4.90513084515e-05, 3.68546643585e-05, 4.72440005979e-05, 2.8995125831e-05, 3.41019040206e-05, 3.10551295115e-05, 2.70596774499e-05, 3.12626470986e-05, 2.05749911402e-05, 1.65090496012e-05, 1.96134387807e-05, 1.19253472803e-05, 1.09272195914e-05, 7.53131280362e-06, 5.19004561284e-06, 3.77271976504e-06, 1.71183853581e-06, 1.36352025493e-06, 1.10296480216e-06, 1.01035209354e-06, 7.6998003351e-07, 7.17473710665e-07, 5.05334014633e-07, 3.57293941988e-07, 2.82053292722e-07, 2.75390590332e-07],
        "dmean2": [0.00081376102753, 0.0018201492494, 0.00110049243085, 0.00076965772314, 0.000315230543492, 0.000171796986251, 0.000120598895592, 0.000108667001768, 0.000120451637486, 0.000121880053484, 0.000113957641588, 0.000118256692076, 0.00010715235112, 7.0685375249e-05, 7.90585036157e-05, 6.19103229837e-05, 7.63664866099e-05, 4.68728067062e-05, 5.61330016353e-05, 4.9998605391e-05, 4.37141607108e-05, 5.04482632095e-05, 3.39082907885e-05, 2.66516071861e-05, 3.20810322592e-05, 1.92283587239e-05, 1.75601762749e-05, 1.20273989523e-05, 8.12121470517e-06, 6.04995329923e-06, 2.71120484285e-06, 2.10962502933e-06, 1.70829491708e-06, 1.60774288815e-06, 1.19453329717e-06, 1.13189980766e-06, 7.86512032391e-07, 5.5698194501e-07, 4.34697199125e-07, 4.2738830075e-07],
        "dvar": [1.76456762802e-06, 8.08042932476e-06, 1.88100511878e-06, 7.4486848689e-07, 1.31942258008e-07, 2.86703514263e-08, 1.14809717289e-08, 9.96771820638e-09, 1.95324290075e-08, 1.86572250982e-08, 1.93334557252e-08, 1.68649521015e-08, 1.30217001626e-08, 4.42977921011e-09, 7.62228680173e-09, 3.99830968334e-09, 6.88462709064e-09, 1.78650194638e-09, 3.31461302849e-09, 2.23739093919e-09, 1.62505953138e-09, 2.72244160548e-09, 9.88877091324e-10, 1.03986075306e-09, 1.6754133636e-09, 3.85157156169e-10, 4.19230927751e-10, 1.68605948647e-10, 4.7571502293e-11, 2.7775923922e-11, 5.85931260108e-12, 4.68800432502e-12, 2.80934281914e-12, 2.44996145767e-12, 1.40147854259e-12, 1.28912798405e-12, 5.99900229319e-13, 2.87106574409e-13, 2.1521360269e-13, 2.5847106031e-13],
        "dvar2": [3.13344276037e-06, 1.67800790223e-05, 3.95423057853e-06, 2.07986931855e-06, 3.69773317743e-07, 7.45453050399e-08, 2.71623292747e-08, 2.29320935574e-08, 4.53069759487e-08, 4.61528060214e-08, 4.74474077805e-08, 4.22374704101e-08, 3.08628962387e-08, 1.07182724918e-08, 1.76405645647e-08, 1.04051780525e-08, 1.75865135787e-08, 4.22252899313e-09, 8.78783978919e-09, 5.5224544937e-09, 4.1010634888e-09, 6.94747415153e-09, 2.60955568265e-09, 2.43011211154e-09, 4.2055940952e-09, 9.27496912606e-10, 1.00124952773e-09, 4.26931795472e-10, 1.11328779528e-10, 6.77203779165e-11, 1.34597420015e-11, 1.08132140395e-11, 6.39402680108e-12, 5.9223047473e-12, 3.16694435433e-12, 2.95839676541e-12, 1.38664665687e-12, 6.83750040094e-13, 5.1008497556e-13, 6.33630246796e-13],
        "max": [0.0200271625072, 0.0327452905476, 0.0204404834658, 0.00808784645051, 0.00467793876305, 0.00276413420215, 0.00210083718412, 0.00232322094962, 0.00286255171522, 0.00255739316344, 0.0037361306604, 0.00357464002445, 0.00366085814312, 0.00162405346055, 0.0028147904668, 0.00143081124406, 0.00195665704086, 0.00113452633377, 0.00141375232488, 0.00118450832088, 0.000835035461932, 0.00149794225581, 0.000679306685925, 0.000982759869657, 0.00094377703499, 0.000378733297111, 0.000836162886117, 0.000529753393494, 0.000146977297845, 7.21460601198e-05, 3.82411599276e-05, 4.13837951783e-05, 2.88870087388e-05, 3.40502192557e-05, 1.67582893482e-05, 2.00628419407e-05, 1.41086911754e-05, 7.07558501745e-06, 7.32129228709e-06, 9.0027015176e-06],
        "mean": [0.000921075290535, 0.00178023835178, 0.00111405248754, 0.000607522379141, 0.000262864661636, 0.000163255012012, 0.000133509674924, 0.000116118448204, 0.000120509073895, 0.000109951703053, 0.000105415456346, 0.000109590459033, 0.00010191698675, 7.6970209193e-05, 8.08224795037e-05, 5.72841890971e-05, 7.88898469182e-05, 5.28416676389e-05, 5.53945537831e-05, 5.20154317201e-05, 4.90374695801e-05, 5.65041300433e-05, 3.64382285625e-05, 3.0521521694e-05, 3.36511184287e-05, 2.33841710724e-05, 1.97224217118e-05, 1.4511727386e-05, 1.14690592454e-05, 7.87943827163e-06, 3.6267588257e-06, 2.85881060336e-06, 2.3404663807e-06, 2.10060807149e-06, 1.5777355884e-06, 1.37770655328e-06, 9.87320731838e-07, 6.69525149988e-07, 5.54362486582e-07, 4.80290282212e-07],
        "median": [0.000294782861602, 0.000673215836287, 0.000620829756372, 0.000337804900482, 0.000146880774992, 0.000100266333902, 8.12659127405e-05, 7.0828027674e-05, 6.30962895229e-05, 5.57171006221e-05, 5.07487784489e-05, 5.98298211116e-05, 5.84427070862e-05, 4.80731905554e-05, 4.83842377434e-05, 3.37564270012e-05, 4.23020719609e-05, 3.48025278072e-05, 3.27909729094e-05, 3.20880099025e-05, 3.32854033331e-05, 3.67815446225e-05, 2.48244159593e-05, 1.9844090275e-05, 2.05087999348e-05, 1.50886426127e-05, 1.23940662888e-05, 9.99584699457e-06, 8.27221992949e-06, 5.06004107592e-06, 2.32021830016e-06, 1.60727654475e-06, 1.30924422592e-06, 1.16138562589e-06, 8.40504185362e-07, 6.32427372693e-07, 4.51561902537e-07, 2.93375762794e-07, 1.93128272485e-07, 1.60749408451e-07],
        "min": [1.1776246544e-23, 4.95462393097e-24, 3.52953092847e-24, 8.06010662414e-24, 1.75995593707e-23, 1.03653380495e-23, 5.61595087694e-24, 4.69115977141e-24, 5.41174437086e-24, 9.12166017822e-24, 1.40979146752e-23, 8.53693044286e-24, 1.68470712641e-23, 9.83174937775e-24, 5.67437825431e-24, 1.20507985381e-23, 6.937523635e-24, 1.29633488889e-23, 1.0550715629e-23, 1.45332428326e-23, 1.99171711791e-23, 1.85386399026e-23, 6.06562407545e-24, 1.31195922575e-23, 7.09338598379e-24, 1.52130279404e-23, 1.08487953996e-23, 8.10453605919e-24, 1.0373144617e-23, 1.25248850094e-23, 6.70430953014e-24, 1.54824618049e-23, 1.01589688812e-23, 1.66444097421e-23, 1.24034556503e-23, 9.55153178472e-24, 1.21509073535e-23, 1.05002230091e-23, 1.2722036338e-23, 9.67921444426e-24],
        "var": [3.35623349201e-06, 1.14112472147e-05, 2.53278540185e-06, 6.66520975301e-07, 1.28758344431e-07, 3.86643037587e-08, 2.50744829344e-08, 1.88186906058e-08, 3.38846639636e-08, 2.80908967198e-08, 2.88451378339e-08, 2.40455584333e-08, 2.08408028612e-08, 8.62446203342e-09, 1.33137305625e-08, 5.79403947043e-09, 1.22916397061e-08, 4.49589254714e-09, 5.38371125458e-09, 4.24301083157e-09, 2.98512947694e-09, 4.37076197457e-09, 1.6201507913e-09, 1.68520331023e-09, 2.32758368135e-09, 7.43808681314e-10, 6.7435440565e-10, 2.83005757717e-10, 1.27685653717e-10, 7.22508511353e-11, 1.53700455141e-11, 1.20757874186e-11, 7.48141913004e-12, 6.0705351336e-12, 3.56011379231e-12, 3.30077263265e-12, 1.65666872581e-12, 7.11785773551e-13, 6.64941897117e-13, 5.43024121762e-13]
    },
    "mfcc": {
        "mean": [-616.714294434, 114.642623901, -25.0758399963, 31.3248844147, 5.48222064972, 8.07533931732, 5.36747455597, 6.20189762115, -0.476353317499, 1.95408713818, -5.23890161514, -0.421282023191, -2.00950241089],
        "cov": [[4952.50048828, -1287.11535645, -227.795013428, -62.6690597534, -173.909957886, -166.443023682, -129.010406494, -97.0270843506, -114.782745361, -30.6730365753, -33.9604034424, -23.3202648163, -56.9192504883], [-1287.11535645, 996.412536621, -77.1598739624, 142.816513062, 58.1489334106, 80.8035049438, 81.38722229, 42.1403694153, 46.9596443176, 25.361749649, 9.22715091705, 8.42454814911, 35.3350982666], [-227.795013428, -77.1598739624, 364.175537109, -11.8472003937, 80.3357162476, 22.3987846375, 15.2287940979, 19.7251186371, 14.1588563919, 11.7474803925, 17.7442798615, -3.666223526, -6.87298679352], [-62.6690597534, 142.816513062, -11.8472003937, 168.530838013, 34.2992324829, 34.9928779602, 32.2100410461, 17.3058586121, 14.3011426926, 12.3942699432, 9.59264945984, 13.6575698853, 16.3272418976], [-173.909957886, 58.1489334106, 80.3357162476, 34.2992324829, 109.447372437, 47.1986541748, 34.6778068542, 23.7528190613, 20.8356933594, 13.8520832062, 10.4023265839, 7.50097131729, 11.6856098175], [-166.443023682, 80.8035049438, 22.3987846375, 34.9928779602, 47.1986541748, 94.2459793091, 45.1948471069, 26.8806095123, 22.8890533447, 17.7658157349, 12.9390249252, 8.09005641937, 5.10878801346], [-129.010406494, 81.38722229, 15.2287940979, 32.2100410461, 34.6778068542, 45.1948471069, 76.7041473389, 36.8884925842, 23.5111751556, 13.7948055267, 11.5093450546, 8.89577865601, 11.8947229385], [-97.0270843506, 42.1403694153, 19.7251186371, 17.3058586121, 23.7528190613, 26.8806095123, 36.8884925842, 74.2274169922, 37.2585525513, 17.8493232727, 14.6176338196, 8.19013500214, 10.8382587433], [-114.782745361, 46.9596443176, 14.1588563919, 14.3011426926, 20.8356933594, 22.8890533447, 23.5111751556, 37.2585525513, 69.6504669189, 32.8641586304, 14.8527679443, 10.7104930878, 10.426533699], [-30.6730365753, 25.361749649, 11.7474803925, 12.3942699432, 13.8520832062, 17.7658157349, 13.7948055267, 17.8493232727, 32.8641586304, 59.2230567932, 27.7540531158, 10.8452510834, 8.89944553375], [-33.9604034424, 9.22715091705, 17.7442798615, 9.59264945984, 10.4023265839, 12.9390249252, 11.5093450546, 14.6176338196, 14.8527679443, 27.7540531158, 57.687210083, 24.0526371002, 4.1450009346], [-23.3202648163, 8.42454814911, -3.666223526, 13.6575698853, 7.50097131729, 8.09005641937, 8.89577865601, 8.19013500214, 10.7104930878, 10.8452510834, 24.0526371002, 54.2325248718, 24.7885513306], [-56.9192504883, 35.3350982666, -6.87298679352, 16.3272418976, 11.6856098175, 5.10878801346, 11.8947229385, 10.8382587433, 10.426533699, 8.89944553375, 4.1450009346, 24.7885513306, 58.4583740234]],
