{
"lowlevel": {
    "average_loudness": 0.912300944328,
    "barkbands_crest": {
        "dmean": 3.29818630219,
        "dmean2": 5.30295848846,
        "dvar": 11.7471494675,
        "dvar2": 26.2204208374,
        "max": 26.8173656464,
        "mean": 12.5909776688,
        "median": 11.0296430588,
        "min": 2.57509493828,
        "var": 37.2353553772
    },
    "barkbands_flatness_db": {
        "dmean": 0.0373605154455,
        "dmean2": 0.0532088242471,
        "dvar": 0.00186451943591,
        "dvar2": 0.00356890587136,
        "max": 0.56989210844,
        "mean": 0.16543456912,
        "median": 0.155534654856,
        "min": 0.0282303728163,
        "var": 0.006110555958
    },
    "barkbands_kurtosis": {
        "dmean": 18.0037899017,
        "dmean2": 28.6053562164,
        "dvar": 13021.9277344,
        "dvar2": 31590.1738281,
        "max": 3405.0847168,
        "mean": 25.026468277,
        "median": 4.35316562653,
        "min": -1.859567523,
        "var": 15663.5166016
    },
    "barkbands_skewness": {
        "dmean": 1.06367313862,
        "dmean2": 1.60971927643,
        "dvar": 4.54014492035,
        "dvar2": 9.48439121246,
        "max": 49.037311554,
        "mean": 2.78422117233,
        "median": 2.00543761253,
        "min": -2.24654817581,
        "var": 11.1629800797
    },
    "barkbands_spread": {
        "dmean": 7.67455244064,
        "dmean2": 11.9113130569,
        "dvar": 128.888137817,
        "dvar2": 295.1668396,
        "max": 91.2313537598,
        "mean": 18.3083648682,
        "median": 14.6610183716,
        "min": 0.0427994988859,
        "var": 212.585845947
    },
    "dissonance": {
        "dmean": 0.0171644780785,
        "dmean2": 0.0281554050744,
        "dvar": 0.000259872729657,
        "dvar2": 0.000678881420754,
        "max": 0.500000059605,
        "mean": 0.464511215687,
        "median": 0.470174252987,
        "min": 0.308924138546,
        "var": 0.000628196925391
    },
    "dynamic_complexity": 3.97951388359,
    "erbbands_crest": {
        "dmean": 2.85256791115,
        "dmean2": 4.63315391541,
        "dvar": 7.69905424118,
        "dvar2": 17.9221096039,
        "max": 30.4111633301,
        "mean": 8.65732002258,
        "median": 7.52664375305,
        "min": 2.37821578979,
        "var": 19.1012573242
    },
    "erbbands_flatness_db": {
        "dmean": 0.0221309978515,
        "dmean2": 0.0313684940338,
        "dvar": 0.00056002533529,
        "dvar2": 0.00104626687244,
        "max": 0.411707371473,
        "mean": 0.150016099215,
        "median": 0.141916766763,
        "min": 0.0588511899114,
        "var": 0.0028890252579
    },
    "erbbands_kurtosis": {
        "dmean": 0.895186185837,
        "dmean2": 1.40885460377,
        "dvar": 2.8608019352,
        "dvar2": 6.14333343506,
        "max": 50.559387207,
        "mean": 0.14674974978,
        "median": -0.457602739334,
        "min": -1.86801970005,
        "var": 7.47639608383
    },
    "erbbands_skewness": {
        "dmean": 0.426578819752,
        "dmean2": 0.661082744598,
        "dvar": 0.220862179995,
        "dvar2": 0.506198048592,
        "max": 6.5204782486,
        "mean": 0.274395406246,
        "median": 0.207702204585,
        "min": -3.03750944138,
        "var": 0.728559136391
    },
    "erbbands_spread": {
        "dmean": 10.5873832703,
        "dmean2": 15.9910621643,
        "dvar": 121.197723389,
        "dvar2": 284.306945801,
        "max": 160.092254639,
        "mean": 46.2364311218,
        "median": 41.8989944458,
        "min": 5.35024642944,
        "var": 491.1824646
    },
    "hfc": {
        "dmean": 7.93241739273,
        "dmean2": 12.2150754929,
        "dvar": 174.02583313,
        "dvar2": 438.048980713,
        "max": 105.143768311,
        "mean": 14.0688276291,
        "median": 9.50621700287,
        "min": 1.04569711349e-16,
        "var": 216.685668945
    },
    "melbands_crest": {
        "dmean": 4.04240512848,
        "dmean2": 6.27473592758,
        "dvar": 14.6772251129,
        "dvar2": 32.3516082764,
        "max": 37.5048713684,
        "mean": 17.039182663,
        "median": 16.1023845673,
        "min": 1.61679458618,
        "var": 50.4562454224
    },
    "melbands_flatness_db": {
        "dmean": 0.0441693998873,
        "dmean2": 0.0630388334394,
        "dvar": 0.00262253265828,
        "dvar2": 0.0051171509549,
        "max": 0.714418828487,
        "mean": 0.243386238813,
        "median": 0.236295625567,
        "min": 0.00302115036175,
        "var": 0.0100237419829
    },
    "melbands_kurtosis": {
        "dmean": 21.8560390472,
        "dmean2": 34.3666954041,
        "dvar": 2709.18334961,
        "dvar2": 6668.53564453,
        "max": 1076.28674316,
        "mean": 40.7937469482,
        "median": 14.2335166931,
        "min": -1.61565613747,
        "var": 4973.31640625
    },
    "melbands_skewness": {
        "dmean": 1.22732377052,
        "dmean2": 1.87507963181,
        "dvar": 2.91618084908,
        "dvar2": 6.55132818222,
        "max": 25.5009784698,
        "mean": 4.13520956039,
        "median": 3.29081010818,
        "min": -1.01382088661,
        "var": 9.73675632477
    },
    "melbands_spread": {
        "dmean": 7.34347200394,
        "dmean2": 11.7420969009,
        "dvar": 112.450141907,
        "dvar2": 263.798736572,
        "max": 183.913146973,
        "mean": 18.7142162323,
        "median": 12.4251613617,
        "min": 0.201894536614,
        "var": 417.521118164
    },
    "pitch_salience": {
        "dmean": 0.0943584889174,
        "dmean2": 0.141922071576,
        "dvar": 0.00983931869268,
        "dvar2": 0.0192488376051,
        "max": 0.938617646694,
        "mean": 0.482434183359,
        "median": 0.518047869205,
        "min": 0.025323593989,
        "var": 0.031250551343
    },
    "silence_rate_20dB": {
        "dmean": 0,
        "dmean2": 0,
        "dvar": 0,
        "dvar2": 0,
        "max": 1,
        "mean": 1,
        "median": 1,
        "min": 1,
        "var": 0
    },
    "silence_rate_30dB": {
        "dmean": 0.039821125567,
        "dmean2": 0.0796507298946,
        "dvar": 0.0382361486554,
        "dvar2": 0.0905599221587,
        "max": 1,
        "mean": 0.966464400291,
        "median": 1,
        "min": 0,
        "var": 0.0324123241007
    },
    "silence_rate_60dB": {
        "dmean": 0.0417376495898,
        "dmean2": 0.0834841877222,
        "dvar": 0.0399935729802,
        "dvar2": 0.0943950265646,
        "max": 1,
        "mean": 0.141275420785,
        "median": 0,
        "min": 0,
        "var": 0.121317394078
    },
    "spectral_centroid": {
        "dmean": 367.291107178,
        "dmean2": 566.806213379,
        "dvar": 219121.125,
        "dvar2": 504254.34375,
        "max": 11699.3476562,
        "mean": 1384.51806641,
        "median": 1096.95166016,
        "min": 76.9251251221,
        "var": 1535453.25
    },
    "spectral_complexity": {
        "dmean": 5.07964229584,
        "dmean2": 7.7084441185,
        "dvar": 44.8748512268,
        "dvar2": 93.9806747437,
        "max": 56,
        "mean": 14.2157993317,
        "median": 12,
        "min": 0,
        "var": 100.965843201
    },
    "spectral_decrease": {
        "dmean": 3.26207016954e-09,
        "dmean2": 4.96708230102e-09,
        "dvar": 2.31384602315e-17,
        "dvar2": 4.84129655024e-17,
        "max": 2.05804536819e-28,
        "mean": -8.94910989757e-09,
        "median": -6.38739550141e-09,
        "min": -4.55887061435e-08,
        "var": 7.18764101074e-17
    },
    "spectral_energy": {
        "dmean": 0.0126033648849,
        "dmean2": 0.0192101858556,
        "dvar": 0.000342920946423,
        "dvar2": 0.000718472874723,
        "max": 0.174756109715,
        "mean": 0.0350520387292,
        "median": 0.0254525355995,
        "min": 9.8442385037e-21,
        "var": 0.00106624513865
    },
    "spectral_energyband_high": {
        "dmean": 0.000661070866045,
        "dmean2": 0.00105889397673,
        "dvar": 2.13290127249e-06,
        "dvar2": 5.43890837434e-06,
        "max": 0.0111020300537,
        "mean": 0.000737257418223,
        "median": 0.000181288443855,
        "min": 6.85751953293e-21,
        "var": 2.03179297387e-06
    },
    "spectral_energyband_low": {
        "dmean": 0.0103360796347,
        "dmean2": 0.0159320309758,
        "dvar": 0.000296670536045,
        "dvar2": 0.000659948447719,
        "max": 0.161659508944,
        "mean": 0.0220178756863,
        "median": 0.00954688433558,
        "min": 1.82610097734e-23,
        "var": 0.000772722647525
    },
    "spectral_energyband_middle_high": {
        "dmean": 0.00130449992139,
        "dmean2": 0.00210848171264,
        "dvar": 4.38752340415e-06,
        "dvar2": 1.12726629595e-05,
        "max": 0.0208516959101,
        "mean": 0.00239341915585,
        "median": 0.00169119378552,
        "min": 1.09825462612e-21,
        "var": 6.32424325886e-06
    },
    "spectral_energyband_middle_low": {
        "dmean": 0.0081677576527,
        "dmean2": 0.0126473177224,
        "dvar": 0.000281492422801,
        "dvar2": 0.000621127779596,
        "max": 0.145908921957,
        "mean": 0.0123112378642,
        "median": 0.00709485262632,
        "min": 1.81204921891e-22,
        "var": 0.000321113213431
    },
    "spectral_entropy": {
        "dmean": 0.251850754023,
        "dmean2": 0.367608994246,
        "dvar": 0.0807878375053,
        "dvar2": 0.173238009214,
        "max": 9.82951545715,
        "mean": 7.50793886185,
        "median": 7.53332853317,
        "min": 5.38213253021,
        "var": 0.308758735657
    },
    "spectral_flux": {
        "dmean": 0.0360080599785,
        "dmean2": 0.0511566363275,
        "dvar": 0.00183035386726,
        "dvar2": 0.00328445783816,
        "max": 0.401357620955,
        "mean": 0.0933915153146,
        "median": 0.0691271349788,
        "min": 6.0850588457e-11,
        "var": 0.0056442101486
    },
    "spectral_kurtosis": {
        "dmean": 2.02840256691,
        "dmean2": 3.35346245766,
        "dvar": 6.30900192261,
        "dvar2": 17.2286720276,
        "max": 44.9408760071,
        "mean": 4.65376996994,
        "median": 3.83534908295,
        "min": -1.29070413113,
        "var": 12.1005525589
    },
    "spectral_rms": {
        "dmean": 0.000984228681773,
        "dmean2": 0.00145683600567,
        "dvar": 1.56096587034e-06,
        "dvar2": 2.9347841064e-06,
        "max": 0.0130573259667,
        "mean": 0.00510449195281,
        "median": 0.00498314574361,
        "min": 3.09905399953e-12,
        "var": 8.14126724435e-06
    },
    "spectral_rolloff": {
        "dmean": 596.101928711,
        "dmean2": 1028.56848145,
        "dvar": 1293394.5,
        "dvar2": 3142224.75,
        "max": 19702.8808594,
        "mean": 1295.90612793,
        "median": 559.86328125,
        "min": 64.599609375,
        "var": 5126784.5
    },
    "spectral_skewness": {
        "dmean": 0.266366273165,
        "dmean2": 0.422352820635,
        "dvar": 0.0784494802356,
        "dvar2": 0.200398385525,
        "max": 5.16823339462,
        "mean": 1.43292272091,
        "median": 1.38671588898,
        "min": -0.072649538517,
        "var": 0.263274431229
    },
    "spectral_spread": {
        "dmean": 647865.6875,
        "dmean2": 900439.5,
        "dvar": 759026614272,
        "dvar2": 1.58113765786e+12,
        "max": 53445544,
        "mean": 4691379,
        "median": 4226737,
        "min": 1455744.125,
        "var": 1.52602337608e+13
    },
    "spectral_strongpeak": {
        "dmean": 0.290291398764,
        "dmean2": 0.475219488144,
        "dvar": 0.170018985868,
        "dvar2": 0.419263660908,
        "max": 6.24766778946,
        "mean": 0.574295639992,
        "median": 0.454369306564,
        "min": 0,
        "var": 0.25855115056
    },
    "zerocrossingrate": {
        "dmean": 0.012947875075,
        "dmean2": 0.0155542874709,
        "dvar": 0.000254106154898,
        "dvar2": 0.000329037895426,
        "max": 0.83837890625,
        "mean": 0.0528430715203,
        "median": 0.0380859375,
        "min": 0.00244140625,
        "var": 0.00365094398148
    },
    "barkbands": {
        "dmean": [0.000260510307271, 0.00691341003403, 0.00545283220708, 0.00408845534548, 0.00515574030578, 0.000815086998045, 0.000303292588796, 0.000662867620122, 0.000328106892994, 0.000308602262521, 0.000222083021072, 0.000187796817045, 0.000212421364267, 0.000216713902773, 0.000125702485093, 0.000143605255289, 0.000154753768584, 0.000113492664241, 0.000178044792847, 0.000128403829876, 0.000168013677467, 0.000201809947612, 8.8564294856e-05, 8.05768431746e-05, 4.65241755592e-05, 3.42731000273e-05, 6.10969073023e-06],
        "dmean2": [0.00043177785119, 0.00965526886284, 0.00777657516301, 0.00685502449051, 0.009262541309, 0.00132487853989, 0.000483988202177, 0.000993332010694, 0.000560311716981, 0.000491551589221, 0.000361900340067, 0.000312563468469, 0.000350193644408, 0.00036664790241, 0.000212227212614, 0.000245082279434, 0.00025871861726, 0.000185878219781, 0.000301626481814, 0.000212149039726, 0.000278826744761, 0.00033520150464, 0.000135511727422, 0.00013413054694, 7.4556141044e-05, 5.29356548213e-05, 1.04718974399e-05],
        "dvar": [2.35803994997e-07, 0.000133854176966, 0.000160271840286, 0.000101904479379, 0.000212817030842, 2.07381913242e-06, 3.01799815361e-07, 1.45327214796e-06, 4.73187242278e-07, 3.6947315607e-07, 1.62701141448e-07, 1.26410384382e-07, 1.98425112785e-07, 2.03740270877e-07, 5.15707334614e-08, 8.59529123431e-08, 8.23725230248e-08, 3.77386868422e-08, 1.12267727559e-07, 4.72534971152e-08, 1.12558566912e-07, 2.46305006613e-07, 3.22385709239e-08, 4.30943707386e-08, 1.57457229477e-08, 5.02590280504e-09, 2.00158514763e-10],
        "dvar2": [6.18794445018e-07, 0.000280875770841, 0.000334302923875, 0.000268537027296, 0.000597525038756, 5.59526597499e-06, 7.44703527289e-07, 3.18143611366e-06, 1.26067800466e-06, 8.40333029828e-07, 3.93141988297e-07, 3.31062352643e-07, 5.06436151682e-07, 5.45524926565e-07, 1.37147011969e-07, 2.30599056295e-07, 2.16706027345e-07, 9.37418462854e-08, 2.86746285383e-07, 1.16093346492e-07, 2.9416278835e-07, 6.50441791095e-07, 7.51193383053e-08, 1.1371358255e-07, 3.95893842153e-08, 1.15743246099e-08, 5.26638899156e-10],
        "max": [0.00916874594986, 0.142478823662, 0.11974991858, 0.0958105325699, 0.125532791018, 0.0192043930292, 0.0095537379384, 0.0271412488073, 0.0129230991006, 0.0108308177441, 0.00701760454103, 0.00781182479113, 0.00736285978928, 0.0119916796684, 0.00365166855045, 0.00545067666098, 0.00470013078302, 0.00231367908418, 0.00370075879619, 0.00292460480705, 0.00357693224214, 0.00380503386259, 0.00153930601664, 0.00161913421471, 0.00102780049201, 0.000573704077397, 0.000173781925696],
        "mean": [0.000364730862202, 0.0132719427347, 0.00613136030734, 0.00401363801211, 0.00486987736076, 0.00119940622244, 0.000442095362814, 0.00111520243809, 0.00038145959843, 0.000423576741014, 0.000309041613946, 0.000252761354204, 0.000282315537333, 0.000261022272753, 0.000163798875292, 0.000173506923602, 0.000194017440663, 0.000159093629918, 0.000223359733354, 0.00017624735483, 0.000193553394638, 0.000190554754226, 0.000101037789136, 7.47005760786e-05, 4.30486797995e-05, 3.54978292307e-05, 5.22425807503e-06],
        "median": [9.95020964183e-05, 0.00389572954737, 0.00103281321935, 0.000912398390938, 0.00164460809901, 0.000617283338215, 0.000211085964111, 0.000398479081923, 0.000144696881762, 0.000144840902067, 0.000114235648653, 9.93476132862e-05, 8.71040538186e-05, 0.000101993377029, 7.69521866459e-05, 6.97102514096e-05, 8.93804826774e-05, 8.60755390022e-05, 9.63506900007e-05, 6.70433873893e-05, 5.35486033186e-05, 2.71093449555e-05, 1.35361387947e-05, 9.04890384845e-06, 5.30898068973e-06, 5.44719341633e-06, 3.8217407905e-07],
        "min": [5.14092023766e-25, 4.05375582126e-24, 1.01356507445e-24, 8.741927782e-25, 5.5712197026e-24, 1.01447188978e-23, 6.33361590217e-24, 1.05486811568e-23, 1.76117314945e-23, 2.06473313666e-23, 1.51779741173e-23, 2.1587549436e-23, 2.96313700268e-23, 3.82720380452e-23, 3.89687000433e-23, 4.27819053533e-23, 8.33127740254e-23, 8.55678938506e-23, 1.15606985059e-22, 1.57359486884e-22, 2.35808321273e-22, 3.28450454664e-22, 3.5121400165e-22, 5.63256985696e-22, 8.00498332756e-22, 1.29047748623e-21, 1.91527834528e-21],
        "var": [4.39209600245e-07, 0.000396577321226, 0.000201175396796, 8.14035156509e-05, 0.000136205781018, 2.84671591544e-06, 4.69619692467e-07, 3.76224306819e-06, 4.89220212785e-07, 6.28866644092e-07, 3.00753640659e-07, 1.83131447784e-07, 2.97914596104e-07, 2.25671684007e-07, 6.06166068451e-08, 8.69546425974e-08, 9.12285358368e-08, 4.69475942566e-08, 1.22959392002e-07, 6.75270683814e-08, 1.13507915955e-07, 2.00789486371e-07, 3.8366430033e-08, 3.41887442801e-08, 1.35218884978e-08, 5.18928588988e-09, 1.7313903089e-10]
    },
    "erbbands": {
        "dmean": [0.216683536768, 1.55401647091, 4.90754461288, 11.5077085495, 15.8903455734, 17.1540584564, 8.90501022339, 6.71821689606, 5.00598430634, 11.0537605286, 9.70046520233, 8.21491527557, 11.0212593079, 5.24758481979, 10.4299039841, 8.42551803589, 10.090628624, 11.5497875214, 6.63774824142, 7.66627836227, 6.93163490295, 7.61994838715, 6.7564535141, 7.84104061127, 8.40918922424, 6.68189477921, 7.13067388535, 6.15961074829, 5.70930480957, 5.93552064896, 2.64178276062, 1.83767533302, 1.24527537823, 0.630611360073, 0.274948775768, 0.143687263131, 0.0629587545991, 0.0150965973735, 0.000881472660694, 2.65512935584e-05],
        "dmean2": [0.320865422487, 2.08188796043, 6.66810083389, 18.4748687744, 27.0836925507, 31.1609916687, 15.485376358, 10.8981542587, 7.65355300903, 16.4324531555, 15.1908521652, 13.8513507843, 17.6233520508, 8.62846374512, 16.9139385223, 13.9684801102, 16.5938224792, 19.612701416, 11.133852005, 13.0509796143, 11.6082792282, 12.7098493576, 10.9439086914, 13.2401313782, 14.1982717514, 11.0348482132, 11.7863683701, 10.147649765, 9.30816364288, 9.92078399658, 4.09091901779, 3.04059767723, 2.07182383537, 1.03418493271, 0.433150261641, 0.220180973411, 0.0978161990643, 0.0241867396981, 0.00151280930731, 4.21992117481e-05],
        "dvar": [0.136280849576, 7.10701656342, 113.303703308, 782.240783691, 1730.7833252, 2518.12475586, 433.785461426, 143.293930054, 93.2124023438, 460.416687012, 318.097381592, 290.257629395, 506.501434326, 150.381408691, 380.585083008, 275.279052734, 464.935943604, 517.704956055, 153.054107666, 202.314468384, 213.469589233, 209.705474854, 127.926185608, 216.48425293, 268.107116699, 127.366416931, 196.213134766, 159.481506348, 152.427215576, 236.981719971, 32.9700050354, 21.4071159363, 10.2538290024, 3.06720995903, 0.502495706081, 0.120489910245, 0.0160439517349, 0.000821691646706, 5.07470304001e-06, 1.62268687376e-09],
        "dvar2": [0.320744007826, 13.8887681961, 231.535614014, 1933.02612305, 4616.20654297, 7106.60009766, 1224.78466797, 383.710144043, 210.080337524, 1022.53637695, 776.21496582, 773.915466309, 1182.20251465, 396.108123779, 934.103942871, 717.691040039, 1182.24230957, 1386.90649414, 407.437713623, 550.933837891, 575.356323242, 553.870178223, 312.670349121, 558.8671875, 691.051147461, 317.573394775, 510.733306885, 412.220825195, 388.488433838, 636.754394531, 79.4589157104, 56.1456375122, 26.7499675751, 7.96675920486, 1.20284116268, 0.277315348387, 0.0373102761805, 0.00200809747912, 1.33756957439e-05, 4.01594402177e-09],
        "max": [5.23976659775, 32.6754951477, 109.489471436, 238.306182861, 435.009490967, 569.108398438, 251.941452026, 198.292098999, 193.604812622, 432.989807129, 288.742980957, 276.071350098, 368.196685791, 397.88973999, 420.714416504, 396.366577148, 386.7550354, 561.515563965, 223.843032837, 302.604003906, 415.901000977, 167.738845825, 124.538520813, 220.454467773, 193.152084351, 145.89704895, 142.925369263, 114.952568054, 111.676269531, 133.655792236, 48.713558197, 41.2108268738, 24.3053913116, 15.4228010178, 5.99719381332, 3.17860412598, 1.0663523674, 0.22394695878, 0.0284918621182, 0.000386668893043],
        "mean": [0.365559071302, 3.02797198296, 6.52965164185, 11.9553422928, 15.9797868729, 15.2106990814, 10.550204277, 9.85269737244, 7.89447593689, 18.5644283295, 15.0013237, 10.3942842484, 15.2480840683, 7.0204076767, 15.1366739273, 11.9708156586, 13.8847017288, 14.430598259, 8.98047542572, 10.0803194046, 8.93511390686, 9.63592910767, 9.70923233032, 10.4068193436, 10.2117433548, 9.11561584473, 8.60016727448, 6.85064792633, 5.89581441879, 5.41946840286, 2.87783670425, 1.75624656677, 1.13223934174, 0.562483966351, 0.26558509469, 0.135555222631, 0.0667300224304, 0.0162311960012, 0.000785985204857, 5.4323933e-05],
        "median": [0.113109588623, 0.800763368607, 1.67653095722, 3.0853831768, 4.42686367035, 4.6560125351, 4.80151605606, 4.90837144852, 3.43890166283, 6.36050796509, 6.23948812485, 4.52380752563, 5.34311389923, 3.15929508209, 5.90228509903, 5.13402462006, 4.86614608765, 6.49568891525, 4.40320396423, 5.07324934006, 4.23319578171, 4.57206678391, 5.18405103683, 5.33180856705, 3.88483548164, 3.49001193047, 2.65658688545, 1.65774059296, 0.991438508034, 0.648525357246, 0.358619660139, 0.20739479363, 0.135654255748, 0.0668544769287, 0.0346455425024, 0.0168056618422, 0.0101843867451, 0.00216922350228, 7.50253966544e-05, 3.98417396354e-05],
        "min": [8.55411609323e-23, 5.3340739781e-22, 2.01134600302e-21, 9.82241838387e-21, 1.37863252326e-20, 1.84860342777e-20, 1.52089062495e-20, 8.01519854364e-20, 1.31132167026e-19, 2.26160924694e-19, 3.44208826339e-19, 4.86511033562e-19, 6.12822650472e-19, 6.31892937603e-19, 8.2730489644e-19, 1.16414514618e-18, 1.66818630827e-18, 2.02638012213e-18, 2.03178946975e-18, 3.63549766966e-18, 3.50641365353e-18, 5.66881308084e-18, 5.23170437539e-18, 5.66376686552e-18, 6.94051765945e-18, 7.24406316575e-18, 1.07678848353e-17, 8.85482370077e-18, 1.05592549955e-17, 1.06217981217e-17, 9.25944985075e-18, 8.94540907683e-18, 8.35071502006e-18, 7.39909749206e-18, 5.8532077694e-18, 4.26402796298e-18, 2.31987269566e-18, 9.77455651809e-19, 2.52407210434e-19, 2.69765666674e-20],
        "var": [0.299755752087, 22.4977703094, 174.235275269, 705.063049316, 1293.38842773, 1579.59472656, 350.045196533, 217.964782715, 176.870544434, 1155.296875, 593.291748047, 322.844787598, 842.877563477, 181.205093384, 673.608093262, 404.661315918, 700.399658203, 574.858276367, 174.000320435, 227.179092407, 212.6847229, 217.1693573, 169.176467896, 241.845199585, 279.781768799, 178.020080566, 206.56552124, 156.728317261, 144.5496521, 184.408096313, 35.5735969543, 17.5537376404, 8.24171638489, 2.46635770798, 0.467281520367, 0.119728535414, 0.0168366283178, 0.000900712213479, 4.61383478978e-06, 2.63861288374e-09]
    },
    "gfcc": {
        "mean": [-46.3015060425, 94.7135391235, -108.694869995, 37.7242050171, -46.08543396, 6.19255065918, -25.0269889832, 5.28537273407, -20.8073959351, 6.4511013031, -13.9170150757, 2.8266980648, -12.9344949722],
        "cov": [[24907.8066406, 321.162445068, 825.377685547, 1317.27722168, -666.720458984, 868.671203613, -711.003967285, 222.729003906, -670.952270508, 73.6882324219, -758.090637207, -65.3536682129, -693.805786133], [321.162445068, 2073.86474609, -185.199890137, 12.1817579269, 364.02923584, -222.480148315, 153.657196045, -88.8646621704, 28.6982002258, -149.276367188, 84.4281768799, -175.974319458, 40.4747962952], [825.377685547, -185.199890137, 1665.60791016, 580.617614746, 327.733032227, 467.038116455, 154.730987549, 145.152282715, -10.7591686249, 21.7799434662, -164.699279785, -61.313457489, -125.618370056], [1317.27722168, 12.1817579269, 580.617614746, 664.380126953, 126.33971405, 324.450958252, 103.400817871, 80.8905410767, 1.4820690155, 24.576839447, -49.9948730469, -65.9570922852, -20.0894126892], [-666.720458984, 364.02923584, 327.733032227, 126.33971405, 393.989807129, 67.6480789185, 154.356781006, 13.3112106323, 68.5051116943, -21.1057720184, 18.6573944092, -33.4182434082, 6.75980091095], [868.671203613, -222.480148315, 467.038116455, 324.450958252, 67.6480789185, 333.426635742, 83.312210083, 112.448150635, 11.4282159805, 60.9551200867, -41.1511077881, -0.728879213333, -29.5169658661], [-711.003967285, 153.657196045, 154.730987549, 103.400817871, 154.356781006, 83.312210083, 231.899627686, 89.2281494141, 91.2247161865, 26.7885036469, 53.6867408752, -11.021364212, 30.2890853882], [222.729003906, -88.8646621704, 145.152282715, 80.8905410767, 13.3112106323, 112.448150635, 89.2281494141, 163.350234985, 62.5142822266, 71.3699188232, 13.40741539, 25.500164032, -2.53392648697], [-670.952270508, 28.6982002258, -10.7591686249, 1.4820690155, 68.5051116943, 11.4282159805, 91.2247161865, 62.5142822266, 155.021087646, 70.7983627319, 76.5987472534, 19.1333465576, 47.540851593], [73.6882324219, -149.276367188, 21.7799434662, 24.576839447, -21.1057720184, 60.9551200867, 26.7885036469, 71.3699188232, 70.7983627319, 141.000610352, 50.8336601257, 38.8415679932, 22.0158615112], [-758.090637207, 84.4281768799, -164.699279785, -49.9948730469, 18.6573944092, -41.1511077881, 53.6867408752, 13.40741539, 76.5987472534, 50.8336601257, 134.818359375, 42.2724533081, 64.0250320435], [-65.3536682129, -175.974319458, -61.313457489, -65.9570922852, -33.4182434082, -0.728879213333, -11.021364212, 25.500164032, 19.1333465576, 38.8415679932, 42.2724533081, 102.05216217, 37.09715271], [-693.805786133, 40.4747962952, -125.618370056, -20.0894126892, 6.75980091095, -29.5169658661, 30.2890853882, -2.53392648697, 47.540851593, 22.0158615112, 64.0250320435, 37.09715271, 117.035758972]],
        "icov": [[0.000102998361399, -0.000178020520252, 9.26125285332e-05, -0.000232502221479, 0.000164539640537, -0.000205673379241, 0.000252979109064, -8.02737922641e-05, 9.28063309402e-05, -0.000272104487522, 0.000521331559867, -0.000549383054022, 0.000505494885147], [-0.000178020520252, 0.00121508282609, -4.01639044867e-05, 0.000207218865398, -0.00114586995915, 0.00110064807814, -0.000458151043858, -0.00039286565152, 0.000364362000255, 0.000949372944888, -0.00182352762204, 0.00251847296022, -0.00115656352136], [9.26125285332e-05, -4.01639044867e-05, 0.00152311113197, -0.000678193231579, -0.000910280738026, -0.00112567120232, 0.000134198300657, -0.000272474688245, 0.000125155842397, -0.000385426625144, 0.00167150562629, -0.000744896824472, 0.001152720768], [-0.000232502221479, 0.000207218865398, -0.000678193231579, 0.0041440515779, -0.000244463124545, -0.00288677145727, -0.000440987525508, 0.000399067124818, 8.6203115643e-05, 0.000815867097117, -0.0017580218846, 0.00350341573358, -0.00239497679286], [0.000164539640537, -0.00114586995915, -0.000910280738026, -0.000244463124545, 0.00576303293929, -0.000821745081339, -0.00218470743857, 0.00227657309733, -0.00215548253618, 0.000429909414379, 0.0011866647983, -0.0022131933365, 0.00127433647867], [-0.000205673379241, 0.00110064807814, -0.00112567120232, -0.00288677145727, -0.000821745081339, 0.0103629240766, -0.00180580478627, -0.00264055421576, 0.00150736467913, -0.00164917996153, -2.82705568679e-05, 4.44350334874e-05, -0.000533118844032], [0.000252979109064, -0.000458151043858, 0.000134198300657, -0.000440987525508, -0.00218470743857, -0.00180580478627, 0.0106787094846, -0.00509030837566, -0.00166857650038, 0.00172721000854, -0.00232090079226, 0.00161429599393, -0.000365789659554], [-8.02737922641e-05, -0.00039286565152, -0.000272474688245, 0.000399067124818, 0.00227657309733, -0.00264055421576, -0.00509030837566, 0.0137158986181, -0.00361546687782, -0.0033143137116, 0.00265159271657, -0.00380795123056, 0.00210147001781], [9.28063309402e-05, 0.000364362000255, 0.000125155842397, 8.6203115643e-05, -0.00215548253618, 0.00150736467913, -0.00166857650038, -0.00361546687782, 0.014547361061, -0.00471716513857, -0.00391906825826, 0.00233266525902, -0.0021858336404], [-0.000272104487522, 0.000949372944888, -0.000385426625144, 0.000815867097117, 0.000429909414379, -0.00164917996153, 0.00172721000854, -0.0033143137116, -0.00471716513857, 0.0146480062976, -0.00583856459707, 0.00104889436625, -0.00115234509576], [0.000521331559867, -0.00182352762204, 0.00167150562629, -0.0017580218846, 0.0011866647983, -2.82705568679e-05, -0.00232090079226, 0.00265159271657, -0.00391906825826, -0.00583856459707, 0.0205974914134, -0.00907703302801, 9.53446942731e-05], [-0.000549383054022, 0.00251847296022, -0.000744896824472, 0.00350341573358, -0.0022131933365, 4.44350334874e-05, 0.00161429599393, -0.00380795123056, 0.00233266525902, 0.00104889436625, -0.00907703302801, 0.0217527300119, -0.00776138389483], [0.000505494885147, -0.00115656352136, 0.001152720768, -0.00239497679286, 0.00127433647867, -0.000533118844032, -0.000365789659554, 0.00210147001781, -0.0021858336404, -0.00115234509576, 9.53446942731e-05, -0.00776138389483, 0.0162119455636]]
    },
    "melbands": {
        "dmean": [0.0019235946238, 0.0020450821612, 0.00186746323016, 0.00126377702691, 0.000389573717257, 0.000150082254549, 7.12881446816e-05, 0.0001342924661, 7.35771245672e-05, 5.04881027155e-05, 5.47504059796e-05, 2.08537658182e-05, 3.06685033138e-05, 2.44016882789e-05, 2.17342967517e-05, 2.03293984669e-05, 2.38532738877e-05, 1.13890582725e-05, 8.70939857123e-06, 1.19447804536e-05, 7.96333279141e-06, 7.94673633209e-06, 8.33478043205e-06, 5.52847677682e-06, 6.79911818224e-06, 6.5437639023e-06, 5.16711315868e-06, 4.42728878625e-06, 4.04921365771e-06, 4.42158034275e-06, 3.61420984518e-06, 3.39014150086e-06, 3.82129246645e-06, 2.76912578556e-06, 1.59476508088e-06, 1.23614358927e-06, 1.03756894987e-06, 8.8866806891e-07, 7.550194141e-07, 4.56861869225e-07],
        "dmean2": [0.00275014061481, 0.00277966517024, 0.00282539916225, 0.00226191873662, 0.000685826060362, 0.000241069690674, 0.000109422908281, 0.000198494308279, 0.000117253439385, 8.5548752395e-05, 8.75624245964e-05, 3.4528417018e-05, 4.97989167343e-05, 4.02574914915e-05, 3.5631845094e-05, 3.40777733072e-05, 4.0449489461e-05, 1.90680384549e-05, 1.47313030538e-05, 2.04676744033e-05, 1.33908934004e-05, 1.33701068989e-05, 1.38604773383e-05, 9.04826265469e-06, 1.16426963359e-05, 1.08981666926e-05, 8.80487459654e-06, 7.27369524611e-06, 6.70062127028e-06, 7.28189888832e-06, 6.02503951086e-06, 5.52632263862e-06, 6.52410062685e-06, 4.54944211015e-06, 2.49345180237e-06, 1.98661791728e-06, 1.73928299319e-06, 1.49168124608e-06, 1.23457266454e-06, 7.5112200193e-07],
        "dvar": [1.04002565422e-05, 1.49142997543e-05, 1.70074363268e-05, 1.32452851176e-05, 9.13383701118e-07, 6.84807517359e-08, 1.85489952287e-08, 6.90685411087e-08, 1.89571913722e-08, 1.16066898315e-08, 1.26705881343e-08, 2.69002287112e-09, 3.11678505227e-09, 1.85304005473e-09, 1.73279035565e-09, 1.7625672033e-09, 2.43742137584e-09, 4.64776300779e-10, 2.44149173101e-10, 5.33838973027e-10, 3.24192422907e-10, 2.48192882912e-10, 2.349084538e-10, 9.60016302565e-11, 1.69376776493e-10, 1.6237207412e-10, 9.88970572102e-11, 5.64967309047e-11, 5.61669391552e-11, 8.18679707359e-11, 5.86667797675e-11, 5.68045437077e-11, 9.34618771264e-11, 4.75161611446e-11, 1.24866913684e-11, 8.03024920865e-12, 6.84991733474e-12, 4.84676318177e-12, 4.42502241446e-12, 1.59999552669e-12],
        "dvar2": [2.27094915317e-05, 2.95325116895e-05, 3.7842997699e-05, 3.68740948034e-05, 2.59018634097e-06, 1.80942038241e-07, 4.24213624228e-08, 1.50046943759e-07, 4.70108005857e-08, 3.104834434e-08, 2.95648519e-08, 7.05816916025e-09, 7.55661577756e-09, 4.69901451083e-09, 4.32677493833e-09, 4.59893367832e-09, 6.52078435692e-09, 1.23089782811e-09, 6.44877318212e-10, 1.43601430747e-09, 8.80920059121e-10, 6.64833910147e-10, 5.98832095022e-10, 2.32369776199e-10, 4.44051850845e-10, 4.06702393985e-10, 2.55690774109e-10, 1.39986758296e-10, 1.44883466335e-10, 2.13594669729e-10, 1.52820589516e-10, 1.43669229291e-10, 2.55333698629e-10, 1.25770407977e-10, 3.1040038595e-11, 1.93933862025e-11, 1.84419406829e-11, 1.28011733158e-11, 1.13151849002e-11, 4.16596488209e-12],
        "max": [0.0442485623062, 0.0469776391983, 0.0401577278972, 0.0310238450766, 0.0101262805983, 0.00438693258911, 0.00258615775965, 0.00575518561527, 0.00228339247406, 0.00198553223163, 0.00184757914394, 0.00175213720649, 0.00107441120781, 0.000878165359609, 0.000779334222898, 0.000786940974649, 0.00129705213476, 0.000418296258431, 0.000257988343947, 0.000484116259031, 0.000557778577786, 0.000204362047953, 0.000242941488978, 0.000117707124446, 0.000199298883672, 0.000124768688693, 0.000150191306602, 0.0001150328535, 8.45731483423e-05, 0.000106046609289, 7.581715181e-05, 8.42198496684e-05, 0.00010641276458, 6.20700593572e-05, 2.99868788716e-05, 2.22712333198e-05, 2.40931058215e-05, 1.86463130376e-05, 1.81185496331e-05, 1.14489275802e-05],
        "mean": [0.00356053956784, 0.00375953339972, 0.00220240093768, 0.00116161233746, 0.00043517240556, 0.000224826508202, 0.00011003936379, 0.00022708303004, 0.00010855524306, 6.18506091996e-05, 7.45182187529e-05, 2.54769347521e-05, 4.43348944827e-05, 3.54148978658e-05, 2.94206383842e-05, 2.61618570221e-05, 2.85241567326e-05, 1.48238696056e-05, 1.13109772428e-05, 1.49827919813e-05, 9.76654428086e-06, 9.65943854681e-06, 1.08031317723e-05, 7.47993453842e-06, 8.5187575678e-06, 7.96876793174e-06, 6.2022381826e-06, 5.97960934101e-06, 5.03868477608e-06, 5.02316879647e-06, 3.80749611395e-06, 3.50026311935e-06, 3.3614160202e-06, 2.62302819465e-06, 1.73679870841e-06, 1.23428242205e-06, 9.76777869255e-07, 8.06439913958e-07, 6.6759952233e-07, 4.06080658877e-07],
        "median": [0.0010754619725, 0.00110810576007, 0.000653269584291, 0.000354485440766, 0.000186937584658, 0.000113032212539, 4.73543987027e-05, 7.47440353734e-05, 4.53062602901e-05, 2.4701037546e-05, 2.46027339017e-05, 9.66317111306e-06, 1.65343535627e-05, 1.53685959958e-05, 1.10615328595e-05, 8.1817024693e-06, 1.13913947644e-05, 6.75507044434e-06, 5.31029718331e-06, 6.78370952301e-06, 4.21220374847e-06, 4.23179244535e-06, 5.3872809076e-06, 3.68995597455e-06, 4.16642615164e-06, 2.83625331576e-06, 2.19009507418e-06, 2.22055928134e-06, 1.53020380367e-06, 1.21822415622e-06, 7.64712467571e-07, 5.75689739435e-07, 4.1510702431e-07, 3.15620127367e-07, 2.00503407655e-07, 1.37661828603e-07, 1.07218447454e-07, 9.39562809776e-08, 6.88511576641e-08, 4.56914648339e-08],
        "min": [1.23255374921e-24, 1.22823158031e-24, 1.66672445043e-24, 1.64947541509e-24, 5.00868545627e-25, 1.58310460283e-24, 1.54901713425e-24, 2.89785588343e-24, 2.69950864172e-24, 2.89416125338e-24, 2.55793729709e-24, 2.27738897412e-24, 1.8832070127e-24, 2.56217170521e-24, 3.71312371023e-24, 2.74745126881e-24, 2.63774438272e-24, 3.16667266144e-24, 3.46537918194e-24, 4.45419463296e-24, 3.37444126893e-24, 4.80895997596e-24, 4.28677586633e-24, 3.50279051594e-24, 4.28492519865e-24, 4.40443210376e-24, 5.12984453195e-24, 4.24965838302e-24, 5.1846967917e-24, 4.59450695558e-24, 3.87119368627e-24, 5.62746548514e-24, 4.45547258762e-24, 5.01526642977e-24, 5.06488538628e-24, 4.36670404211e-24, 5.62726274789e-24, 5.08404169007e-24, 6.0932298684e-24, 5.65383749963e-24],
        "var": [2.81836473732e-05, 3.54664734914e-05, 1.90430328075e-05, 8.52422181197e-06, 6.70238534894e-07, 1.06523437182e-07, 3.42470976022e-08, 1.80920110893e-07, 3.21332258579e-08, 1.2500413149e-08, 2.09999058143e-08, 3.08003955674e-09, 6.09849193367e-09, 3.06389602578e-09, 2.55653920256e-09, 2.48705900319e-09, 2.71241629157e-09, 5.26000742962e-10, 2.90676538395e-10, 5.84765680323e-10, 3.09451575475e-10, 2.52854515104e-10, 2.64598926103e-10, 1.19750084848e-10, 1.81042375536e-10, 1.82317466679e-10, 1.06755618234e-10, 8.08557665266e-11, 6.58534060616e-11, 8.50347361969e-11, 5.44715349216e-11, 5.35585187311e-11, 6.98844246361e-11, 3.94798950476e-11, 1.30761772937e-11, 7.76263602009e-12, 5.37137565329e-12, 3.83456461028e-12, 3.6394203623e-12, 1.28183498972e-12]
    },
    "mfcc": {
        "mean": [-684.738342285, 124.272331238, -1.43885302544, 36.4963989258, 1.73615860939, 10.3058242798, 2.73254132271, 3.42440676689, -0.552251696587, 2.98121666908, 2.4378619194, 2.01324295998, -0.534818410873],
        "cov": [[11608.9648438, 202.834411621, 1147.51452637, 690.464294434, 230.066070557, 505.424499512, 75.4066390991, 166.041870117, -19.9925327301, 21.3681163788, -93.0062103271, -58.000125885, -113.576225281], [202.834411621, 2085.27807617, -327.310241699, 293.246551514, 99.2776947021, -32.2442588806, 70.6511230469, 16.6172409058, -19.6327857971, -16.8633480072, 16.7471809387, -3.63187384605, 10.5259408951], [1147.51452637, -327.310241699, 1106.90515137, 352.161834717, 280.361968994, 350.718109131, 221.369094849, 177.012374878, 164.720993042, 126.974807739, 28.1000289917, 16.0032100677, 37.8190231323], [690.464294434, 293.246551514, 352.161834717, 410.470825195, 192.734466553, 202.977432251, 155.552719116, 99.6005859375, 95.4251174927, 80.1786422729, 24.9821548462, 22.2381668091, 27.5668125153], [230.066070557, 99.2776947021, 280.361968994, 192.734466553, 250.651245117, 173.659896851, 100.84815979, 73.3917999268, 65.5217666626, 48.0062904358, 13.706571579, 3.7246222496, 9.81629276276], [505.424499512, -32.2442588806, 350.718109131, 202.977432251, 173.659896851, 250.930053711, 134.200439453, 85.5529174805, 82.4012756348, 72.7194595337, 22.2558917999, 16.6048603058, 13.9706048965], [75.4066390991, 70.6511230469, 221.369094849, 155.552719116, 100.84815979, 134.200439453, 178.826095581, 100.545295715, 76.1305847168, 60.5836410522, 28.3070793152, 27.5590839386, 29.4849681854], [166.041870117, 16.6172409058, 177.012374878, 99.6005859375, 73.3917999268, 85.5529174805, 100.545295715, 140.213760376, 77.3318786621, 44.7312583923, 23.6336326599, 26.7744235992, 34.5585594177], [-19.9925327301, -19.6327857971, 164.720993042, 95.4251174927, 65.5217666626, 82.4012756348, 76.1305847168, 77.3318786621, 129.335296631, 82.7942962646, 34.5446586609, 30.9549846649, 28.812204361], [21.3681163788, -16.8633480072, 126.974807739, 80.1786422729, 48.0062904358, 72.7194595337, 60.5836410522, 44.7312583923, 82.7942962646, 125.416618347, 57.4239959717, 36.7181129456, 23.7477741241], [-93.0062103271, 16.7471809387, 28.1000289917, 24.9821548462, 13.706571579, 22.2558917999, 28.3070793152, 23.6336326599, 34.5446586609, 57.4239959717, 88.1395111084, 48.7723655701, 30.294095993], [-58.000125885, -3.63187384605, 16.0032100677, 22.2381668091, 3.7246222496, 16.6048603058, 27.5590839386, 26.7744235992, 30.9549846649, 36.7181129456, 48.7723655701, 91.6069946289, 53.1169090271], [-113.576225281, 10.5259408951, 37.8190231323, 27.5668125153, 9.81629276276, 13.9706048965, 29.4849681854, 34.5585594177, 28.812204361, 23.7477741241, 30.294095993, 53.1169090271, 103.039367676]],
