{
"lowlevel": {
    "average_loudness": 0.722893774509,
    "barkbands_crest": {
        "dmean": 2.8563477993,
        "dmean2": 4.47399377823,
        "dvar": 9.24276542664,
        "dvar2": 20.6975746155,
        "max": 26.5691184998,
        "mean": 14.0975456238,
        "median": 13.7522888184,
        "min": 2.10111546516,
        "var": 34.7582702637
    },
    "barkbands_flatness_db": {
        "dmean": 0.0376292727888,
        "dmean2": 0.0533961988986,
        "dvar": 0.00167862942908,
        "dvar2": 0.00324127962813,
        "max": 0.591968715191,
        "mean": 0.207574620843,
        "median": 0.202105432749,
        "min": 0.023059014231,
        "var": 0.00895924679935
    },
    "barkbands_kurtosis": {
        "dmean": 19.305103302,
        "dmean2": 29.4940853119,
        "dvar": 2219.90307617,
        "dvar2": 5033.97607422,
        "max": 1134.78344727,
        "mean": 33.3079566956,
        "median": 10.3349218369,
        "min": -1.91092813015,
        "var": 4223.59570312
    },
    "barkbands_skewness": {
        "dmean": 1.28289699554,
        "dmean2": 1.88778710365,
        "dvar": 2.9250895977,
        "dvar2": 6.03875637054,
        "max": 27.4036426544,
        "mean": 3.74219417572,
        "median": 2.99495816231,
        "min": -2.52191758156,
        "var": 11.3406829834
    },
    "barkbands_spread": {
        "dmean": 6.76389026642,
        "dmean2": 10.3331546783,
        "dvar": 88.5779495239,
        "dvar2": 199.453323364,
        "max": 102.443618774,
        "mean": 16.6262321472,
        "median": 11.3456802368,
        "min": 0.156795322895,
        "var": 276.86315918
    },
    "dissonance": {
        "dmean": 0.0144086480141,
        "dmean2": 0.0236328579485,
        "dvar": 0.000273553887382,
        "dvar2": 0.000692575471476,
        "max": 0.500000119209,
        "mean": 0.472423791885,
        "median": 0.479346990585,
        "min": 0.251235961914,
        "var": 0.000631761155091
    },
    "dynamic_complexity": 6.38827562332,
    "erbbands_crest": {
        "dmean": 2.32489442825,
        "dmean2": 3.63541555405,
        "dvar": 6.4735250473,
        "dvar2": 14.5514574051,
        "max": 32.0187301636,
        "mean": 8.03094291687,
        "median": 7.02898263931,
        "min": 2.23685145378,
        "var": 16.8483524323
    },
    "erbbands_flatness_db": {
        "dmean": 0.017032109201,
        "dmean2": 0.0243851598352,
        "dvar": 0.000387614418287,
        "dvar2": 0.000725813792087,
        "max": 0.400519967079,
        "mean": 0.152843624353,
        "median": 0.130558595061,
        "min": 0.0512959994376,
        "var": 0.00452843867242
    },
    "erbbands_kurtosis": {
        "dmean": 1.22964429855,
        "dmean2": 1.94683802128,
        "dvar": 14.4491510391,
        "dvar2": 33.2672424316,
        "max": 148.327758789,
        "mean": 0.337048619986,
        "median": -0.724147558212,
        "min": -1.88786637783,
        "var": 24.3265476227
    },
    "erbbands_skewness": {
        "dmean": 0.479770362377,
        "dmean2": 0.712083697319,
        "dvar": 0.299945354462,
        "dvar2": 0.611566543579,
        "max": 8.94336032867,
        "mean": 0.122555762529,
        "median": 0.0736825838685,
        "min": -4.21063661575,
        "var": 1.03697121143
    },
    "erbbands_spread": {
        "dmean": 12.2399539948,
        "dmean2": 18.7643241882,
        "dvar": 193.038040161,
        "dvar2": 432.161315918,
        "max": 166.488021851,
        "mean": 56.0388412476,
        "median": 54.4988708496,
        "min": 1.59986364841,
        "var": 770.376037598
    },
    "hfc": {
        "dmean": 7.02848768234,
        "dmean2": 10.4590759277,
        "dvar": 174.252838135,
        "dvar2": 403.296966553,
        "max": 132.924621582,
        "mean": 14.560921669,
        "median": 9.23533916473,
        "min": 1.11925107235e-16,
        "var": 308.437774658
    },
    "melbands_crest": {
        "dmean": 3.64793658257,
        "dmean2": 5.58440589905,
        "dvar": 17.6278209686,
        "dvar2": 38.02110672,
        "max": 39.4996910095,
        "mean": 20.9827690125,
        "median": 19.6519451141,
        "min": 1.72475528717,
        "var": 84.7970428467
    },
    "melbands_flatness_db": {
        "dmean": 0.0447215363383,
        "dmean2": 0.0632922798395,
        "dvar": 0.00237098312937,
        "dvar2": 0.00457770377398,
        "max": 0.720191717148,
        "mean": 0.286729097366,
        "median": 0.287336468697,
        "min": 0.00425407104194,
        "var": 0.0136239985004
    },
    "melbands_kurtosis": {
        "dmean": 49.6000328064,
        "dmean2": 75.5475540161,
        "dvar": 13546.3681641,
        "dvar2": 30280.5917969,
        "max": 2552.16650391,
        "mean": 93.6044311523,
        "median": 35.3772888184,
        "min": -1.8838518858,
        "var": 29680.8339844
    },
    "melbands_skewness": {
        "dmean": 1.81446099281,
        "dmean2": 2.73041987419,
        "dvar": 6.53256559372,
        "dvar2": 14.6987714767,
        "max": 37.9253578186,
        "mean": 6.16146612167,
        "median": 5.04516172409,
        "min": -1.80478990078,
        "var": 24.5151233673
    },
    "melbands_spread": {
        "dmean": 8.23942470551,
        "dmean2": 12.9804029465,
        "dvar": 212.479400635,
        "dvar2": 498.400604248,
        "max": 214.296508789,
        "mean": 17.3032608032,
        "median": 7.53327560425,
        "min": 0.0916741862893,
        "var": 593.029296875
    },
    "pitch_salience": {
        "dmean": 0.0898064598441,
        "dmean2": 0.140316352248,
        "dvar": 0.0100623797625,
        "dvar2": 0.0226379074156,
        "max": 0.976914942265,
        "mean": 0.440515786409,
        "median": 0.473502397537,
        "min": 0.0320052579045,
        "var": 0.0401505976915
    },
    "silence_rate_20dB": {
        "dmean": 0.00129849056248,
        "dmean2": 0.00259740254842,
        "dvar": 0.00129689835012,
        "dvar2": 0.0035650562495,
        "max": 1,
        "mean": 0.999188601971,
        "median": 1,
        "min": 0,
        "var": 0.000810701865703
    },
    "silence_rate_30dB": {
        "dmean": 0.0857003703713,
        "dmean2": 0.171428576112,
        "dvar": 0.0783589184284,
        "dvar2": 0.168331190944,
        "max": 1,
        "mean": 0.649951338768,
        "median": 1,
        "min": 0,
        "var": 0.22752442956
    },
    "silence_rate_60dB": {
        "dmean": 0.0678461268544,
        "dmean2": 0.135714292526,
        "dvar": 0.0632466077805,
        "dvar2": 0.136463031173,
        "max": 1,
        "mean": 0.239370331168,
        "median": 0,
        "min": 0,
        "var": 0.182082742453
    },
    "spectral_centroid": {
        "dmean": 378.3621521,
        "dmean2": 579.809265137,
        "dvar": 221691.765625,
        "dvar2": 461883.3125,
        "max": 11576.3554688,
        "mean": 1371.62109375,
        "median": 1082.44885254,
        "min": 89.4329452515,
        "var": 1334706.875
    },
    "spectral_complexity": {
        "dmean": 4.53075790405,
        "dmean2": 6.98441553116,
        "dvar": 44.9336700439,
        "dvar2": 98.83152771,
        "max": 52,
        "mean": 11.9685163498,
        "median": 9,
        "min": 0,
        "var": 114.269523621
    },
    "spectral_decrease": {
        "dmean": 5.52555734501e-09,
        "dmean2": 8.06258526609e-09,
        "dvar": 9.32357289184e-17,
        "dvar2": 1.96888652834e-16,
        "max": 1.33451369188e-28,
        "mean": -1.71681158179e-08,
        "median": -5.44536149505e-09,
        "min": -1.12090013715e-07,
        "var": 3.67202070464e-16
    },
    "spectral_energy": {
        "dmean": 0.0211673881859,
        "dmean2": 0.0308384485543,
        "dvar": 0.00134550291114,
        "dvar2": 0.00282951793633,
        "max": 0.424864798784,
        "mean": 0.0661171749234,
        "median": 0.0217178035527,
        "min": 9.91612970777e-21,
        "var": 0.00534514617175
    },
    "spectral_energyband_high": {
        "dmean": 0.000513136503287,
        "dmean2": 0.000776019238401,
        "dvar": 1.138343805e-06,
        "dvar2": 2.55261306847e-06,
        "max": 0.0127732409164,
        "mean": 0.000817224150524,
        "median": 0.000178818416316,
        "min": 6.81205610319e-21,
        "var": 2.15940895032e-06
    },
    "spectral_energyband_low": {
        "dmean": 0.0191893558949,
        "dmean2": 0.0287251807749,
        "dvar": 0.00137738499325,
        "dvar2": 0.00306591298431,
        "max": 0.406824380159,
        "mean": 0.0547445081174,
        "median": 0.00941581465304,
        "min": 1.9237438136e-23,
        "var": 0.00463047064841
    },
    "spectral_energyband_middle_high": {
        "dmean": 0.00137941271532,
        "dmean2": 0.00225428584963,
        "dvar": 1.07833811853e-05,
        "dvar2": 2.63035763055e-05,
        "max": 0.0775569528341,
        "mean": 0.00193876586854,
        "median": 0.000817120831925,
        "min": 1.19394201504e-21,
        "var": 1.2600980881e-05
    },
    "spectral_energyband_middle_low": {
        "dmean": 0.00614709407091,
        "dmean2": 0.00998738687485,
        "dvar": 0.00026665040059,
        "dvar2": 0.000680368277244,
        "max": 0.189869582653,
        "mean": 0.0101229818538,
        "median": 0.00377273606136,
        "min": 1.46798949148e-22,
        "var": 0.000289983610855
    },
    "spectral_entropy": {
        "dmean": 0.216480255127,
        "dmean2": 0.311319291592,
        "dvar": 0.0580078773201,
        "dvar2": 0.115127615631,
        "max": 9.82410240173,
        "mean": 7.49327707291,
        "median": 7.58211231232,
        "min": 4.33958387375,
        "var": 0.342623800039
    },
    "spectral_flux": {
        "dmean": 0.0397294275463,
        "dmean2": 0.0617997944355,
        "dvar": 0.00304699758999,
        "dvar2": 0.00652978895232,
        "max": 0.565856218338,
        "mean": 0.0885552689433,
        "median": 0.055420704186,
        "min": 6.53464643507e-11,
        "var": 0.00839903112501
    },
    "spectral_kurtosis": {
        "dmean": 2.55049777031,
        "dmean2": 4.27841615677,
        "dvar": 27.0596637726,
        "dvar2": 70.0297012329,
        "max": 104.352516174,
        "mean": 5.30032491684,
        "median": 2.89357209206,
        "min": -1.26678204536,
        "var": 64.188331604
    },
    "spectral_rms": {
        "dmean": 0.00123575190082,
        "dmean2": 0.0017378157936,
        "dvar": 3.18883394357e-06,
        "dvar2": 5.83404880672e-06,
        "max": 0.0203593280166,
        "mean": 0.00635289493948,
        "median": 0.00460305251181,
        "min": 3.11034943461e-12,
        "var": 2.41451270995e-05
    },
    "spectral_rolloff": {
        "dmean": 500.356719971,
        "dmean2": 834.077575684,
        "dvar": 1096596,
        "dvar2": 2474182,
        "max": 19487.5488281,
        "mean": 1130.39953613,
        "median": 258.3984375,
        "min": 21.533203125,
        "var": 4473670.5
    },
    "spectral_skewness": {
        "dmean": 0.301583409309,
        "dmean2": 0.482043325901,
        "dvar": 0.176449283957,
        "dvar2": 0.436386615038,
        "max": 7.69139814377,
        "mean": 1.40430998802,
        "median": 1.26470923424,
        "min": -0.24974578619,
        "var": 0.566792190075
    },
    "spectral_spread": {
        "dmean": 500232.03125,
        "dmean2": 723321.25,
        "dvar": 570896482304,
        "dvar2": 1.06584060723e+12,
        "max": 42795972,
        "mean": 4723014.5,
        "median": 4679323,
        "min": 496712.15625,
        "var": 1.0991732523e+13
    },
    "spectral_strongpeak": {
        "dmean": 0.221454888582,
        "dmean2": 0.359533131123,
        "dvar": 0.197243824601,
        "dvar2": 0.456427514553,
        "max": 12.9377508163,
        "mean": 0.478038996458,
        "median": 0.40833824873,
        "min": 0,
        "var": 0.278871059418
    },
    "zerocrossingrate": {
        "dmean": 0.0114338332787,
        "dmean2": 0.0135889621451,
        "dvar": 0.000209482808714,
        "dvar2": 0.000277413491858,
        "max": 0.66357421875,
        "mean": 0.0461417846382,
        "median": 0.03125,
        "min": 0.0009765625,
        "var": 0.00306372181512
    },
    "barkbands": {
        "dmean": [0.00332915922627, 0.0160819385201, 0.00463349046186, 0.00318936328404, 0.00300166453235, 0.000503371818922, 0.00023159570992, 0.000155465968419, 0.00011532031931, 0.00017944087449, 0.000196510969545, 9.32709881454e-05, 0.000148128499859, 0.000118648727948, 0.000180883216672, 0.000129766543978, 0.0001723880996, 0.00017511297483, 0.000185459590284, 0.000145413607243, 0.000141123106005, 0.000135972062708, 0.000101885292679, 5.39747925359e-05, 2.88097580778e-05, 1.74204815266e-05, 4.67255722469e-06],
        "dmean2": [0.00531106349081, 0.023818956688, 0.00811912398785, 0.00506138009951, 0.00519975507632, 0.000803205941338, 0.000386160972994, 0.000233050363022, 0.000183433818165, 0.000299371080473, 0.000297390826745, 0.000147384562297, 0.000238457869273, 0.000199271700694, 0.000307787558995, 0.000216539498069, 0.000285066111246, 0.000307978043566, 0.000316385237966, 0.000236277250224, 0.000222626476898, 0.000211897015106, 0.000156005567987, 8.17048203317e-05, 4.44376491942e-05, 2.7282647352e-05, 7.68835616327e-06],
        "dvar": [6.30770082353e-05, 0.00104345509317, 0.000240858047619, 9.75867369561e-05, 8.27057956485e-05, 1.05855986021e-06, 2.89406870024e-07, 1.45651952721e-07, 8.39021652155e-08, 3.3230330132e-07, 8.00083739705e-07, 1.55902256438e-07, 1.22690016724e-06, 7.85273144288e-08, 2.31638523474e-07, 1.10478950432e-07, 1.71075882349e-07, 3.32333286224e-07, 2.04059105613e-07, 1.01137551667e-07, 8.14711285102e-08, 1.00236547951e-07, 4.41404672813e-08, 1.23930794516e-08, 5.57398216472e-09, 1.74618264293e-09, 1.89988955124e-10],
        "dvar2": [0.000160120485816, 0.00254300120287, 0.000689967127983, 0.000221232607146, 0.000238744658418, 2.57003421211e-06, 7.52323444431e-07, 2.73328311096e-07, 1.85943434872e-07, 8.3665713646e-07, 1.22622009258e-06, 2.48597757491e-07, 2.05965602618e-06, 2.04570838491e-07, 6.02968896146e-07, 2.85454433424e-07, 4.38178460627e-07, 9.24902280985e-07, 5.53644611045e-07, 2.61228450427e-07, 1.89645362525e-07, 2.31776880355e-07, 9.48347746998e-08, 2.74714828663e-08, 1.35011699598e-08, 4.36314007146e-09, 4.77124229015e-10],
        "max": [0.117162078619, 0.349271416664, 0.153224408627, 0.16705262661, 0.112104691565, 0.0184992160648, 0.00742632849142, 0.0104504209012, 0.00638070562854, 0.00903587136418, 0.0356545969844, 0.0237198174, 0.0637600496411, 0.00448132120073, 0.00774915749207, 0.00504365330562, 0.00501911342144, 0.00720472587273, 0.0067557268776, 0.0036335492041, 0.003940846771, 0.00434987712651, 0.00312614976428, 0.00156924908515, 0.00100510998163, 0.000387124193367, 0.000194600972463],
        "mean": [0.00663453852758, 0.041506011039, 0.00515038473532, 0.00401822198182, 0.00423985626549, 0.000911280629225, 0.000353489245754, 0.000297727325233, 0.000184451288078, 0.000217958469875, 0.000264206551947, 0.000123595833429, 0.000197454748559, 0.00014838988136, 0.000221713067731, 0.000158049486345, 0.000190550417756, 0.000172516636667, 0.000216250715312, 0.000200144117116, 0.000212081038626, 0.000195309810806, 0.000152914712089, 8.73354583746e-05, 3.77393080271e-05, 2.06021759368e-05, 4.27519762525e-06],
        "median": [0.000342804181855, 0.00495821703225, 0.000477897061501, 0.000519345689099, 0.0013054984156, 0.00028903328348, 0.000131730805151, 9.20957827475e-05, 4.81303286506e-05, 4.8167850764e-05, 4.88542245876e-05, 3.30452967319e-05, 4.3628300773e-05, 4.24203499279e-05, 4.75812485092e-05, 4.21961085522e-05, 5.14477796969e-05, 4.78968722746e-05, 6.52884627925e-05, 6.03087355557e-05, 4.65721241198e-05, 3.53509021807e-05, 2.33426744671e-05, 1.30202661239e-05, 5.61764909435e-06, 2.42302076003e-06, 1.15350822227e-07],
        "min": [8.73447797682e-25, 5.99611320235e-24, 9.50481051153e-25, 1.55143223191e-24, 1.39596825788e-23, 4.85564160889e-24, 5.49281402837e-24, 6.21773854608e-24, 1.64131220356e-23, 2.33765802617e-23, 2.82484116629e-23, 4.08457188366e-23, 2.43803820977e-23, 3.75695574091e-23, 4.63285766515e-23, 5.88923288377e-23, 7.9415220552e-23, 8.73411900567e-23, 1.31689107369e-22, 1.9624825954e-22, 2.73849869939e-22, 3.33197302099e-22, 3.99564334138e-22, 5.67258643565e-22, 8.00716891403e-22, 1.44487409991e-21, 2.03497679213e-21],
        "var": [0.000197144661797, 0.00319178239442, 0.000169604056282, 0.000110460852738, 6.60392615828e-05, 2.38892334892e-06, 4.13929740262e-07, 4.04734322501e-07, 1.7605168523e-07, 4.10328368616e-07, 1.59165699642e-06, 2.74546664514e-07, 2.06003710446e-06, 8.0173549577e-08, 2.66258354031e-07, 1.09804282999e-07, 1.60893776524e-07, 2.23766377871e-07, 1.75652829171e-07, 1.26750293816e-07, 1.51937442183e-07, 1.5910687523e-07, 9.37494846198e-08, 2.81850507378e-08, 6.65012844792e-09, 1.8093277987e-09, 1.70025368784e-10]
    },
    "erbbands": {
        "dmean": [0.698857367039, 3.01122999191, 5.06751871109, 8.30131626129, 11.0768709183, 9.84504890442, 6.57831144333, 3.5840382576, 3.27267956734, 3.82273221016, 2.56970143318, 2.60586380959, 5.0046749115, 5.62589263916, 7.4401922226, 4.26186847687, 6.96326494217, 6.20155620575, 7.76422548294, 8.36903095245, 7.37680196762, 9.92009735107, 10.3760900497, 7.74121284485, 9.13359165192, 7.0269575119, 5.89951610565, 5.4738202095, 5.06999588013, 3.88409662247, 2.85790538788, 1.4832046032, 0.786002993584, 0.415118515491, 0.163610860705, 0.0730131715536, 0.033889580518, 0.00872455816716, 0.000744620570913, 3.10149334837e-05],
        "dmean2": [1.01178705692, 4.60653066635, 8.56688690186, 13.3719501495, 18.489648819, 17.0984840393, 11.0598630905, 5.73316001892, 5.46227359772, 5.93116378784, 4.02471446991, 4.06208848953, 7.9471578598, 9.51333999634, 11.1521520615, 6.72082042694, 11.1311092377, 10.1313238144, 13.1879148483, 14.2531251907, 12.0800561905, 16.5610713959, 18.3115139008, 13.1880645752, 15.2040233612, 11.4461088181, 9.50539112091, 8.56780052185, 7.81780910492, 6.05877447128, 4.41284227371, 2.24894833565, 1.20897603035, 0.646754264832, 0.251162916422, 0.11472299695, 0.053493142128, 0.0136139402166, 0.00124216463882, 4.679594349e-05],
        "dvar": [2.06616854668, 46.927482605, 280.892333984, 545.163818359, 1023.65136719, 1039.86242676, 275.603179932, 51.2517585754, 59.6761398315, 82.2397003174, 34.2677116394, 44.867980957, 265.79586792, 373.101318359, 1673.88391113, 251.729751587, 2626.46801758, 301.663757324, 372.110565186, 557.99810791, 250.550506592, 588.138916016, 1311.95336914, 335.984222412, 435.857299805, 259.0965271, 153.105163574, 123.910888672, 134.864303589, 87.5042877197, 36.2889328003, 8.8545923233, 3.09611439705, 1.07019221783, 0.196584776044, 0.032124876976, 0.00697294902056, 0.000449214334367, 5.29265571458e-06, 2.65637556396e-09],
        "dvar2": [4.64849901199, 111.842262268, 779.83984375, 1316.328125, 2770.49023438, 3008.87988281, 759.029968262, 127.330207825, 156.823898315, 168.898071289, 74.8548583984, 90.1171646118, 544.695983887, 879.158508301, 2521.34326172, 419.110076904, 4357.44335938, 652.100036621, 961.568237305, 1498.50390625, 626.237060547, 1527.41723633, 3674.0847168, 914.372131348, 1143.78259277, 675.13684082, 374.683837891, 281.099853516, 305.61340332, 205.167144775, 83.5353851318, 19.1705646515, 7.19741296768, 2.57472681999, 0.487608641386, 0.0800319686532, 0.0177488401532, 0.00107818131801, 1.3691273125e-05, 5.87362380955e-09],
        "max": [20.4660758972, 75.3006210327, 180.550125122, 334.668304443, 376.828887939, 410.683685303, 211.035064697, 130.904510498, 119.466880798, 244.447479248, 121.838775635, 193.281021118, 388.36138916, 588.665222168, 1717.21618652, 873.601013184, 2999.50927734, 683.835693359, 238.221008301, 374.501525879, 245.596282959, 279.071533203, 454.454071045, 245.215011597, 271.08770752, 213.047607422, 143.205200195, 164.923294067, 162.05255127, 137.583908081, 81.6958465576, 44.0094947815, 24.8506641388, 15.0614919662, 5.94029188156, 1.87414038181, 0.774540126324, 0.247783944011, 0.0288102459162, 0.000504616415128],
        "mean": [1.84992790222, 6.65841817856, 6.87941408157, 10.5241127014, 14.9810647964, 13.3846607208, 9.71443843842, 6.70815467834, 5.3317027092, 7.00745105743, 4.65015172958, 4.50603675842, 6.9260058403, 6.86090993881, 10.0180902481, 6.01357364655, 9.43029880524, 8.6039981842, 9.67329311371, 10.0569038391, 9.27283287048, 10.6200733185, 9.92677879333, 9.21548080444, 11.2353363037, 9.56932926178, 8.63750362396, 8.1588306427, 7.30245923996, 5.56849145889, 4.11699056625, 2.44802498817, 1.18497169018, 0.545196354389, 0.212447524071, 0.0891827121377, 0.0381349995732, 0.00938984658569, 0.000684296130203, 8.43884263304e-05],
        "median": [0.171586126089, 0.968153595924, 1.05761122704, 1.45054745674, 3.05380821228, 3.72014951706, 3.02424907684, 2.23931980133, 2.06466388702, 2.46055793762, 1.76673603058, 1.29447984695, 1.68904578686, 1.48172044754, 1.99596607685, 1.82367801666, 2.23564434052, 2.73080301285, 2.53672599792, 2.70635604858, 2.78748989105, 2.83163046837, 2.62331557274, 3.13163042068, 3.2904009819, 2.86173820496, 2.04635810852, 1.73075962067, 1.28041696548, 0.89220058918, 0.612727046013, 0.390653729439, 0.16622248292, 0.072809651494, 0.0336060523987, 0.0115719530731, 0.00441198702902, 0.000705147045664, 6.72128880979e-05, 4.25508624176e-05],
        "min": [1.61802200041e-22, 5.62132587538e-22, 3.00471459195e-21, 6.11270316805e-21, 2.0916848295e-20, 4.42214794439e-20, 4.58897314872e-20, 7.6998339964e-20, 1.18458454647e-19, 1.66905518396e-19, 3.77610043431e-19, 2.93218802592e-19, 5.90185457142e-19, 9.29563652101e-19, 1.48255426092e-18, 1.2447103665e-18, 1.24156180689e-18, 2.08507706519e-18, 2.20853087649e-18, 3.61654737542e-18, 4.11543571928e-18, 4.43411366771e-18, 4.68057750789e-18, 6.13657130953e-18, 6.49344390916e-18, 8.36064284178e-18, 9.64630319809e-18, 9.84421525863e-18, 1.20733487226e-17, 1.1713693901e-17, 1.20805923433e-17, 1.04123220761e-17, 1.03583096637e-17, 8.49632362329e-18, 5.97953768768e-18, 4.90452342385e-18, 2.2485637298e-18, 1.00216705222e-18, 2.65575408797e-19, 2.67147187671e-20],
        "var": [7.48151683807, 102.286018372, 231.437805176, 571.978393555, 965.057800293, 784.896240234, 310.511230469, 118.809089661, 82.023651123, 201.420684814, 76.8227615356, 108.468330383, 512.346984863, 513.891540527, 3324.25927734, 441.193206787, 4413.43115234, 428.048370361, 422.288299561, 528.214660645, 294.26159668, 518.146728516, 853.381530762, 294.48324585, 445.28805542, 311.465545654, 238.487258911, 242.206954956, 228.457580566, 132.12097168, 69.0127792358, 22.319278717, 5.5879149437, 1.34099018574, 0.221439525485, 0.0358255580068, 0.00659694615752, 0.000474606844364, 4.34620960732e-06, 8.03450195264e-09]
    },
    "gfcc": {
        "mean": [-85.1598587036, 97.2797317505, -99.6577835083, 50.9755516052, -40.5847244263, 9.69544124603, -29.108499527, 3.15293478966, -19.2140426636, 3.93333268166, -8.91045284271, 0.541397213936, -4.39075565338],
        "cov": [[32386.3222656, -1701.73693848, 1118.02258301, 3015.38745117, -661.572143555, 1531.45703125, 231.049667358, 583.461547852, -128.512390137, -62.6542854309, -594.006103516, 313.812164307, -985.4921875], [-1701.73693848, 2742.00073242, -576.844726562, -668.754333496, 699.362609863, -561.59362793, 41.4407424927, -186.743911743, 87.400390625, -85.5019378662, 255.7081604, -273.22253418, 349.651916504], [1118.02258301, -576.844726562, 1605.81494141, 724.073852539, 24.7442913055, 521.799255371, 308.253875732, 64.1621170044, 148.335128784, -39.0547485352, -64.6834716797, 125.39654541, -137.962783813], [3015.38745117, -668.754333496, 724.073852539, 1043.66906738, -30.4932003021, 464.041809082, 197.08581543, 170.445755005, 100.396850586, 2.35174107552, -14.5123348236, 67.3637008667, -83.3067398071], [-661.572143555, 699.362609863, 24.7442913055, -30.4932003021, 665.615966797, -35.6466827393, 130.31892395, 42.2706031799, 87.1312713623, 68.9853515625, 152.597015381, -65.6842422485, 149.931427002], [1531.45703125, -561.59362793, 521.799255371, 464.041809082, -35.6466827393, 493.983795166, 181.55116272, 105.069328308, 103.884544373, 21.263048172, -10.8565216064, 111.024932861, -86.7164459229], [231.049667358, 41.4407424927, 308.253875732, 197.08581543, 130.31892395, 181.55116272, 305.860931396, 120.348747253, 122.748649597, 17.0305747986, 62.1226806641, 26.5024414062, 23.5155563354], [583.461547852, -186.743911743, 64.1621170044, 170.445755005, 42.2706031799, 105.069328308, 120.348747253, 199.117141724, 54.185760498, 61.2231330872, 15.6169986725, 24.880777359, -3.27677631378], [-128.512390137, 87.400390625, 148.335128784, 100.396850586, 87.1312713623, 103.884544373, 122.748649597, 54.185760498, 210.635757446, 25.8860263824, 62.6678314209, 7.03966999054, 16.0268669128], [-62.6542854309, -85.5019378662, -39.0547485352, 2.35174107552, 68.9853515625, 21.263048172, 17.0305747986, 61.2231330872, 25.8860263824, 143.875152588, 46.9111785889, 15.8919744492, 18.6771965027], [-594.006103516, 255.7081604, -64.6834716797, -14.5123348236, 152.597015381, -10.8565216064, 62.1226806641, 15.6169986725, 62.6678314209, 46.9111785889, 158.182357788, 4.58246660233, 88.3552474976], [313.812164307, -273.22253418, 125.39654541, 67.3637008667, -65.6842422485, 111.024932861, 26.5024414062, 24.880777359, 7.03966999054, 15.8919744492, 4.58246660233, 124.325080872, -15.3686208725], [-985.4921875, 349.651916504, -137.962783813, -83.3067398071, 149.931427002, -86.7164459229, 23.5155563354, -3.27677631378, 16.0268669128, 18.6771965027, 88.3552474976, -15.3686208725, 175.219406128]],
        "icov": [[7.41973854019e-05, -0.000152266671648, 0.000117918993055, -0.000283651432255, 1.47062200995e-05, -0.000119617572636, 1.54494409799e-05, -8.24491435196e-05, 0.000136379792821, -0.000113045498438, 0.000268895615591, -0.000308061135001, 0.000440711708507], [-0.000152266671648, 0.00139576767106, -0.000211330334423, 0.000867316499352, -0.000692970177624, 0.000814636354335, -0.000480546383187, 0.000761090486776, -0.000683698570356, 0.0011709529208, -0.00122718617786, 0.00178701907862, -0.00160757557023], [0.000117918993055, -0.000211330334423, 0.00157462945208, -0.00110790482722, -0.000342227576766, -0.00049012445379, -0.00113071105443, 0.00106653559487, -0.000100126941106, -0.000163468546816, 0.00140803097747, -0.00134013930801, 0.0012189996196], [-0.000283651432255, 0.000867316499352, -0.00110790482722, 0.00329560833052, 7.71458962845e-06, -0.000996385933831, 0.000512444297783, -0.00110884290189, -0.000364029023331, 0.00126415432896, -0.00190051295795, 0.00262566911988, -0.00213358434848], [1.47062200995e-05, -0.000692970177624, -0.000342227576766, 7.71458962845e-06, 0.0029027252458, -0.000471072737128, -0.000168287820998, -0.000600511499215, 0.000296788144624, -0.00128020998091, -0.000981060788035, 0.000973365444224, -0.000816435378511], [-0.000119617572636, 0.000814636354335, -0.00049012445379, -0.000996385933831, -0.000471072737128, 0.00617472315207, -0.00189373979811, 0.000811112055089, -0.00145340070594, 7.9723122326e-06, -0.000224318297114, -0.00222905445844, 0.000619963684585], [1.54494409799e-05, -0.000480546383187, -0.00113071105443, 0.000512444297783, -0.000168287820998, -0.00189373979811, 0.00784385576844, -0.00431072432548, -0.00131753459573, 0.00152928719763, -0.00179742532782, 0.000428579398431, -0.000625898537692], [-8.24491435196e-05, 0.000761090486776, 0.00106653559487, -0.00110884290189, -0.000600511499215, 0.000811112055089, -0.00431072432548, 0.00999855156988, -0.000864882662427, -0.00314105255529, 0.00167351018172, -0.000385047402233, -0.000452865584521], [0.000136379792821, -0.000683698570356, -0.000100126941106, -0.000364029023331, 0.000296788144624, -0.00145340070594, -0.00131753459573, -0.000864882662427, 0.00743830017745, -0.000751198909711, -0.00173424638342, 0.000267576018814, 0.00136454333551], [-0.000113045498438, 0.0011709529208, -0.000163468546816, 0.00126415432896, -0.00128020998091, 7.9723122326e-06, 0.00152928719763, -0.00314105255529, -0.000751198909711, 0.0106955450028, -0.00378941465169, 0.000678094453178, -0.000765773118474], [0.000268895615591, -0.00122718617786, 0.00140803097747, -0.00190051295795, -0.000981060788035, -0.000224318297114, -0.00179742532782, 0.00167351018172, -0.00173424638342, -0.00378941465169, 0.0140955643728, -0.00418851571158, -0.00174532504752], [-0.000308061135001, 0.00178701907862, -0.00134013930801, 0.00262566911988, 0.000973365444224, -0.00222905445844, 0.000428579398431, -0.000385047402233, 0.000267576018814, 0.000678094453178, -0.00418851571158, 0.0147509733215, -0.00379711063579], [0.000440711708507, -0.00160757557023, 0.0012189996196, -0.00213358434848, -0.000816435378511, 0.000619963684585, -0.000625898537692, -0.000452865584521, 0.00136454333551, -0.000765773118474, -0.00174532504752, -0.00379711063579, 0.0129239950329]]
    },
    "melbands": {
        "dmean": [0.00516482256353, 0.00279413233511, 0.00147640856449, 0.000742972188164, 0.000273889047094, 8.24957096484e-05, 4.98543267895e-05, 4.09244566981e-05, 2.06839413295e-05, 1.68203896465e-05, 2.51665296673e-05, 2.22550734179e-05, 2.42491478275e-05, 1.22875871966e-05, 1.26723634821e-05, 1.61511507031e-05, 1.16220517157e-05, 1.14664590001e-05, 1.48781227836e-05, 1.00418046713e-05, 8.33936519484e-06, 1.07771566036e-05, 1.13957639769e-05, 6.62987031319e-06, 6.32543151369e-06, 7.78212688601e-06, 5.36024390385e-06, 4.827513294e-06, 4.04765660278e-06, 3.44252225659e-06, 3.2231600926e-06, 3.19461742038e-06, 2.47336311077e-06, 2.04259185921e-06, 1.76313858447e-06, 1.39987946568e-06, 7.75617422732e-07, 6.04475189903e-07, 4.20805463364e-07, 3.3955990375e-07],
        "dmean2": [0.00762955984101, 0.00434606615454, 0.00236123823561, 0.00127165159211, 0.000464138807729, 0.00013109104475, 8.3087652456e-05, 6.26375694992e-05, 3.26610825141e-05, 2.61811073869e-05, 4.03312878916e-05, 3.8340138417e-05, 3.69895788026e-05, 1.88673584489e-05, 2.03200706892e-05, 2.55412433035e-05, 1.92999159481e-05, 1.95087795873e-05, 2.5386822017e-05, 1.7043461412e-05, 1.37269908009e-05, 1.80494134838e-05, 2.01993680093e-05, 1.14796630442e-05, 1.0847807971e-05, 1.32145214593e-05, 8.80646712176e-06, 7.95962750999e-06, 6.56431711832e-06, 5.6135286286e-06, 5.06218430019e-06, 4.98406279803e-06, 3.91596813643e-06, 3.1908971323e-06, 2.74759008789e-06, 2.21095092456e-06, 1.18223624668e-06, 9.40104087022e-07, 6.5716494646e-07, 5.37829350833e-07],
        "dvar": [0.000107342573756, 5.80113082833e-05, 1.69648083101e-05, 4.90768979944e-06, 5.65319510315e-07, 2.68121080893e-08, 1.3583203895e-08, 1.00709680595e-08, 2.62770627479e-09, 1.8889951825e-09, 6.81545442305e-09, 6.16159701039e-09, 1.40516895897e-08, 2.1571775477e-09, 3.16208237372e-09, 2.17491251675e-08, 7.34430460891e-10, 7.9954765031e-10, 1.88481807939e-09, 7.7210482452e-10, 2.87263879351e-10, 8.71594352247e-10, 1.75919712131e-09, 3.2985877918e-10, 2.24943716431e-10, 4.0121458933e-10, 1.20629048417e-10, 1.35156205672e-10, 8.15891729178e-11, 5.18190004795e-11, 4.60728087626e-11, 5.77220979348e-11, 3.47553825997e-11, 2.25431513734e-11, 1.53654797219e-11, 7.81673684114e-12, 2.53529445701e-12, 1.83874898814e-12, 9.25437027358e-13, 7.82154560303e-13],
        "dvar2": [0.000256835104665, 0.000139245967148, 4.05069476983e-05, 1.40496058521e-05, 1.59011722189e-06, 6.57546124216e-08, 3.54221718624e-08, 1.96787475204e-08, 5.73877878551e-09, 3.72290398509e-09, 1.43836222932e-08, 1.51525050285e-08, 2.1793198357e-08, 3.65867669494e-09, 5.08054798232e-09, 3.61898599976e-08, 1.8832455595e-09, 2.09042272381e-09, 4.94539831308e-09, 2.04433092676e-09, 7.12319703222e-10, 2.28307683869e-09, 4.94078866708e-09, 8.97095231434e-10, 6.13988193621e-10, 1.09150444239e-09, 3.07263769983e-10, 3.54680201875e-10, 2.05146608034e-10, 1.30829652667e-10, 1.04101081921e-10, 1.35546324165e-10, 8.25935639326e-11, 5.07979561193e-11, 3.60756910456e-11, 1.8495645987e-11, 5.66772193414e-12, 4.37385587818e-12, 2.13415266362e-12, 1.93875904914e-12],
        "max": [0.128380402923, 0.0860081836581, 0.0590176805854, 0.0280864108354, 0.0101299649104, 0.00308253965341, 0.00161281682085, 0.00283453939483, 0.00124356534798, 0.00126745225862, 0.00190234428737, 0.00220341631211, 0.00485271308571, 0.00170394126326, 0.00317037827335, 0.00857966579497, 0.000509997771587, 0.000311791256536, 0.000724637124222, 0.000388567423215, 0.000254948943621, 0.000407882413128, 0.000585984787904, 0.000243780566962, 0.000199098212761, 0.000293236575089, 0.000106333449367, 0.000154973720782, 0.000101331512269, 9.06932473299e-05, 0.000115575254313, 0.000116460883874, 7.08274455974e-05, 7.07087019691e-05, 5.24117021996e-05, 3.49879119312e-05, 2.73046625807e-05, 1.93570249394e-05, 1.49728439283e-05, 1.17010695249e-05],
        "mean": [0.0139423552901, 0.005351559259, 0.00200204597786, 0.00102273013908, 0.000402273843065, 0.00015453369997, 7.99616391305e-05, 7.64751821407e-05, 3.50270784111e-05, 2.86328668153e-05, 3.3594751585e-05, 2.54866990872e-05, 3.20111030305e-05, 1.73815533344e-05, 1.65694618772e-05, 2.17938595597e-05, 1.54330991791e-05, 1.36315093187e-05, 1.75178556674e-05, 1.19864671433e-05, 1.03210322777e-05, 1.15213733807e-05, 1.00501265479e-05, 7.31587533664e-06, 7.30078863853e-06, 8.80572679307e-06, 7.08372817826e-06, 6.23022879154e-06, 5.60437956665e-06, 4.79550226373e-06, 4.65058474219e-06, 4.38522010882e-06, 3.41293457495e-06, 2.92291247206e-06, 2.39659379986e-06, 2.11798919736e-06, 1.22352059861e-06, 8.80599884567e-07, 5.76096738314e-07, 4.1972319309e-07],
        "median": [0.00156355137005, 0.000881886458956, 0.00035777821904, 0.000273002748145, 0.000123608595459, 5.16871732543e-05, 2.92868608085e-05, 2.56922612607e-05, 1.1984291632e-05, 7.99313875177e-06, 7.53672884457e-06, 4.9580535233e-06, 6.50696347293e-06, 4.49976687378e-06, 4.75827710034e-06, 4.13576526626e-06, 4.418919616e-06, 3.59578825737e-06, 3.62927994502e-06, 3.15651050187e-06, 3.05390699396e-06, 2.95850509247e-06, 2.22479684453e-06, 2.20286074182e-06, 2.39386781686e-06, 2.36036726164e-06, 2.048185479e-06, 1.7224297153e-06, 1.26211193674e-06, 1.00324928098e-06, 9.32881391691e-07, 7.02645365891e-07, 5.4929654425e-07, 4.37322995595e-07, 3.35714929633e-07, 2.99962550798e-07, 1.92628817786e-07, 1.16404592632e-07, 7.65669199154e-08, 5.46018448233e-08],
        "min": [2.23146129501e-24, 1.23079675876e-24, 1.36717089053e-24, 2.64689023884e-24, 1.60449555235e-24, 1.82254242579e-24, 1.71677274448e-24, 2.07884944757e-24, 2.59646841914e-24, 1.93730669915e-24, 2.68267395557e-24, 3.5362820001e-24, 4.63672600237e-24, 4.87957564875e-24, 1.64269140852e-24, 3.1331569198e-24, 3.43216458795e-24, 2.87632865818e-24, 3.72412713657e-24, 3.32168698476e-24, 4.77235485781e-24, 4.24263949312e-24, 4.06819670899e-24, 3.45869831893e-24, 4.40301294299e-24, 3.21333733386e-24, 5.47201097743e-24, 4.51766243709e-24, 3.49186715898e-24, 5.42189582742e-24, 5.43133218157e-24, 5.94721960345e-24, 6.47224085132e-24, 5.20576766091e-24, 5.63967310765e-24, 5.14153584499e-24, 5.57503700052e-24, 6.83439979316e-24, 6.5673762932e-24, 6.96777250641e-24],
        "var": [0.000368476059521, 8.01895585028e-05, 1.87290443137e-05, 3.96285895476e-06, 5.47737954548e-07, 6.32785983612e-08, 1.94880485083e-08, 2.64299480079e-08, 5.66698377114e-09, 4.64636951136e-09, 1.24914816269e-08, 7.65252394785e-09, 2.75282889817e-08, 4.04634903362e-09, 5.49838574671e-09, 3.66111088113e-08, 8.58017767946e-10, 8.37091784778e-10, 2.0578041493e-09, 6.99916513636e-10, 3.54503204569e-10, 7.34410865455e-10, 1.10953080057e-09, 2.67296934586e-10, 1.94287780308e-10, 3.38323480342e-10, 1.56412299779e-10, 1.52350937421e-10, 1.11651021761e-10, 9.0161197952e-11, 8.28337745618e-11, 9.07333791433e-11, 4.90388771257e-11, 3.81981633824e-11, 2.56657559788e-11, 1.85109549217e-11, 5.6164114158e-12, 3.26101754107e-12, 1.36480919882e-12, 8.72650421976e-13]
    },
    "mfcc": {
        "mean": [-717.578857422, 115.040290833, 10.6974687576, 42.5983428955, 14.2247467041, 14.5869045258, 4.62891292572, 4.0607213974, -0.89714050293, 3.89207983017, -0.832222223282, 1.62568438053, 0.608433127403],
        "cov": [[17171.8378906, -629.612121582, 1367.53222656, 1271.97998047, -40.6789627075, 886.676818848, 242.302246094, 610.616821289, 155.836029053, 167.778518677, -33.6992912292, 46.110458374, 3.59470081329], [-629.612121582, 2660.6862793, -641.811950684, -80.129989624, 281.006103516, -210.028259277, 12.97590065, -213.111877441, -59.9023551941, 17.7549495697, -23.4924583435, -111.609558105, -12.2114219666], [1367.53222656, -641.811950684, 1327.73535156, 393.214508057, 7.62580633163, 444.038299561, 104.465415955, 340.5625, 131.789276123, 47.0792732239, 76.277885437, 104.986358643, -16.2149505615], [1271.97998047, -80.129989624, 393.214508057, 541.566589355, 144.373794556, 192.922988892, 156.584014893, 139.880371094, 102.832382202, 82.3690261841, 47.5584068298, 65.6677246094, 37.6817550659], [-40.6789627075, 281.006103516, 7.62580633163, 144.373794556, 367.079437256, 116.057907104, 88.9596939087, 11.2792139053, 33.2419242859, 55.4386062622, 38.0276832581, 16.0508460999, 25.1240997314], [886.676818848, -210.028259277, 444.038299561, 192.922988892, 116.057907104, 355.06338501, 119.660270691, 175.07270813, 88.689704895, 54.9995079041, 73.0330123901, 74.5977249146, 20.9388008118], [242.302246094, 12.97590065, 104.465415955, 156.584014893, 88.9596939087, 119.660270691, 216.142166138, 101.820739746, 62.4885253906, 55.64295578, 41.8930854797, 49.2147483826, 56.5958747864], [610.616821289, -213.111877441, 340.5625, 139.880371094, 11.2792139053, 175.07270813, 101.820739746, 253.504379272, 104.941970825, 59.419631958, 45.2317352295, 75.0436859131, 37.6231002808], [155.836029053, -59.9023551941, 131.789276123, 102.832382202, 33.2419242859, 88.689704895, 62.4885253906, 104.941970825, 138.243530273, 74.5675964355, 52.5509262085, 48.3632965088, 15.9628190994], [167.778518677, 17.7549495697, 47.0792732239, 82.3690261841, 55.4386062622, 54.9995079041, 55.64295578, 59.419631958, 74.5675964355, 142.166748047, 60.9767303467, 35.2386779785, 31.3215389252], [-33.6992912292, -23.4924583435, 76.277885437, 47.5584068298, 38.0276832581, 73.0330123901, 41.8930854797, 45.2317352295, 52.5509262085, 60.9767303467, 107.1459198, 64.2745895386, 22.662935257], [46.110458374, -111.609558105, 104.986358643, 65.6677246094, 16.0508460999, 74.5977249146, 49.2147483826, 75.0436859131, 48.3632965088, 35.2386779785, 64.2745895386, 112.961463928, 50.4961853027], [3.59470081329, -12.2114219666, -16.2149505615, 37.6817550659, 25.1240997314, 20.9388008118, 56.5958747864, 37.6231002808, 15.9628190994, 31.3215389252, 22.662935257, 50.4961853027, 100.637191772]],
