{
"lowlevel": {
    "average_loudness": 0.713865816593,
    "barkbands_crest": {
        "dmean": 3.25207042694,
        "dmean2": 4.89406919479,
        "dvar": 9.67554283142,
        "dvar2": 19.5138092041,
        "max": 26.9059104919,
        "mean": 13.1564254761,
        "median": 12.0293617249,
        "min": 2.12310791016,
        "var": 34.7110786438
    },
    "barkbands_flatness_db": {
        "dmean": 0.0353729501367,
        "dmean2": 0.0521603822708,
        "dvar": 0.00103489460889,
        "dvar2": 0.00238003698178,
        "max": 0.650068819523,
        "mean": 0.127860799432,
        "median": 0.116393730044,
        "min": 0.0168549716473,
        "var": 0.00383145874366
    },
    "barkbands_kurtosis": {
        "dmean": 9.04991436005,
        "dmean2": 13.6255130768,
        "dvar": 15555.4921875,
        "dvar2": 31616.2363281,
        "max": 12872.8027344,
        "mean": 11.395357132,
        "median": 3.94257044792,
        "min": -1.9241758585,
        "var": 19520.6035156
    },
    "barkbands_skewness": {
        "dmean": 0.852102518082,
        "dmean2": 1.29589629173,
        "dvar": 1.54986977577,
        "dvar2": 3.01725435257,
        "max": 106.63293457,
        "mean": 2.36151003838,
        "median": 2.0409989357,
        "min": -3.59946727753,
        "var": 4.68261671066
    },
    "barkbands_spread": {
        "dmean": 8.84445953369,
        "dmean2": 13.57117939,
        "dvar": 81.0704803467,
        "dvar2": 182.612518311,
        "max": 147.152008057,
        "mean": 24.5776481628,
        "median": 21.8046607971,
        "min": 0.0371226519346,
        "var": 245.768554688
    },
    "dissonance": {
        "dmean": 0.0152854612097,
        "dmean2": 0.0259124170989,
        "dvar": 0.000242406676989,
        "dvar2": 0.000654458417557,
        "max": 0.500000119209,
        "mean": 0.475587278605,
        "median": 0.481460899115,
        "min": 0.26863053441,
        "var": 0.000439595751232
    },
    "dynamic_complexity": 3.50109434128,
    "erbbands_crest": {
        "dmean": 2.73902130127,
        "dmean2": 4.41031265259,
        "dvar": 8.02853775024,
        "dvar2": 17.6397724152,
        "max": 28.7628955841,
        "mean": 8.13940238953,
        "median": 6.73396587372,
        "min": 2.0988843441,
        "var": 21.0763339996
    },
    "erbbands_flatness_db": {
        "dmean": 0.0172581635416,
        "dmean2": 0.0263154096901,
        "dvar": 0.000347170629539,
        "dvar2": 0.000738449045457,
        "max": 0.332611471415,
        "mean": 0.111636787653,
        "median": 0.103252902627,
        "min": 0.0280407723039,
        "var": 0.00139941461384
    },
    "erbbands_kurtosis": {
        "dmean": 0.922265589237,
        "dmean2": 1.44142401218,
        "dvar": 2.07478356361,
        "dvar2": 4.71804523468,
        "max": 37.4731445312,
        "mean": 0.384310305119,
        "median": -0.17342209816,
        "min": -1.79868733883,
        "var": 3.75557374954
    },
    "erbbands_skewness": {
        "dmean": 0.32746437192,
        "dmean2": 0.504190146923,
        "dvar": 0.103321954608,
        "dvar2": 0.227095112205,
        "max": 5.30857610703,
        "mean": 0.273509740829,
        "median": 0.234708487988,
        "min": -2.14478731155,
        "var": 0.371640414
    },
    "erbbands_spread": {
        "dmean": 10.8390111923,
        "dmean2": 15.943356514,
        "dvar": 98.5559539795,
        "dvar2": 193.186264038,
        "max": 161.859512329,
        "mean": 47.1186103821,
        "median": 46.0197563171,
        "min": 2.60592913628,
        "var": 378.339630127
    },
    "hfc": {
        "dmean": 11.084154129,
        "dmean2": 16.3725776672,
        "dvar": 234.882003784,
        "dvar2": 559.788330078,
        "max": 236.721633911,
        "mean": 22.2439537048,
        "median": 14.3503808975,
        "min": 1.06667414913e-16,
        "var": 561.240234375
    },
    "melbands_crest": {
        "dmean": 4.42911148071,
        "dmean2": 6.98664188385,
        "dvar": 16.0036296844,
        "dvar2": 37.9325447083,
        "max": 39.9936103821,
        "mean": 19.6343765259,
        "median": 19.4644470215,
        "min": 1.65165901184,
        "var": 50.0973815918
    },
    "melbands_flatness_db": {
        "dmean": 0.0431679524481,
        "dmean2": 0.0633484274149,
        "dvar": 0.00147100538015,
        "dvar2": 0.003464093199,
        "max": 0.666790723801,
        "mean": 0.210813954473,
        "median": 0.204072207212,
        "min": 0.00389791862108,
        "var": 0.00622251722962
    },
    "melbands_kurtosis": {
        "dmean": 19.1582107544,
        "dmean2": 29.9219417572,
        "dvar": 38380.921875,
        "dvar2": 92228.7421875,
        "max": 18441.1367188,
        "mean": 30.2056922913,
        "median": 16.0264549255,
        "min": -1.4875664711,
        "var": 38128.3085938
    },
    "melbands_skewness": {
        "dmean": 1.18129122257,
        "dmean2": 1.79749107361,
        "dvar": 2.63987517357,
        "dvar2": 5.62479257584,
        "max": 129.858551025,
        "mean": 3.96754908562,
        "median": 3.54714417458,
        "min": -1.77310216427,
        "var": 7.43975305557
    },
    "melbands_spread": {
        "dmean": 7.78157091141,
        "dmean2": 12.120429039,
        "dvar": 80.9754867554,
        "dvar2": 187.024200439,
        "max": 216.670318604,
        "mean": 20.1300144196,
        "median": 15.3639478683,
        "min": 0.0446910597384,
        "var": 392.269989014
    },
    "pitch_salience": {
        "dmean": 0.100439868867,
        "dmean2": 0.151906654239,
        "dvar": 0.00859326776117,
        "dvar2": 0.0185978356749,
        "max": 0.993290185928,
        "mean": 0.466098099947,
        "median": 0.483836948872,
        "min": 0.00166374875698,
        "var": 0.0280284006149
    },
    "silence_rate_20dB": {
        "dmean": 0,
        "dmean2": 0,
        "dvar": 0,
        "dvar2": 0,
        "max": 1,
        "mean": 1,
        "median": 1,
        "min": 1,
        "var": 0
    },
    "silence_rate_30dB": {
        "dmean": 0.0314313769341,
        "dmean2": 0.0628683716059,
        "dvar": 0.0304425992072,
        "dvar2": 0.0730274319649,
        "max": 1,
        "mean": 0.961517870426,
        "median": 1,
        "min": 0,
        "var": 0.0370019488037
    },
    "silence_rate_60dB": {
        "dmean": 0.0235735327005,
        "dmean2": 0.0471512787044,
        "dvar": 0.0230134967715,
        "dvar2": 0.0531389378011,
        "max": 1,
        "mean": 0.0881249979138,
        "median": 0,
        "min": 0,
        "var": 0.0803468078375
    },
    "spectral_centroid": {
        "dmean": 348.424957275,
        "dmean2": 539.67755127,
        "dvar": 119357.695312,
        "dvar2": 270718.59375,
        "max": 11863.0878906,
        "mean": 1563.79040527,
        "median": 1383.53015137,
        "min": 109.908714294,
        "var": 1433660.625
    },
    "spectral_complexity": {
        "dmean": 5.97624778748,
        "dmean2": 8.98839092255,
        "dvar": 38.2064704895,
        "dvar2": 83.2691345215,
        "max": 64,
        "mean": 19.8749103546,
        "median": 17,
        "min": 0,
        "var": 163.734359741
    },
    "spectral_decrease": {
        "dmean": 3.5790190811e-09,
        "dmean2": 5.70475222617e-09,
        "dvar": 2.24630325198e-17,
        "dvar2": 5.81722508188e-17,
        "max": 3.4273005505e-23,
        "mean": -1.02473132202e-08,
        "median": -8.83786643868e-09,
        "min": -7.44094421634e-08,
        "var": 6.80506733045e-17
    },
    "spectral_energy": {
        "dmean": 0.0140533540398,
        "dmean2": 0.0223489683121,
        "dvar": 0.000340205995599,
        "dvar2": 0.000872064905707,
        "max": 0.287810206413,
        "mean": 0.0406933166087,
        "median": 0.0357431173325,
        "min": 9.79425870012e-21,
        "var": 0.00105622643605
    },
    "spectral_energyband_high": {
        "dmean": 0.000842054898385,
        "dmean2": 0.00124577456154,
        "dvar": 1.52302322931e-06,
        "dvar2": 3.56814348379e-06,
        "max": 0.0215823780745,
        "mean": 0.0014277822338,
        "median": 0.000639132107608,
        "min": 6.9920834009e-21,
        "var": 3.96927998736e-06
    },
    "spectral_energyband_low": {
        "dmean": 0.0114522371441,
        "dmean2": 0.0184553451836,
        "dvar": 0.000261789129581,
        "dvar2": 0.000714718073141,
        "max": 0.244864404202,
        "mean": 0.0264275223017,
        "median": 0.017184946686,
        "min": 1.99379955292e-23,
        "var": 0.0006156291347
    },
    "spectral_energyband_middle_high": {
        "dmean": 0.00230935076252,
        "dmean2": 0.00360814039595,
        "dvar": 1.15533603093e-05,
        "dvar2": 2.92272761726e-05,
        "max": 0.096668459475,
        "mean": 0.00441085360944,
        "median": 0.00291075394489,
        "min": 1.01640978971e-21,
        "var": 2.26643842325e-05
    },
    "spectral_energyband_middle_low": {
        "dmean": 0.00674508651718,
        "dmean2": 0.0108176209033,
        "dvar": 0.000151985514094,
        "dvar2": 0.000380025332561,
        "max": 0.14464122057,
        "mean": 0.00945527292788,
        "median": 0.00495020486414,
        "min": 1.45779665128e-22,
        "var": 0.000175847308128
    },
    "spectral_entropy": {
        "dmean": 0.18794773519,
        "dmean2": 0.286419481039,
        "dvar": 0.0392441786826,
        "dvar2": 0.090846799314,
        "max": 9.82003307343,
        "mean": 7.94302463531,
        "median": 7.9932718277,
        "min": 5.263712883,
        "var": 0.183016136289
    },
    "spectral_flux": {
        "dmean": 0.0333252474666,
        "dmean2": 0.0489522181451,
        "dvar": 0.00119990902022,
        "dvar2": 0.00243782997131,
        "max": 0.373088628054,
        "mean": 0.101300135255,
        "median": 0.0841181352735,
        "min": 6.33210220369e-11,
        "var": 0.00436748471111
    },
    "spectral_kurtosis": {
        "dmean": 1.23502600193,
        "dmean2": 1.96422994137,
        "dvar": 4.14766359329,
        "dvar2": 10.2277679443,
        "max": 42.2879333496,
        "mean": 3.2668735981,
        "median": 2.63935041428,
        "min": -1.25384378433,
        "var": 9.27314090729
    },
    "spectral_rms": {
        "dmean": 0.00101073761471,
        "dmean2": 0.00156909762882,
        "dvar": 1.21159200717e-06,
        "dvar2": 2.91720812129e-06,
        "max": 0.0167568027973,
        "mean": 0.00570098962635,
        "median": 0.00590519513935,
        "min": 3.09117683707e-12,
        "var": 7.19948138794e-06
    },
    "spectral_rolloff": {
        "dmean": 607.155761719,
        "dmean2": 1001.77709961,
        "dvar": 962836.4375,
        "dvar2": 2195877,
        "max": 19401.4160156,
        "mean": 1294.62487793,
        "median": 710.595703125,
        "min": 21.533203125,
        "var": 5829745.5
    },
    "spectral_skewness": {
        "dmean": 0.212214484811,
        "dmean2": 0.324409663677,
        "dvar": 0.0588195361197,
        "dvar2": 0.134643062949,
        "max": 5.67121696472,
        "mean": 1.42479276657,
        "median": 1.35868120193,
        "min": -0.0850013121963,
        "var": 0.222440734506
    },
    "spectral_spread": {
        "dmean": 707543.75,
        "dmean2": 1062540.625,
        "dvar": 703710101504,
        "dvar2": 1.45093833523e+12,
        "max": 43287024,
        "mean": 6146662.5,
        "median": 5681040,
        "min": 1227960.75,
        "var": 1.54077285581e+13
    },
    "spectral_strongpeak": {
        "dmean": 0.212954297662,
        "dmean2": 0.362692654133,
        "dvar": 0.151083022356,
        "dvar2": 0.405446201563,
        "max": 8.57253742218,
        "mean": 0.405170470476,
        "median": 0.373382270336,
        "min": 0,
        "var": 0.168097347021
    },
    "zerocrossingrate": {
        "dmean": 0.0150287207216,
        "dmean2": 0.018285125494,
        "dvar": 0.000219857058255,
        "dvar2": 0.000306956178974,
        "max": 0.8349609375,
        "mean": 0.0630552917719,
        "median": 0.05078125,
        "min": 0,
        "var": 0.00420398451388
    },
    "barkbands": {
        "dmean": [0.00156517222058, 0.00943672470748, 0.00436946051195, 0.00267690746114, 0.00330816628411, 0.000751218409277, 0.000343815016095, 0.000462632218841, 0.000629159039818, 0.000628727662843, 0.00055235036416, 0.000496429565828, 0.000250458251685, 0.000220292742597, 0.000304625951685, 0.000182134739589, 0.000159800532856, 0.000172465268406, 0.000165897363331, 0.000174077402335, 0.000177367779543, 0.000149838189827, 0.000160535171744, 0.000132141271024, 0.000105306447949, 0.000107756553916, 1.47495857163e-05],
        "dmean2": [0.00255311001092, 0.0141791049391, 0.00729534029961, 0.00467823864892, 0.00560556026176, 0.00120699394029, 0.000574190635234, 0.000761395785958, 0.0010177011136, 0.00101117417216, 0.000859615451191, 0.000811419449747, 0.000416072143707, 0.000361327431165, 0.000535953615326, 0.000299949984765, 0.000262125453446, 0.000286117428914, 0.000272194098216, 0.000286312919343, 0.000280071835732, 0.000232467413298, 0.000246803363552, 0.000198415335035, 0.000156460781, 0.000168356258655, 2.50597149716e-05],
        "dvar": [5.40598875887e-06, 0.000192601102754, 9.34816198424e-05, 4.0814105887e-05, 5.04589115735e-05, 2.06839627026e-06, 6.54679070067e-07, 7.81588539667e-07, 1.60405215865e-06, 1.14440865673e-06, 1.08377935248e-06, 1.81306540981e-06, 2.35698294659e-07, 1.30539305587e-07, 5.69555140828e-07, 9.49973326669e-08, 7.62981287039e-08, 8.70886793791e-08, 8.57581952118e-08, 7.84866429626e-08, 7.73984467628e-08, 5.78921977024e-08, 5.41436797619e-08, 4.23783603765e-08, 3.95650552321e-08, 4.51529800216e-08, 2.17783147072e-09],
        "dvar2": [1.54243698489e-05, 0.000477896566736, 0.000239872810198, 0.000111965353426, 0.000134981732117, 5.32290368938e-06, 1.76539788299e-06, 2.08007372748e-06, 3.75515924134e-06, 2.53923667515e-06, 2.47588945967e-06, 4.60229057353e-06, 5.82993891385e-07, 3.23362712606e-07, 1.61118725828e-06, 2.42383833893e-07, 1.90914093423e-07, 2.29426177611e-07, 2.20437001985e-07, 2.02425624707e-07, 1.96316150891e-07, 1.4365095069e-07, 1.30839538315e-07, 9.88444810446e-08, 9.27131935669e-08, 1.05326975586e-07, 5.52982415414e-09],
        "max": [0.0342143252492, 0.168785244226, 0.118316054344, 0.0896647572517, 0.0816699564457, 0.0270043872297, 0.0312586314976, 0.0268518328667, 0.0413036122918, 0.0189132820815, 0.0183478090912, 0.076460853219, 0.0127081871033, 0.00901626981795, 0.0134502295405, 0.00672476552427, 0.0110920583829, 0.00607816223055, 0.00957749783993, 0.00757059967145, 0.00532209640369, 0.00588774867356, 0.00358321401291, 0.00454130303115, 0.00502945529297, 0.00322928349487, 0.00136603426654],
        "mean": [0.00285652256571, 0.0186396185309, 0.00418339809403, 0.00235212570988, 0.00352505315095, 0.00101351505145, 0.000430981308455, 0.000647663138807, 0.00094416574575, 0.000922772276681, 0.000884275243152, 0.000713508110493, 0.0003708609147, 0.000314083648846, 0.000337905803462, 0.000261130160652, 0.000238290071138, 0.000249078089837, 0.000262016197667, 0.000263645109953, 0.000278936320683, 0.000233860657318, 0.000244169001235, 0.000218832195969, 0.000165412624483, 0.00012798809621, 1.35317914101e-05],
        "median": [0.00186696927994, 0.00841132178903, 0.000930453126784, 0.000460859620944, 0.00123273895588, 0.000418136245571, 0.000170515922946, 0.000294712663162, 0.000436984963017, 0.000399644195568, 0.000322945532389, 0.000295778911095, 0.000173971260665, 0.000159099843586, 0.000140734220622, 0.000133470399305, 0.000122928788187, 0.000124631245853, 0.000131124834297, 0.000132729997858, 0.000119348580483, 0.000103201280581, 0.000109885586426, 8.01138303359e-05, 5.9938083723e-05, 4.61887902929e-05, 1.80753750101e-06],
        "min": [6.08890720646e-25, 5.12942485795e-24, 8.22061694139e-25, 5.10115671766e-25, 8.28569954379e-24, 9.97894135633e-24, 4.06390175579e-24, 7.04160830941e-24, 9.13290065726e-24, 1.29532901235e-23, 9.99103380515e-24, 2.18817803541e-23, 1.24496466117e-23, 1.64978157201e-23, 4.8367195179e-23, 4.04964396268e-23, 5.90990103949e-23, 7.86005733615e-23, 1.15679926293e-22, 1.55413234502e-22, 2.37028190533e-22, 2.88367005809e-22, 2.9749055452e-22, 5.23963382245e-22, 7.75401499296e-22, 1.31770325964e-21, 1.93339291407e-21],
        "var": [1.10644032247e-05, 0.000435218476923, 8.2330458099e-05, 3.05694411509e-05, 4.45806908829e-05, 3.03132060253e-06, 7.7480467553e-07, 1.23509437344e-06, 2.8348131309e-06, 2.29292390941e-06, 2.2027045361e-06, 2.35549009631e-06, 4.34011866446e-07, 2.09674240637e-07, 4.62665724399e-07, 1.43774173011e-07, 1.337268003e-07, 1.37829246682e-07, 1.60044223207e-07, 1.44181527162e-07, 1.83803891218e-07, 1.14539560059e-07, 1.11839469241e-07, 1.44205003494e-07, 9.08414818923e-08, 5.04061823392e-08, 2.13502637791e-09]
    },
    "erbbands": {
        "dmean": [0.384042412043, 1.85998511314, 4.32211446762, 7.02574777603, 11.6029520035, 10.1847000122, 8.1732301712, 5.40687274933, 4.90939426422, 6.39708852768, 10.8146181107, 16.3981723785, 19.9407596588, 18.0231227875, 21.8138980865, 21.3438549042, 11.7000989914, 11.5538721085, 16.4456653595, 10.3660154343, 9.36392498016, 8.29336643219, 9.25876235962, 8.30885887146, 8.63739204407, 8.59969139099, 7.82691669464, 6.40167570114, 5.65674734116, 4.5582113266, 4.36064338684, 3.30390048027, 2.08128499985, 1.24150729179, 0.788070857525, 0.75756919384, 0.121743530035, 0.0227745994925, 0.00251343427226, 4.87174329464e-05],
        "dmean2": [0.617271542549, 2.66420650482, 6.8618183136, 11.713309288, 19.7749671936, 17.5891284943, 13.6715288162, 8.72170829773, 8.06346225739, 10.4873943329, 18.1055412292, 26.4644832611, 31.1163005829, 29.0010166168, 34.68176651, 34.4193916321, 19.2326755524, 18.9950904846, 28.7383232117, 17.4734230042, 15.2872314453, 13.5533132553, 15.2531909943, 13.7729473114, 13.9852390289, 14.15924263, 12.6115951538, 10.0509052277, 8.85385227203, 7.05250501633, 6.7464427948, 4.97665834427, 3.17953586578, 1.87197959423, 1.17925286293, 1.2061508894, 0.184494897723, 0.0359535627067, 0.00428679445758, 7.75207445258e-05],
        "dvar": [0.363355904818, 8.21265888214, 81.1455535889, 223.957717896, 736.437866211, 497.050537109, 361.285522461, 107.604263306, 123.331512451, 166.027053833, 509.876831055, 1241.31213379, 1390.04431152, 960.325500488, 2266.93676758, 4124.07666016, 487.569976807, 333.170074463, 1762.59863281, 364.937713623, 237.221420288, 191.81652832, 240.966339111, 186.941085815, 248.325073242, 201.180145264, 174.910430908, 101.989929199, 81.8065872192, 47.3611106873, 39.7213745117, 26.0856437683, 11.792309761, 3.83896756172, 3.38752412796, 2.500259161, 0.0521307364106, 0.00278578745201, 7.11853135726e-05, 1.26646284571e-08],
        "dvar2": [1.01248466969, 18.3142433167, 204.9140625, 579.929077148, 1989.20788574, 1362.93518066, 980.319763184, 269.122558594, 330.924194336, 428.088989258, 1383.57141113, 2904.77539062, 2923.6237793, 2291.73950195, 5457.99951172, 10343.4912109, 1186.30029297, 822.461181641, 4992.02441406, 965.155090332, 600.048278809, 479.9190979, 629.286132812, 491.478088379, 620.416809082, 529.061706543, 463.113739014, 252.23097229, 202.508087158, 119.091117859, 96.1598129272, 59.7224388123, 29.0548648834, 9.05637454987, 8.0642414093, 6.00225639343, 0.120932772756, 0.00678272126243, 0.000183474781807, 3.1477330964e-08],
        "max": [7.3042011261, 33.4676208496, 118.00604248, 169.835250854, 341.312438965, 256.356689453, 326.190856934, 316.485412598, 480.61831665, 359.362579346, 839.335205078, 1155.15283203, 746.256652832, 684.845153809, 995.015380859, 3866.12792969, 636.957824707, 447.507049561, 800.529418945, 410.173858643, 351.059783936, 474.718231201, 334.400604248, 250.111114502, 666.938537598, 372.426055908, 288.359924316, 267.738708496, 182.235397339, 112.56754303, 91.356338501, 109.720298767, 80.423614502, 43.2238426208, 51.1141548157, 21.8481006622, 4.68004751205, 1.3110730648, 0.224856182933, 0.002938416088],
        "mean": [0.675937414169, 3.6465086937, 5.11016798019, 6.97183036804, 11.3663797379, 10.4497594833, 9.77274131775, 7.1840763092, 6.3444314003, 9.08065414429, 15.2247276306, 24.9210605621, 31.7825050354, 25.610376358, 34.9942016602, 32.352897644, 18.7761440277, 17.5355243683, 18.4787044525, 14.3992071152, 14.2039318085, 12.6600866318, 13.6379537582, 13.2309007645, 13.1664047241, 12.9599094391, 12.5079460144, 9.71527862549, 8.58637809753, 7.25574016571, 6.62509965897, 5.34801673889, 3.2566857338, 2.01146197319, 1.13671970367, 0.844257116318, 0.155012309551, 0.0270060561597, 0.00227712560445, 8.77564525581e-05],
        "median": [0.351514220238, 1.55121135712, 1.78499221802, 1.87147545815, 2.85253047943, 3.63599967957, 3.64000272751, 2.95841217041, 2.5674996376, 4.28487968445, 7.52534389496, 11.1663208008, 13.4661006927, 12.3950624466, 13.4985589981, 13.2270526886, 9.43036079407, 9.56666946411, 8.00979232788, 7.53941059113, 7.65003824234, 6.69131374359, 7.02955245972, 6.9806098938, 6.37321901321, 6.36783075333, 5.30590724945, 4.3380279541, 3.75677871704, 3.1437087059, 2.95964121819, 2.08771181107, 1.17373299599, 0.712985396385, 0.415692567825, 0.292396694422, 0.0546126440167, 0.00802733004093, 0.000293570046779, 5.94895172981e-05],
        "min": [8.16349678542e-23, 5.87967744318e-22, 1.17489050668e-21, 6.81174267929e-21, 1.4144740007e-20, 2.30691350903e-20, 5.16620142902e-20, 6.96183185494e-20, 9.05624282616e-20, 1.08265767119e-19, 2.15379194096e-19, 3.82388717529e-19, 3.94713295066e-19, 7.15261214518e-19, 8.32040453748e-19, 9.80047001873e-19, 1.19736606375e-18, 1.71203577293e-18, 2.22388334865e-18, 1.99516832287e-18, 3.21348087448e-18, 3.84064383825e-18, 4.89915378091e-18, 6.96692043742e-18, 6.70658146964e-18, 7.87835187691e-18, 8.48103649839e-18, 1.08823897931e-17, 9.79489626897e-18, 1.0786789221e-17, 8.43972792578e-18, 9.95605917643e-18, 8.91822047728e-18, 8.28151060848e-18, 5.40778052212e-18, 4.05057731463e-18, 2.39308603808e-18, 9.48373532435e-19, 2.41850524661e-19, 2.73478221284e-20],
        "var": [0.616006791592, 19.3587017059, 84.3941879272, 199.484512329, 609.378540039, 403.801025391, 377.086303711, 190.522125244, 156.729446411, 257.079956055, 680.027282715, 2177.45043945, 3130.97070312, 1597.62451172, 3995.00073242, 5512.98535156, 948.496948242, 566.196472168, 1343.55432129, 496.364776611, 393.785766602, 350.233093262, 399.00982666, 355.803100586, 428.080932617, 362.193603516, 440.759735107, 207.060897827, 154.085372925, 107.201622009, 82.8414459229, 75.5377044678, 32.7028770447, 12.2489385605, 5.26592206955, 2.51961398125, 0.0695275738835, 0.00334408413619, 6.60759033053e-05, 1.5737182224e-08]
    },
    "gfcc": {
        "mean": [-5.45323228836, 70.4649276733, -94.2405776978, 34.1249465942, -49.6633415222, 30.2419204712, -24.2997493744, 17.4842510223, -23.8074913025, 6.42356538773, -17.2001228333, 5.87550783157, -10.3757200241],
        "cov": [[32454.796875, -108.570716858, -1503.74621582, 1172.16906738, -1103.28344727, 788.444335938, -823.38861084, 416.371368408, -816.051330566, 248.371368408, -501.192596436, 317.443878174, -198.778366089], [-108.570716858, 1251.15478516, -170.410385132, -51.3417930603, 104.679840088, -22.0223407745, 84.4825439453, -39.2988090515, 74.764289856, -73.4994430542, 54.2711524963, -73.8756484985, 36.5281257629], [-1503.74621582, -170.410385132, 558.639953613, 44.1899604797, 108.539505005, 1.75382041931, 16.4345817566, -11.43653965, 6.51141405106, 19.8268222809, -2.20622372627, 15.87687397, -5.04922246933], [1172.16906738, -51.3417930603, 44.1899604797, 308.288452148, 21.1871852875, 65.3966064453, -21.4805793762, 8.91333198547, -22.3341217041, 6.21946239471, 2.3294608593, 11.2795982361, -1.31194472313], [-1103.28344727, 104.679840088, 108.539505005, 21.1871852875, 231.42175293, 38.1227378845, 100.740715027, 14.6617708206, 56.3516273499, -3.30509305, 46.8345565796, -2.25180220604, 27.2574234009], [788.444335938, -22.0223407745, 1.75382041931, 65.3966064453, 38.1227378845, 184.722686768, 69.4452972412, 85.5778503418, 1.29853177071, 29.33294487, 6.16350507736, 28.3514595032, 18.8379173279], [-823.38861084, 84.4825439453, 16.4345817566, -21.4805793762, 100.740715027, 69.4452972412, 192.821685791, 65.409828186, 97.5223464966, 8.68094825745, 48.2519264221, -3.8070898056, 37.5838470459], [416.371368408, -39.2988090515, -11.43653965, 8.91333198547, 14.6617708206, 85.5778503418, 65.409828186, 138.162307739, 55.7016639709, 48.7040481567, 1.27581238747, 12.3070363998, 16.9264774323], [-816.051330566, 74.764289856, 6.51141405106, -22.3341217041, 56.3516273499, 1.29853177071, 97.5223464966, 55.7016639709, 148.766738892, 40.8323173523, 55.0589828491, -15.7925195694, 31.2588119507], [248.371368408, -73.4994430542, 19.8268222809, 6.21946239471, -3.30509305, 29.33294487, 8.68094825745, 48.7040481567, 40.8323173523, 84.6840209961, 31.7902946472, 27.156080246, 5.95802783966], [-501.192596436, 54.2711524963, -2.20622372627, 2.3294608593, 46.8345565796, 6.16350507736, 48.2519264221, 1.27581238747, 55.0589828491, 31.7902946472, 93.8159561157, 27.7533874512, 32.4424095154], [317.443878174, -73.8756484985, 15.87687397, 11.2795982361, -2.25180220604, 28.3514595032, -3.8070898056, 12.3070363998, -15.7925195694, 27.156080246, 27.7533874512, 75.5497207642, 26.1612949371], [-198.778366089, 36.5281257629, -5.04922246933, -1.31194472313, 27.2574234009, 18.8379173279, 37.5838470459, 16.9264774323, 31.2588119507, 5.95802783966, 32.4424095154, 26.1612949371, 70.560333252]],
        "icov": [[9.00580635061e-05, -9.25419517444e-05, 0.000212671875488, -0.000302657892462, 0.000209154095501, -0.000223798444495, 0.000155928457389, -0.000174613829586, 0.000267772935331, -0.000388609158108, 0.000420389871579, -0.000332979485393, 9.33475021156e-05], [-9.25419517444e-05, 0.00114355445839, 0.000100799916254, 0.000443514960352, -0.000588342431001, -1.02437127225e-06, -1.2649895325e-05, 0.000390877510654, -0.000608095782809, 0.00130071421154, -0.00118163903244, 0.00134864833672, -0.000493898871355], [0.000212671875488, 0.000100799916254, 0.00277923909016, -0.000970543595031, -0.000954974151682, -0.000237123938859, 0.000161960153491, 0.000433982349932, 0.000386383355362, -0.00194420746993, 0.00227408972569, -0.00144933839329, 0.000454388267826], [-0.000302657892462, 0.000443514960352, -0.000970543595031, 0.00485999090597, -0.0011194574181, -0.00133771891706, 0.00108806544449, 0.000752893218305, -0.00113161932677, 0.00194769224618, -0.00233023939654, 0.00157596671488, -0.00020795391174], [0.000209154095501, -0.000588342431001, -0.000954974151682, -0.0011194574181, 0.00751779042184, -0.00130972662009, -0.00209865369834, -9.96712842607e-05, 0.00025759221171, 0.000650238362141, -0.00144150399137, -8.14692539279e-05, -8.40935099404e-05], [-0.000223798444495, -1.02437127225e-06, -0.000237123938859, -0.00133771891706, -0.00130972662009, 0.0120024718344, -0.00512214237824, -0.00541374878958, 0.00529830250889, -0.00191909749992, -0.000558040279429, -0.000330155045958, -0.00114937964827], [0.000155928457389, -1.2649895325e-05, 0.000161960153491, 0.00108806544449, -0.00209865369834, -0.00512214237824, 0.0136402333155, -0.00288168108091, -0.00649275677279, 0.00558428093791, -0.00274802767672, -0.000133099601953, -0.000200672977371], [-0.000174613829586, 0.000390877510654, 0.000433982349932, 0.000752893218305, -9.96712842607e-05, -0.00541374878958, -0.00288168108091, 0.0177011676133, -0.00657709175721, -0.00636042654514, 0.00736196478829, -0.00143846066203, -0.00127751508262], [0.000267772935331, -0.000608095782809, 0.000386383355362, -0.00113161932677, 0.00025759221171, 0.00529830250889, -0.00649275677279, -0.00657709175721, 0.0214442797005, -0.00940561201423, -0.00554327014834, 0.0086865555495, -0.004779915791], [-0.000388609158108, 0.00130071421154, -0.00194420746993, 0.00194769224618, 0.000650238362141, -0.00191909749992, 0.00558428093791, -0.00636042654514, -0.00940561201423, 0.027722613886, -0.0101364888251, -0.00495019229129, 0.00526328757405], [0.000420389871579, -0.00118163903244, 0.00227408972569, -0.00233023939654, -0.00144150399137, -0.000558040279429, -0.00274802767672, 0.00736196478829, -0.00554327014834, -0.0101364888251, 0.0264922399074, -0.0105576561764, -0.00263568153605], [-0.000332979485393, 0.00134864833672, -0.00144933839329, 0.00157596671488, -8.14692539279e-05, -0.000330155045958, -0.000133099601953, -0.00143846066203, 0.0086865555495, -0.00495019229129, -0.0105576561764, 0.0272596869618, -0.00985799729824], [9.33475021156e-05, -0.000493898871355, 0.000454388267826, -0.00020795391174, -8.40935099404e-05, -0.00114937964827, -0.000200672977371, -0.00127751508262, -0.004779915791, 0.00526328757405, -0.00263568153605, -0.00985799729824, 0.0220122206956]]
    },
    "melbands": {
        "dmean": [0.00296347821131, 0.00197979738005, 0.00128970749211, 0.000811704841908, 0.000301696098177, 0.000123416175484, 7.44458884583e-05, 7.43645578041e-05, 8.96639176062e-05, 0.000105076076579, 9.90803673631e-05, 7.26328944438e-05, 6.69584260322e-05, 6.11627183389e-05, 3.86296233046e-05, 2.45455503318e-05, 2.25254734687e-05, 2.61354816757e-05, 1.89802412933e-05, 1.41852842717e-05, 1.06781672002e-05, 9.03215004655e-06, 8.57634768181e-06, 8.7005118985e-06, 6.81720666762e-06, 6.94560685588e-06, 5.9324738686e-06, 5.92326341575e-06, 5.37079586138e-06, 4.18458421336e-06, 3.87584759665e-06, 3.39559437634e-06, 2.89429567601e-06, 2.68047779173e-06, 2.6481511668e-06, 2.77252001979e-06, 1.75754678367e-06, 1.58737020683e-06, 1.26027475744e-06, 1.03419006336e-06],
        "dmean2": [0.00454937294126, 0.00299210683443, 0.0020973845385, 0.00137591431849, 0.000512621598318, 0.000198313122382, 0.000122699872009, 0.000121629695059, 0.000149603132741, 0.000169655817444, 0.000155459201778, 0.000118168769404, 0.000106163359305, 9.89634863799e-05, 6.26642504358e-05, 4.0695649659e-05, 3.70621564798e-05, 4.56752277387e-05, 3.29633330693e-05, 2.35264506045e-05, 1.75615114131e-05, 1.48491890286e-05, 1.41886375786e-05, 1.45134199556e-05, 1.14788799692e-05, 1.14914046208e-05, 9.66185052675e-06, 9.8462405731e-06, 8.74745092005e-06, 6.77545676808e-06, 6.12702342551e-06, 5.43977967027e-06, 4.53332677353e-06, 4.24482504968e-06, 4.22543689638e-06, 4.21958975494e-06, 2.69007932729e-06, 2.48042397288e-06, 1.94242329599e-06, 1.58652437676e-06],
        "dvar": [1.9322409571e-05, 1.20585082186e-05, 7.26383905203e-06, 3.12999100061e-06, 4.8921032203e-07, 5.30605177573e-08, 2.84436030284e-08, 2.0522083588e-08, 3.31176082113e-08, 5.23931724672e-08, 3.43229338284e-08, 1.54372727934e-08, 1.73627938693e-08, 2.12744435402e-08, 9.52792511555e-09, 2.60157495546e-09, 1.36279254548e-09, 4.29350421882e-09, 1.62417235217e-09, 6.29853780243e-10, 3.21488530242e-10, 2.43528447408e-10, 2.04163186357e-10, 2.3606788746e-10, 1.29151106476e-10, 1.65268701502e-10, 1.02446745531e-10, 1.03428002274e-10, 9.72723013248e-11, 4.70892075333e-11, 3.97362524829e-11, 3.2005634254e-11, 2.05229097605e-11, 1.77227885145e-11, 1.60740865063e-11, 1.8048985917e-11, 7.71371074654e-12, 8.30312728295e-12, 3.79230197592e-12, 2.95896120106e-12],
        "dvar2": [5.10641730216e-05, 2.97404840239e-05, 1.84252767212e-05, 8.37702373246e-06, 1.35964410219e-06, 1.34039865429e-07, 7.6245058267e-08, 5.26066159523e-08, 8.89490294753e-08, 1.22119089951e-07, 7.2474435342e-08, 3.74953188498e-08, 4.14790157777e-08, 5.33586224094e-08, 2.41903883591e-08, 6.39156638726e-09, 3.30554272843e-09, 1.21166774392e-08, 4.47647297008e-09, 1.61504887242e-09, 8.1345497005e-10, 6.07748573689e-10, 5.40220368439e-10, 6.21442453053e-10, 3.45138223556e-10, 4.26814250609e-10, 2.56677124e-10, 2.74578110249e-10, 2.65672928101e-10, 1.18704962526e-10, 9.97561616645e-11, 8.2290854686e-11, 4.94955326724e-11, 4.66750874062e-11, 4.14697651219e-11, 3.97265206842e-11, 1.80219346391e-11, 2.12570898384e-11, 9.1906812022e-12, 7.14234010477e-12],
        "max": [0.0555775500834, 0.0456902161241, 0.0339764095843, 0.0212210007012, 0.0101016275585, 0.0061392034404, 0.00701364688575, 0.00411410210654, 0.00766951404512, 0.00699157640338, 0.00369967403822, 0.00258920388296, 0.00261231767945, 0.00736272661015, 0.00536582246423, 0.00125443714205, 0.00101494579576, 0.00129609683063, 0.000638656900264, 0.000643471081275, 0.000504352035932, 0.00057814916363, 0.000338114128681, 0.000322094972944, 0.000208301120438, 0.000397127529141, 0.000383776001399, 0.000303243024973, 0.00025144580286, 0.000150084946654, 0.000163736491231, 0.000115907736472, 8.63333261805e-05, 7.28918312234e-05, 6.3146580942e-05, 6.65222978569e-05, 6.0589009081e-05, 7.32225817046e-05, 3.6152498069e-05, 4.06440012739e-05],
        "mean": [0.00582672469318, 0.00346427364275, 0.00134658894967, 0.000834626727737, 0.000350169488229, 0.000166375291883, 9.52802074607e-05, 0.000105982871901, 0.000125140883029, 0.000158289723913, 0.000154129360453, 9.63040001807e-05, 0.000106122410216, 9.50471439864e-05, 5.88613329455e-05, 3.58450270141e-05, 3.2557418308e-05, 2.8715998269e-05, 2.28774024436e-05, 1.96555884031e-05, 1.57757713168e-05, 1.31685410452e-05, 1.24097059597e-05, 1.20774466268e-05, 1.04080681922e-05, 1.01849764178e-05, 8.54712016007e-06, 8.49622483656e-06, 8.26441828394e-06, 6.12765234109e-06, 5.54285770704e-06, 4.88952127853e-06, 4.341285603e-06, 4.02480873163e-06, 3.79141761186e-06, 4.04394313591e-06, 2.87455031867e-06, 2.29432635024e-06, 2.04713069252e-06, 1.58850707521e-06],
        "median": [0.0029900749214, 0.00186819536611, 0.000384699262213, 0.000261304725427, 0.000141533091664, 6.98721705703e-05, 3.79388584406e-05, 4.96499269502e-05, 6.10319839325e-05, 6.77428688505e-05, 6.31967996014e-05, 4.31996268162e-05, 4.08317464462e-05, 3.65729065379e-05, 2.68099120149e-05, 1.61167754413e-05, 1.66697082022e-05, 1.21263619803e-05, 1.03913926068e-05, 9.98147152131e-06, 8.2341448433e-06, 6.73522845318e-06, 6.28443103778e-06, 5.95111305302e-06, 5.39342954653e-06, 4.74066882816e-06, 4.23522442361e-06, 4.03806006943e-06, 3.35780350724e-06, 2.67214568339e-06, 2.42247961069e-06, 2.09130439544e-06, 1.83406473298e-06, 1.63076242643e-06, 1.61828995715e-06, 1.70383691511e-06, 1.05443803022e-06, 8.15018211142e-07, 6.73665567774e-07, 5.64249262425e-07],
        "min": [1.55416701546e-24, 5.64572367079e-25, 1.92235541841e-24, 1.29223995138e-24, 1.3259239176e-24, 1.87025628322e-24, 1.24047756118e-24, 1.13060077417e-24, 1.86781219492e-24, 1.5849913609e-24, 1.36760377796e-24, 2.86984205218e-24, 1.91200142181e-24, 2.35206570285e-24, 1.96734336697e-24, 1.15704733602e-24, 2.18154671287e-24, 3.22913940108e-24, 3.55706887938e-24, 2.43958370662e-24, 3.87666325336e-24, 3.49516104769e-24, 2.79441945546e-24, 4.00091476239e-24, 5.15461476437e-24, 3.7323470672e-24, 4.49826631958e-24, 4.39364758633e-24, 4.22396754992e-24, 5.32813615896e-24, 6.05492081069e-24, 5.394879708e-24, 4.85504877992e-24, 5.79550035213e-24, 4.32738366472e-24, 5.6039436251e-24, 4.71827094857e-24, 5.33509233442e-24, 5.65717083139e-24, 5.80977084591e-24],
        "var": [4.00879616791e-05, 1.97037516045e-05, 6.84374526827e-06, 2.69651400231e-06, 4.50544376918e-07, 8.94254483796e-08, 3.53516256268e-08, 3.42705241962e-08, 4.5399215054e-08, 9.08422350676e-08, 7.63425305195e-08, 2.38310082779e-08, 3.18093995588e-08, 3.19437312157e-08, 1.29852368858e-08, 4.81873696501e-09, 2.27534080466e-09, 3.30670402171e-09, 1.78889758562e-09, 8.98100094293e-10, 5.31300115014e-10, 4.20896928421e-10, 3.4044525532e-10, 3.40269201704e-10, 2.31012625695e-10, 2.72152661518e-10, 1.64863928065e-10, 1.70756978002e-10, 2.40276187835e-10, 8.74511713045e-11, 7.22381113261e-11, 5.38853996146e-11, 4.02311309267e-11, 3.603262827e-11, 2.95182107923e-11, 3.57615534408e-11, 2.52998212658e-11, 1.74908438427e-11, 1.36083904562e-11, 7.80970687425e-12]
    },
    "mfcc": {
        "mean": [-642.109802246, 103.437042236, 14.3100547791, 18.6710243225, 5.87596130371, 14.803560257, 11.6198148727, 13.880645752, 6.14073228836, 7.06585025787, 0.847982287407, 2.08785629272, 0.138327419758],
        "cov": [[12896.4199219, 153.685714722, 202.029266357, 421.446105957, 174.530654907, 287.540374756, 232.913223267, 136.948806763, -5.08229923248, -27.3891410828, -133.980438232, -78.8171234131, -12.3161344528], [153.685714722, 1200.94494629, -34.5189476013, 8.60141277313, 37.8774833679, 37.8416023254, 38.9208908081, 56.7664527893, 34.4269294739, 52.4186592102, 22.5033931732, 3.67918348312, 1.64750099182], [202.029266357, -34.5189476013, 314.053588867, 87.2190170288, 38.7891235352, 39.1870079041, -0.206149816513, -2.43590807915, -8.55307483673, -5.0462679863, -8.0148525238, 2.87534093857, -17.0988502502], [421.446105957, 8.60141277313, 87.2190170288, 197.128875732, 73.8025970459, 49.0507392883, 11.3771371841, 6.11280727386, -9.64865589142, -4.72159051895, 2.74368977547, 2.55958199501, 0.309919893742], [174.530654907, 37.8774833679, 38.7891235352, 73.8025970459, 129.520614624, 46.1010818481, 33.9664497375, 13.6527442932, 4.50835418701, 2.51162433624, -0.224466145039, 1.76856017113, 9.73837661743], [287.540374756, 37.8416023254, 39.1870079041, 49.0507392883, 46.1010818481, 107.990844727, 63.8046646118, 44.2821273804, 14.6070795059, 6.19723081589, 9.19753837585, 11.1874856949, 16.4513607025], [232.913223267, 38.9208908081, -0.206149816513, 11.3771371841, 33.9664497375, 63.8046646118, 112.597160339, 69.0907211304, 38.1013870239, 16.4001750946, 9.15285778046, 12.8970403671, 21.7897415161], [136.948806763, 56.7664527893, -2.43590807915, 6.11280727386, 13.6527442932, 44.2821273804, 69.0907211304, 103.49155426, 63.689655304, 35.5546913147, 21.4218826294, 12.1657657623, 16.4940834045], [-5.08229923248, 34.4269294739, -8.55307483673, -9.64865589142, 4.50835418701, 14.6070795059, 38.1013870239, 63.689655304, 105.405860901, 65.2670516968, 34.51927948, 14.0623703003, 11.5245141983], [-27.3891410828, 52.4186592102, -5.0462679863, -4.72159051895, 2.51162433624, 6.19723081589, 16.4001750946, 35.5546913147, 65.2670516968, 98.8299179077, 51.8914756775, 14.8363523483, 2.78381800652], [-133.980438232, 22.5033931732, -8.0148525238, 2.74368977547, -0.224466145039, 9.19753837585, 9.15285778046, 21.4218826294, 34.51927948, 51.8914756775, 79.4304428101, 39.4383010864, 12.4751663208], [-78.8171234131, 3.67918348312, 2.87534093857, 2.55958199501, 1.76856017113, 11.1874856949, 12.8970403671, 12.1657657623, 14.0623703003, 14.8363523483, 39.4383010864, 70.2950439453, 40.2589530945], [-12.3161344528, 1.64750099182, -17.0988502502, 0.309919893742, 9.73837661743, 16.4513607025, 21.7897415161, 16.4940834045, 11.5245141983, 2.78381800652, 12.4751663208, 40.2589530945, 71.2491760254]],
