{
"lowlevel": {
    "average_loudness": 0.917238950729,
    "barkbands_crest": {
        "dmean": 3.77197766304,
        "dmean2": 5.90776920319,
        "dvar": 12.0124387741,
        "dvar2": 26.441400528,
        "max": 26.6737976074,
        "mean": 11.0608673096,
        "median": 9.82629585266,
        "min": 2.13446736336,
        "var": 32.6101951599
    },
    "barkbands_flatness_db": {
        "dmean": 0.0428972505033,
        "dmean2": 0.0618113093078,
        "dvar": 0.00231850985438,
        "dvar2": 0.00491223623976,
        "max": 0.639263808727,
        "mean": 0.129148826003,
        "median": 0.10893008858,
        "min": 0.0139825604856,
        "var": 0.00687794294208
    },
    "barkbands_kurtosis": {
        "dmean": 12.3595914841,
        "dmean2": 20.6958827972,
        "dvar": 2928.57250977,
        "dvar2": 8256.08105469,
        "max": 1651.77062988,
        "mean": 10.9134750366,
        "median": 2.25020098686,
        "min": -1.92232978344,
        "var": 1934.91418457
    },
    "barkbands_skewness": {
        "dmean": 1.16661787033,
        "dmean2": 1.73872792721,
        "dvar": 2.85560917854,
        "dvar2": 7.07537412643,
        "max": 29.1121883392,
        "mean": 2.02427601814,
        "median": 1.65108215809,
        "min": -3.75512838364,
        "var": 4.8256483078
    },
    "barkbands_spread": {
        "dmean": 12.7529735565,
        "dmean2": 19.2832546234,
        "dvar": 221.16418457,
        "dvar2": 446.904510498,
        "max": 137.400314331,
        "mean": 30.2525539398,
        "median": 24.5703239441,
        "min": 0.0614015497267,
        "var": 554.756896973
    },
    "dissonance": {
        "dmean": 0.0157555341721,
        "dmean2": 0.0266151670367,
        "dvar": 0.000328301917762,
        "dvar2": 0.000843349262141,
        "max": 0.500000178814,
        "mean": 0.476287156343,
        "median": 0.483237743378,
        "min": 0.146880686283,
        "var": 0.000659527780954
    },
    "dynamic_complexity": 3.1650993824,
    "erbbands_crest": {
        "dmean": 2.74485754967,
        "dmean2": 4.48483896255,
        "dvar": 7.74580574036,
        "dvar2": 19.3614330292,
        "max": 30.1276817322,
        "mean": 7.32008314133,
        "median": 6.12421607971,
        "min": 2.062251091,
        "var": 15.4007444382
    },
    "erbbands_flatness_db": {
        "dmean": 0.023480663076,
        "dmean2": 0.0355216674507,
        "dvar": 0.000771932129283,
        "dvar2": 0.00160580757074,
        "max": 0.411110758781,
        "mean": 0.122582770884,
        "median": 0.11352507025,
        "min": 0.0329279452562,
        "var": 0.00272480212152
    },
    "erbbands_kurtosis": {
        "dmean": 1.26929986477,
        "dmean2": 2.09224820137,
        "dvar": 7.88759565353,
        "dvar2": 19.2255973816,
        "max": 77.4792327881,
        "mean": 0.379511266947,
        "median": -0.427850604057,
        "min": -1.8265337944,
        "var": 9.43827724457
    },
    "erbbands_skewness": {
        "dmean": 0.508045971394,
        "dmean2": 0.788249671459,
        "dvar": 0.301784217358,
        "dvar2": 0.709558486938,
        "max": 6.35002660751,
        "mean": 0.211410567164,
        "median": 0.149647861719,
        "min": -3.10039544106,
        "var": 0.748626410961
    },
    "erbbands_spread": {
        "dmean": 13.911356926,
        "dmean2": 21.3181171417,
        "dvar": 212.294952393,
        "dvar2": 489.593933105,
        "max": 206.546188354,
        "mean": 51.6134643555,
        "median": 48.7426147461,
        "min": 1.97448003292,
        "var": 613.805053711
    },
    "hfc": {
        "dmean": 25.1562805176,
        "dmean2": 40.7123527527,
        "dvar": 2080.15600586,
        "dvar2": 5254.76806641,
        "max": 319.796478271,
        "mean": 31.914812088,
        "median": 17.3494300842,
        "min": 1.1376625246e-16,
        "var": 2008.82666016
    },
    "melbands_crest": {
        "dmean": 4.59172010422,
        "dmean2": 7.49077320099,
        "dvar": 16.0807247162,
        "dvar2": 42.2090454102,
        "max": 39.9468345642,
        "mean": 15.3136253357,
        "median": 14.5821151733,
        "min": 1.59076678753,
        "var": 39.2756195068
    },
    "melbands_flatness_db": {
        "dmean": 0.0547311939299,
        "dmean2": 0.0773729681969,
        "dvar": 0.00327169359662,
        "dvar2": 0.00690606795251,
        "max": 0.809828102589,
        "mean": 0.204383656383,
        "median": 0.185686692595,
        "min": 0.00387683184817,
        "var": 0.0114075066522
    },
    "melbands_kurtosis": {
        "dmean": 25.0173034668,
        "dmean2": 39.2024459839,
        "dvar": 16353.2021484,
        "dvar2": 37954.9375,
        "max": 9948.52636719,
        "mean": 30.5835227966,
        "median": 12.6824607849,
        "min": -1.71358311176,
        "var": 15706.4824219
    },
    "melbands_skewness": {
        "dmean": 1.43621909618,
        "dmean2": 2.16953587532,
        "dvar": 3.81631088257,
        "dvar2": 8.66695690155,
        "max": 89.8834686279,
        "mean": 3.62573242188,
        "median": 3.12928771973,
        "min": -1.95735538006,
        "var": 7.79451370239
    },
    "melbands_spread": {
        "dmean": 12.2915201187,
        "dmean2": 18.6693572998,
        "dvar": 219.864547729,
        "dvar2": 476.629089355,
        "max": 204.635025024,
        "mean": 26.073890686,
        "median": 18.1422271729,
        "min": 0.0347064658999,
        "var": 635.562194824
    },
    "pitch_salience": {
        "dmean": 0.112552508712,
        "dmean2": 0.178082764149,
        "dvar": 0.0113407047465,
        "dvar2": 0.0262676589191,
        "max": 0.931488633156,
        "mean": 0.563878893852,
        "median": 0.597423553467,
        "min": 0.0144870998338,
        "var": 0.0262506604195
    },
    "silence_rate_20dB": {
        "dmean": 0,
        "dmean2": 0,
        "dvar": 0,
        "dvar2": 0,
        "max": 1,
        "mean": 1,
        "median": 1,
        "min": 1,
        "var": 0
    },
    "silence_rate_30dB": {
        "dmean": 0.0180475804955,
        "dmean2": 0.0360984504223,
        "dvar": 0.0177201516926,
        "dvar2": 0.0464671738446,
        "max": 1,
        "mean": 0.987331390381,
        "median": 1,
        "min": 0,
        "var": 0.0125088002533
    },
    "silence_rate_60dB": {
        "dmean": 0.0411995276809,
        "dmean2": 0.082406565547,
        "dvar": 0.0395069606602,
        "dvar2": 0.0943915322423,
        "max": 1,
        "mean": 0.0819358378649,
        "median": 0,
        "min": 0,
        "var": 0.0752222165465
    },
    "spectral_centroid": {
        "dmean": 427.623748779,
        "dmean2": 649.395568848,
        "dvar": 192784.515625,
        "dvar2": 392687.71875,
        "max": 11143.5566406,
        "mean": 1487.73571777,
        "median": 1345.75231934,
        "min": 88.4086532593,
        "var": 797491.4375
    },
    "spectral_complexity": {
        "dmean": 8.00091171265,
        "dmean2": 11.7529630661,
        "dvar": 63.6696243286,
        "dvar2": 133.44960022,
        "max": 62,
        "mean": 20.4112281799,
        "median": 18,
        "min": 0,
        "var": 188.377365112
    },
    "spectral_decrease": {
        "dmean": 3.83724740871e-09,
        "dmean2": 5.89260062966e-09,
        "dvar": 2.53918788911e-17,
        "dvar2": 6.1118879919e-17,
        "max": 6.59113527646e-11,
        "mean": -8.05185695896e-09,
        "median": -6.03268190957e-09,
        "min": -4.76137813621e-08,
        "var": 5.49702148153e-17
    },
    "spectral_energy": {
        "dmean": 0.0159148294479,
        "dmean2": 0.0247566215694,
        "dvar": 0.000390321802115,
        "dvar2": 0.000943523889873,
        "max": 0.182653367519,
        "mean": 0.033284239471,
        "median": 0.0262910239398,
        "min": 1.06412221771e-20,
        "var": 0.000830405391753
    },
    "spectral_energyband_high": {
        "dmean": 0.00187798088882,
        "dmean2": 0.00303712044843,
        "dvar": 1.33348521558e-05,
        "dvar2": 3.33817661158e-05,
        "max": 0.0267370827496,
        "mean": 0.00220803194679,
        "median": 0.000849388889037,
        "min": 7.83808237239e-21,
        "var": 1.38708519444e-05
    },
    "spectral_energyband_low": {
        "dmean": 0.00998490490019,
        "dmean2": 0.0144438613206,
        "dvar": 0.000232681515627,
        "dvar2": 0.00049293495249,
        "max": 0.17123362422,
        "mean": 0.0164967384189,
        "median": 0.00785135105252,
        "min": 3.20060338335e-23,
        "var": 0.000498542911373
    },
    "spectral_energyband_middle_high": {
        "dmean": 0.00233114836738,
        "dmean2": 0.00368866999634,
        "dvar": 8.13851693238e-06,
        "dvar2": 1.904947203e-05,
        "max": 0.048001755029,
        "mean": 0.00379408011213,
        "median": 0.00268202717416,
        "min": 1.49738583144e-21,
        "var": 1.51889689732e-05
    },
    "spectral_energyband_middle_low": {
        "dmean": 0.0097079006955,
        "dmean2": 0.0162434075028,
        "dvar": 0.000319231767207,
        "dvar2": 0.000833676778711,
        "max": 0.145718052983,
        "mean": 0.0121584804729,
        "median": 0.00704076979309,
        "min": 2.23976215488e-22,
        "var": 0.000289425835945
    },
    "spectral_entropy": {
        "dmean": 0.271265804768,
        "dmean2": 0.404769718647,
        "dvar": 0.110504977405,
        "dvar2": 0.240610405803,
        "max": 9.82084560394,
        "mean": 7.78538274765,
        "median": 7.9265460968,
        "min": 4.21561908722,
        "var": 0.347096115351
    },
    "spectral_flux": {
        "dmean": 0.0403204374015,
        "dmean2": 0.0616205334663,
        "dvar": 0.00179631612264,
        "dvar2": 0.0039868731983,
        "max": 0.391021668911,
        "mean": 0.113064333797,
        "median": 0.101276859641,
        "min": 6.75693251351e-11,
        "var": 0.00461829407141
    },
    "spectral_kurtosis": {
        "dmean": 2.26923012733,
        "dmean2": 3.77122306824,
        "dvar": 31.1626644135,
        "dvar2": 78.6021957397,
        "max": 136.260498047,
        "mean": 4.56137990952,
        "median": 2.93950939178,
        "min": -1.2211151123,
        "var": 42.3486328125
    },
    "spectral_rms": {
        "dmean": 0.00133591121994,
        "dmean2": 0.00202179513872,
        "dvar": 1.93739424503e-06,
        "dvar2": 4.39213226855e-06,
        "max": 0.0133490972221,
        "mean": 0.00510871317238,
        "median": 0.00506456103176,
        "min": 3.22206150649e-12,
        "var": 6.37332368569e-06
    },
    "spectral_rolloff": {
        "dmean": 1632.23498535,
        "dmean2": 2698.51977539,
        "dvar": 7748104.5,
        "dvar2": 16267363,
        "max": 18733.8867188,
        "mean": 2573.11401367,
        "median": 1012.06054688,
        "min": 21.533203125,
        "var": 12316052
    },
    "spectral_skewness": {
        "dmean": 0.315893769264,
        "dmean2": 0.493758559227,
        "dvar": 0.223293140531,
        "dvar2": 0.539310991764,
        "max": 10.3058309555,
        "mean": 1.53827679157,
        "median": 1.36490130424,
        "min": -0.349519580603,
        "var": 0.502959668636
    },
    "spectral_spread": {
        "dmean": 1142238.875,
        "dmean2": 1690532,
        "dvar": 2.52714418176e+12,
        "dvar2": 4.91691442176e+12,
        "max": 41347188,
        "mean": 5783692.5,
        "median": 5097917,
        "min": 470953.96875,
        "var": 6.9367979049e+12
    },
    "spectral_strongpeak": {
        "dmean": 0.358613491058,
        "dmean2": 0.596934437752,
        "dvar": 0.850105166435,
        "dvar2": 2.21574044228,
        "max": 33.2916755676,
        "mean": 0.53407895565,
        "median": 0.358863770962,
        "min": 0,
        "var": 0.937416791916
    },
    "zerocrossingrate": {
        "dmean": 0.0276607703418,
        "dmean2": 0.0315955802798,
        "dvar": 0.00102207669988,
        "dvar2": 0.00134964706376,
        "max": 0.654296875,
        "mean": 0.0861202701926,
        "median": 0.06396484375,
        "min": 0.00048828125,
        "var": 0.00539612304419
    },
    "barkbands": {
        "dmean": [0.000439464580268, 0.0075623546727, 0.00427358550951, 0.00303023820743, 0.00610253866762, 0.00116732052993, 0.000740913033951, 0.000563949346542, 0.000510999932885, 0.000458636379335, 0.000397760653868, 0.000305836059852, 0.000308742659399, 0.00028363589081, 0.000308344198857, 0.000308055343339, 0.000216397311306, 0.000249163858825, 0.000233096900047, 0.000225425945246, 0.000223934650421, 0.00018968207587, 0.000138859584695, 0.000181778974365, 0.000429581501521, 0.000493083789479, 0.000261850596871],
        "dmean2": [0.000696601986419, 0.0110481064767, 0.00727815646678, 0.00531068397686, 0.0106505444273, 0.00194732274394, 0.0012428247137, 0.000950028072111, 0.000839199929032, 0.000762768206187, 0.000665157102048, 0.000495680375025, 0.000511751743034, 0.000477461348055, 0.000510424375534, 0.000510952260811, 0.000360231933882, 0.000408513646107, 0.000380916288123, 0.000370278401533, 0.000354445190169, 0.000295598321827, 0.000222686619963, 0.000279134546872, 0.000703184399754, 0.000844347930979, 0.000430186104495],
        "dvar": [2.92185791295e-06, 0.0001817435259, 9.16164717637e-05, 4.63232681795e-05, 0.000194950145669, 3.3182941479e-06, 1.70644659647e-06, 2.17052047446e-06, 8.69309360496e-07, 8.26654741104e-07, 1.05486310531e-06, 3.05942961631e-07, 2.58441986034e-07, 1.78913552418e-07, 2.51073203117e-07, 2.48240297651e-07, 1.38815920536e-07, 1.62016505101e-07, 1.42815508752e-07, 1.53363089339e-07, 1.257572535e-07, 7.96187364926e-08, 5.02812760317e-08, 2.74416180446e-07, 1.1115154166e-06, 1.6563377585e-06, 4.87457839426e-07],
        "dvar2": [7.38118342269e-06, 0.000367128057405, 0.000242477020947, 0.000127150982735, 0.000525839626789, 8.7193429863e-06, 4.49172785011e-06, 5.91008438278e-06, 2.18409763875e-06, 2.07470338864e-06, 2.75736351796e-06, 7.56496604026e-07, 5.97663415647e-07, 4.6103252771e-07, 6.31286184216e-07, 6.17356818111e-07, 3.62747584859e-07, 4.14264803794e-07, 3.64509759265e-07, 3.99262319206e-07, 3.158923505e-07, 1.90594363403e-07, 1.23952943909e-07, 6.7678178084e-07, 2.81627899312e-06, 4.29465944762e-06, 1.22162339267e-06],
        "max": [0.0440514273942, 0.157982766628, 0.116553284228, 0.0647738203406, 0.128765508533, 0.0280551016331, 0.0229414142668, 0.0459283292294, 0.0226079467684, 0.017226640135, 0.0378367900848, 0.0104730622843, 0.00916435290128, 0.0051991129294, 0.0176867693663, 0.00786359794438, 0.00959408096969, 0.00685999589041, 0.00708400178701, 0.0068014152348, 0.00552938133478, 0.00395701592788, 0.00362004525959, 0.0170280970633, 0.00876843836159, 0.00893612392247, 0.00578230665997],
        "mean": [0.000569185125642, 0.0105084162205, 0.00411718804389, 0.00278212106787, 0.00572327477857, 0.00139689841308, 0.000870264309924, 0.000623226747848, 0.000637976627331, 0.00054785766406, 0.000444831559435, 0.000376886833692, 0.000353433453711, 0.000332565308781, 0.000361741578672, 0.000353713316144, 0.000274055055343, 0.000307666225126, 0.000331140588969, 0.000328489026288, 0.000326413050061, 0.000278616818832, 0.000200730675715, 0.000261084671365, 0.000383146834793, 0.000381622754503, 0.000211668520933],
        "median": [7.43194541428e-05, 0.00297990231775, 0.00125537719578, 0.000823637703434, 0.00203749444336, 0.000670487119351, 0.000404935097322, 0.000227751646889, 0.000243152448093, 0.000174506232725, 0.000164553479408, 0.000172974483576, 0.000160467301612, 0.000157447968377, 0.000181810275535, 0.000161340110935, 0.000141172364238, 0.000141378783155, 0.00015756834182, 0.000142063479871, 0.000156715745106, 0.00011041527614, 8.31036450109e-05, 7.3201750638e-05, 5.0004782679e-05, 3.47927052644e-05, 6.09782819083e-06],
        "min": [2.73473009785e-24, 1.10904424275e-23, 3.70696660157e-25, 4.61616710389e-24, 1.64665421183e-23, 2.17172302802e-23, 2.16949812472e-23, 2.28636187249e-23, 3.95336033375e-23, 2.78822950059e-23, 2.95527174391e-23, 4.01786612106e-23, 7.49599992166e-23, 6.69684532826e-23, 9.43067813627e-23, 8.28572920496e-23, 1.14678211783e-22, 1.69615785266e-22, 2.47752887068e-22, 2.95819633527e-22, 3.70923912248e-22, 4.38151320167e-22, 5.30131643435e-22, 7.06250129049e-22, 1.07432212611e-21, 1.61605070643e-21, 2.24664475802e-21],
        "var": [4.72195370094e-06, 0.000322751613567, 7.32485423214e-05, 3.4942288039e-05, 0.000149786283146, 3.90382092519e-06, 1.90910100173e-06, 1.89426066299e-06, 1.20566755868e-06, 1.39602821037e-06, 1.03775971638e-06, 4.2706491854e-07, 3.82626893725e-07, 2.15622264932e-07, 2.94065074513e-07, 2.88067241172e-07, 1.82175952546e-07, 1.95042602513e-07, 2.24408694294e-07, 2.46625319278e-07, 2.17365126787e-07, 1.58095161851e-07, 8.34659559246e-08, 5.71378507175e-07, 9.45278486597e-07, 1.24145674363e-06, 4.13553351564e-07]
    },
    "erbbands": {
        "dmean": [0.215857058764, 1.79722344875, 4.34315252304, 7.64981269836, 14.7381906509, 25.2658805847, 11.5145206451, 9.89849853516, 9.2763633728, 13.5014925003, 11.5224914551, 10.76720047, 12.477232933, 16.3711452484, 14.0113897324, 12.1205778122, 13.4093933105, 15.4598960876, 13.4130296707, 18.1910533905, 14.8525915146, 12.5320320129, 13.6038017273, 11.9363269806, 11.8029603958, 10.6663579941, 10.3918581009, 7.62307167053, 6.77956104279, 5.23988485336, 4.07488775253, 3.8243625164, 3.08364105225, 3.40965247154, 3.84448695183, 2.85036230087, 0.73209643364, 0.2851755023, 0.0452967062593, 0.000610811228398],
        "dmean2": [0.324408680201, 2.56361150742, 7.14809513092, 13.0514812469, 26.0227813721, 43.5861282349, 19.6335277557, 16.4843559265, 15.5966110229, 22.6837425232, 19.2851772308, 17.8178958893, 20.6038894653, 26.814409256, 23.2543487549, 19.5739479065, 21.7911682129, 25.9703216553, 22.2738800049, 30.1359844208, 24.3945922852, 20.8318748474, 22.4070339203, 19.3386173248, 19.2950649261, 17.4848117828, 16.699382782, 11.9996938705, 10.6328125, 8.20794391632, 6.48113107681, 5.95231389999, 4.79892206192, 5.55004549026, 6.30613803864, 4.84944629669, 1.26768374443, 0.471957117319, 0.0754724293947, 0.00101673358586],
        "dvar": [0.16206035018, 10.6942539215, 87.4961395264, 263.935119629, 979.247924805, 4350.07763672, 392.514343262, 275.910644531, 230.633468628, 868.202148438, 922.663818359, 371.174468994, 530.962463379, 1166.11621094, 944.190979004, 538.295776367, 502.990844727, 536.795288086, 445.902893066, 888.128051758, 595.983642578, 483.272369385, 490.924468994, 330.90435791, 402.634307861, 308.928344727, 264.198608398, 170.618988037, 111.901329041, 60.8298225403, 49.258934021, 126.854660034, 68.5323944092, 59.3120040894, 97.4229202271, 56.8078575134, 3.6728951931, 0.549017012119, 0.0153168840334, 2.64018285634e-06],
        "dvar2": [0.390303403139, 21.2676067352, 219.245666504, 709.258911133, 2701.17944336, 11418.9091797, 1041.63354492, 733.256347656, 614.83782959, 2276.79858398, 2530.14550781, 933.388305664, 1365.09436035, 2817.31738281, 2598.86914062, 1309.4901123, 1126.43933105, 1388.78491211, 1150.55773926, 2217.2512207, 1491.33886719, 1257.6895752, 1269.34069824, 824.954956055, 1028.75146484, 790.475646973, 665.688903809, 428.754638672, 271.682281494, 148.131347656, 122.431167603, 304.369781494, 179.396026611, 149.155395508, 248.858047485, 147.282592773, 9.6115436554, 1.38269388676, 0.0388696454465, 6.6986103775e-06],
        "max": [7.2136387825, 37.5604782104, 108.2501297, 180.244186401, 346.239501953, 684.864013672, 239.589157104, 281.824371338, 315.393615723, 585.508544922, 780.846618652, 377.916931152, 515.362670898, 630.579345703, 1040.77722168, 541.919799805, 427.751708984, 320.456268311, 362.778961182, 1164.42492676, 348.055908203, 541.670593262, 329.430969238, 267.487792969, 461.618927002, 289.27633667, 252.397064209, 207.29574585, 173.640975952, 147.462081909, 148.642700195, 383.423797607, 233.66519165, 70.4155960083, 76.5392684937, 56.9493598938, 13.8579177856, 7.71065092087, 0.999967753887, 0.0126349339262],
        "mean": [0.284713476896, 2.41538619995, 4.68579864502, 7.77461576462, 13.5115718842, 23.1312084198, 12.8332262039, 11.7284755707, 11.258852005, 15.2617826462, 13.1654195786, 13.077337265, 16.3711357117, 19.8584899902, 16.8201580048, 15.3457775116, 16.2359237671, 18.1423339844, 16.4099445343, 21.3994808197, 18.1639976501, 16.1295146942, 16.7449493408, 16.5522003174, 16.8832035065, 15.8009910583, 14.5110197067, 11.6155223846, 10.0381984711, 7.64888238907, 5.72951555252, 5.60613679886, 4.08971786499, 3.3275949955, 3.27675962448, 2.17933964729, 0.573792219162, 0.238109603524, 0.035249967128, 0.000510543526616],
        "median": [0.0749163031578, 0.667516469955, 1.71239817142, 3.00387763977, 4.62866258621, 6.37983226776, 5.70490837097, 5.46339273453, 5.62554454803, 6.12952280045, 5.2444601059, 5.393409729, 6.06385040283, 7.14801454544, 7.43321228027, 7.62315130234, 8.24786949158, 8.98032569885, 8.88163471222, 10.1481304169, 8.88938331604, 8.47173404694, 7.83162689209, 8.17052841187, 7.91468715668, 7.12739849091, 7.20123767853, 4.91388225555, 3.93550920486, 3.21961307526, 2.30044412613, 1.65302014351, 1.11500275135, 0.603374302387, 0.345928788185, 0.170294880867, 0.051486954093, 0.0148554649204, 0.000940913218074, 7.3669172707e-05],
        "min": [2.17357887063e-22, 2.38077585058e-21, 1.32375676365e-21, 8.04863215003e-21, 2.4070244967e-20, 5.52197601101e-20, 1.22505978632e-19, 2.0540673048e-19, 1.97987424449e-19, 6.13419409585e-19, 5.34498210739e-19, 7.06298505786e-19, 1.32149557821e-18, 1.04203260826e-18, 1.00813164483e-18, 1.29673527074e-18, 3.67240440064e-18, 4.38012855221e-18, 4.41377164209e-18, 5.9581058516e-18, 6.64693388926e-18, 7.1594765035e-18, 7.97624704804e-18, 1.22578497039e-17, 9.44933329627e-18, 1.4986289238e-17, 1.15748764506e-17, 1.20242042681e-17, 1.35736963623e-17, 1.53254663763e-17, 1.50550808864e-17, 1.59281270096e-17, 1.13584686316e-17, 8.96090630561e-18, 7.96429759691e-18, 4.98141606564e-18, 2.94386362857e-18, 1.07241774389e-18, 3.19321417399e-19, 3.38518754302e-20],
        "var": [0.247556015849, 18.5475635529, 82.3413314819, 213.175735474, 740.608947754, 3434.0925293, 393.215789795, 310.934295654, 259.223083496, 883.472290039, 805.530517578, 462.986541748, 935.92779541, 1704.57617188, 972.378479004, 709.889587402, 797.829589844, 633.389099121, 522.440917969, 1058.07495117, 714.264099121, 618.405517578, 587.009399414, 507.652923584, 620.865966797, 529.043457031, 425.303588867, 312.177307129, 225.197601318, 115.864677429, 74.9003295898, 302.909912109, 108.925308228, 55.6220169067, 79.8968887329, 42.7153816223, 2.71181511879, 0.485294163227, 0.012155666016, 2.10322195926e-06]
    },
    "gfcc": {
        "mean": [-2.92244958878, 66.6938552856, -91.4675598145, 33.0782966614, -46.9194641113, 10.9036884308, -34.4613838196, 6.33977746964, -24.8043422699, 3.90912771225, -17.9323043823, 2.6887691021, -11.2509231567],
        "cov": [[20404.9746094, -1516.2175293, -145.70350647, 456.484100342, -416.957122803, 824.534973145, 156.604324341, 19.7261104584, -621.913757324, 514.301513672, -88.0146331787, 11.8664560318, -432.689453125], [-1516.2175293, 3097.34423828, -197.886657715, 179.642913818, 191.068206787, -114.40146637, 270.028594971, -115.759208679, 218.153381348, -178.676254272, 168.990722656, -150.204925537, 141.561737061], [-145.70350647, -197.886657715, 1209.3527832, 16.128900528, 239.416213989, 53.1839408875, 6.0317158699, 77.685798645, -4.9957113266, 73.0377120972, -6.10719680786, 8.31994819641, -18.7343769073], [456.484100342, 179.642913818, 16.128900528, 628.557861328, 43.2727928162, 106.650787354, 114.602478027, -1.72329628468, 51.1240844727, 13.0606355667, 60.6312713623, -20.9033126831, 17.5754623413], [-416.957122803, 191.068206787, 239.416213989, 43.2727928162, 366.865722656, 72.2838821411, 78.893699646, 21.2140007019, 40.8120307922, 14.856965065, 34.9456672668, 17.2701587677, 20.7363414764], [824.534973145, -114.40146637, 53.1839408875, 106.650787354, 72.2838821411, 263.529022217, 100.386894226, 54.8575172424, -10.3883504868, 41.5410270691, 16.7019023895, 13.2785196304, -7.41288661957], [156.604324341, 270.028594971, 6.0317158699, 114.602478027, 78.893699646, 100.386894226, 226.357330322, 54.5496139526, 64.1438446045, 19.0705661774, 59.6599845886, -14.5165376663, 10.6782674789], [19.7261104584, -115.759208679, 77.685798645, -1.72329628468, 21.2140007019, 54.8575172424, 54.5496139526, 153.006729126, 34.3366241455, 55.4864883423, 6.16894769669, 18.2948875427, -7.6059384346], [-621.913757324, 218.153381348, -4.9957113266, 51.1240844727, 40.8120307922, -10.3883504868, 64.1438446045, 34.3366241455, 150.17098999, 22.9973754883, 45.6751937866, -12.9448833466, 25.8712539673], [514.301513672, -178.676254272, 73.0377120972, 13.0606355667, 14.856965065, 41.5410270691, 19.0705661774, 55.4864883423, 22.9973754883, 127.816413879, 37.2635040283, 25.2567768097, -23.5858516693], [-88.0146331787, 168.990722656, -6.10719680786, 60.6312713623, 34.9456672668, 16.7019023895, 59.6599845886, 6.16894769669, 45.6751937866, 37.2635040283, 103.170677185, 13.0891599655, 20.0083999634], [11.8664560318, -150.204925537, 8.31994819641, -20.9033126831, 17.2701587677, 13.2785196304, -14.5165376663, 18.2948875427, -12.9448833466, 25.2567768097, 13.0891599655, 81.0949172974, 20.4514312744], [-432.689453125, 141.561737061, -18.7343769073, 17.5754623413, 20.7363414764, -7.41288661957, 10.6782674789, -7.6059384346, 25.8712539673, -23.5858516693, 20.0083999634, 20.4514312744, 91.2293548584]],
        "icov": [[8.74150573509e-05, -2.10765319935e-05, 1.93829164346e-05, -5.09963356308e-05, 0.00010948356794, -0.000202727649594, -0.000106643754407, 0.000141038064612, 0.000376685202355, -0.000463892443804, 0.000152034306666, 2.72392971965e-05, 0.000177786670974], [-2.10765319935e-05, 0.000576257007197, 5.1088813052e-05, 3.03816032101e-05, -0.000266823131824, 0.00035327905789, -0.000455900561064, 0.000182644362212, -0.000383565260563, 0.000789642333984, -0.000816305517219, 0.00091093138326, -0.000543820729945], [1.93829164346e-05, 5.1088813052e-05, 0.00104859971907, -7.20303796697e-05, -0.000768585887272, 7.55303553888e-05, 0.000193925545318, -0.000416318333009, 0.000373339222278, -0.000611257681157, 0.000202936673304, 0.000475331675261, -4.96744687553e-05], [-5.09963356308e-05, 3.03816032101e-05, -7.20303796697e-05, 0.00194321630988, 5.52882156626e-05, -0.000592691125348, -0.000445575773483, 0.000418022071244, -0.000592561787926, 0.000338075013133, -0.000787270953879, 0.000494821637403, -0.000334706885042], [0.00010948356794, -0.000266823131824, -0.000768585887272, 5.52882156626e-05, 0.0039312732406, -0.00112858274952, -0.000816209590994, 0.000677072035614, -0.000303741398966, -0.000301571737509, 0.000111547182314, -0.00139866117388, 0.000228774166317], [-0.000202727649594, 0.00035327905789, 7.55303553888e-05, -0.000592691125348, -0.00112858274952, 0.00629184301943, -0.00235726404935, -0.00125104619656, 0.000968390901107, -2.50790108112e-05, 0.00013561162632, -8.0670848547e-05, -0.000733383523766], [-0.000106643754407, -0.000455900561064, 0.000193925545318, -0.000445575773483, -0.000816209590994, -0.00235726404935, 0.00852466188371, -0.00268375687301, -0.00180600606836, 0.00153810891788, -0.00318996910937, 0.00137404748239, 0.000401130528189], [0.000141038064612, 0.000182644362212, -0.000416318333009, 0.000418022071244, 0.000677072035614, -0.00125104619656, -0.00268375687301, 0.010099071078, -0.00177577394061, -0.00380852119997, 0.00278610503301, -0.0018909194041, 0.000451845233329], [0.000376685202355, -0.000383565260563, 0.000373339222278, -0.000592561787926, -0.000303741398966, 0.000968390901107, -0.00180600606836, -0.00177577394061, 0.0119817648083, -0.0041726436466, -0.00135866983328, 0.00297849019989, -0.00206268997863], [-0.000463892443804, 0.000789642333984, -0.000611257681157, 0.000338075013133, -0.000301571737509, -2.50790108112e-05, 0.00153810891788, -0.00380852119997, -0.0041726436466, 0.0165419559926, -0.00695081427693, -0.00270669348538, 0.00354399136268], [0.000152034306666, -0.000816305517219, 0.000202936673304, -0.000787270953879, 0.000111547182314, 0.00013561162632, -0.00318996910937, 0.00278610503301, -0.00135866983328, -0.00695081427693, 0.0171125642955, -0.00340688508004, -0.00162868003827], [2.72392971965e-05, 0.00091093138326, 0.000475331675261, 0.000494821637403, -0.00139866117388, -8.0670848547e-05, 0.00137404748239, -0.0018909194041, 0.00297849019989, -0.00270669348538, -0.00340688508004, 0.0185183137655, -0.00623773736879], [0.000177786670974, -0.000543820729945, -4.96744687553e-05, -0.000334706885042, 0.000228774166317, -0.000733383523766, 0.000401130528189, 0.000451845233329, -0.00206268997863, 0.00354399136268, -0.00162868003827, -0.00623773736879, 0.0158386062831]]
    },
    "melbands": {
        "dmean": [0.00203738105483, 0.00209890748374, 0.00141633022577, 0.00151484040543, 0.000534044986125, 0.000217520413571, 0.00014298579481, 0.000142434073496, 9.09180453164e-05, 7.00259697624e-05, 6.40341531835e-05, 6.83423422743e-05, 5.35044891876e-05, 3.42211787938e-05, 3.19870559906e-05, 3.18158017762e-05, 2.85203441308e-05, 2.16157859541e-05, 2.38277898461e-05, 2.41267098318e-05, 1.65029869095e-05, 1.37218994496e-05, 1.23465551951e-05, 1.22640685731e-05, 9.79665674095e-06, 9.07745743461e-06, 8.90707269718e-06, 6.94686877978e-06, 6.59946454107e-06, 5.80253617954e-06, 4.44517718279e-06, 4.3533796088e-06, 3.27958719026e-06, 2.83370627585e-06, 2.46118270297e-06, 2.1512926196e-06, 2.51204096458e-06, 2.2969895781e-06, 2.01557031687e-06, 3.20200138049e-06],
        "dmean2": [0.00301676616073, 0.00318698212504, 0.0023814693559, 0.00265844864771, 0.000899623264559, 0.000361842714483, 0.000239821209107, 0.000239132728893, 0.000151960615767, 0.00011542262655, 0.000105931743747, 0.000112152032671, 8.95370176295e-05, 5.52766032342e-05, 5.19281747984e-05, 5.28583950654e-05, 4.8141078878e-05, 3.62011924153e-05, 3.96518880734e-05, 4.00312383135e-05, 2.72768593277e-05, 2.30730875046e-05, 2.05384130822e-05, 2.02563878702e-05, 1.59753071785e-05, 1.49705065269e-05, 1.45885505844e-05, 1.15079428724e-05, 1.0657016901e-05, 9.37949153013e-06, 7.0764776865e-06, 6.97206905897e-06, 5.09906703883e-06, 4.5545316425e-06, 3.9311821638e-06, 3.44142654285e-06, 3.92344327338e-06, 3.59311320608e-06, 3.25194241668e-06, 5.23454946233e-06],
        "dvar": [1.31688493639e-05, 1.52579004862e-05, 8.33389913169e-06, 1.27053463075e-05, 1.12472991987e-06, 1.28046977466e-07, 5.36168585086e-08, 9.66665254509e-08, 5.23144585429e-08, 1.63523186103e-08, 1.40933140713e-08, 2.04871621889e-08, 1.8465540208e-08, 4.12328704513e-09, 3.3568725577e-09, 2.52530352185e-09, 1.89365700898e-09, 1.20356924427e-09, 1.50359180662e-09, 1.55550883285e-09, 7.82383824394e-10, 6.12043193904e-10, 4.14075163047e-10, 4.33698660318e-10, 2.28389057666e-10, 2.60248544937e-10, 3.05566683068e-10, 1.28392588228e-10, 1.10228833006e-10, 9.76944150577e-11, 5.83970163892e-11, 5.22943598147e-11, 2.24478699518e-11, 1.95067122177e-11, 1.7299016386e-11, 1.67130111833e-11, 6.69068203618e-11, 6.34860497506e-11, 1.44255822565e-11, 5.73458017183e-11],
        "dvar2": [2.75990296359e-05, 3.40000988217e-05, 2.19212306547e-05, 3.43045176123e-05, 2.94270557788e-06, 3.40399992638e-07, 1.42654300817e-07, 2.54305518865e-07, 1.42001169934e-07, 4.12714697973e-08, 3.62816621191e-08, 4.94731366985e-08, 4.9817121095e-08, 1.04298578663e-08, 7.72953434591e-09, 6.07445338474e-09, 4.89157203631e-09, 3.1555884572e-09, 3.78748232777e-09, 3.89569976278e-09, 1.99258720635e-09, 1.60598223609e-09, 1.08965458878e-09, 1.10825071342e-09, 5.71425129436e-10, 6.8864941527e-10, 7.85402742842e-10, 3.34298366766e-10, 2.78075701354e-10, 2.47569381662e-10, 1.46949258317e-10, 1.29466409815e-10, 5.46622989928e-11, 4.8127907909e-11, 4.30856739175e-11, 4.17562998067e-11, 1.60055094178e-10, 1.72599351478e-10, 3.6490543226e-11, 1.44324580065e-10],
        "max": [0.0528940632939, 0.0414284989238, 0.0281845778227, 0.0321806669235, 0.0107009904459, 0.00631693052128, 0.00487505970523, 0.00829135347158, 0.0060718851164, 0.00310979317874, 0.00256760185584, 0.00280298804864, 0.00518294004723, 0.00106822117232, 0.00104161305353, 0.000856474915054, 0.000602398591582, 0.000578590319492, 0.00136648886837, 0.000849511066917, 0.00049421552103, 0.000598108570557, 0.00050235906383, 0.000338673911756, 0.000255115854088, 0.00034680380486, 0.000431907566963, 0.000212147861021, 0.000216718486627, 0.000175494671566, 0.000117513620353, 0.000134112866363, 6.35957621853e-05, 9.68147433014e-05, 8.55561593198e-05, 0.000102554760815, 0.000275282829534, 0.000241173023824, 3.78080549126e-05, 7.27623410057e-05],
        "mean": [0.0028436051216, 0.00280569284223, 0.00150503066834, 0.00136548816226, 0.000578468316235, 0.000260534783592, 0.000174452521605, 0.000160942639923, 0.000102639554825, 8.55008183862e-05, 8.27010080684e-05, 8.12441212474e-05, 6.12905423623e-05, 4.11771434301e-05, 3.86866777262e-05, 3.5940323869e-05, 3.27449888573e-05, 2.54404785665e-05, 2.73819478025e-05, 2.74396279565e-05, 1.96429809876e-05, 1.68255228346e-05, 1.4758137695e-05, 1.49858205987e-05, 1.30966691358e-05, 1.24935822896e-05, 1.18845400721e-05, 1.00432562249e-05, 9.0489811555e-06, 7.79930905992e-06, 6.46395528747e-06, 6.00777548243e-06, 4.79663549413e-06, 3.94696689909e-06, 3.31390742758e-06, 3.01653790302e-06, 3.56047644345e-06, 3.0472524486e-06, 2.2775357138e-06, 2.98512350128e-06],
        "median": [0.000815744395368, 0.0011156827677, 0.000621773884632, 0.000444798788521, 0.000228355871513, 0.000123296282254, 8.74242614373e-05, 6.29249261692e-05, 3.94882772525e-05, 3.30190014211e-05, 2.92939057545e-05, 2.76540340565e-05, 2.41281923081e-05, 1.78380396392e-05, 1.74876768142e-05, 1.6765370674e-05, 1.50231680891e-05, 1.25670394482e-05, 1.33943794935e-05, 1.23487952806e-05, 9.26271150092e-06, 8.37162860989e-06, 6.53967526887e-06, 6.61830472382e-06, 6.0836709963e-06, 5.94161883782e-06, 4.69594579044e-06, 4.3591726353e-06, 4.42358668806e-06, 3.18940578836e-06, 2.68488429356e-06, 2.1834139261e-06, 1.96749147108e-06, 1.60032550411e-06, 1.28954604861e-06, 1.08068388727e-06, 9.2085997494e-07, 7.81809490036e-07, 6.08717925843e-07, 4.43763042313e-07],
        "min": [3.21872190118e-24, 1.91065010308e-24, 1.45311689173e-24, 1.7936486202e-24, 4.83944471678e-24, 5.07032813209e-24, 3.31941348763e-24, 7.32577178469e-24, 4.23905885347e-24, 4.91147442275e-24, 6.50737987148e-24, 3.88780828023e-24, 3.34457972823e-24, 4.94600917546e-24, 4.24828221517e-24, 7.30193161928e-24, 6.57081059915e-24, 5.93437655348e-24, 7.29441535257e-24, 8.10808041123e-24, 6.22162605262e-24, 6.80046063044e-24, 3.22454053922e-24, 9.42827779031e-24, 9.52122532646e-24, 7.20857308659e-24, 6.74252195239e-24, 9.49492312616e-24, 4.9555827914e-24, 7.1951482517e-24, 6.77863758235e-24, 7.86646809318e-24, 6.79889631926e-24, 8.53598775408e-24, 6.92866867133e-24, 5.96757379252e-24, 8.82686916883e-24, 8.48735447927e-24, 6.01171568777e-24, 7.18899671436e-24],
        "var": [2.29994529946e-05, 2.16017087951e-05, 7.2048187576e-06, 9.47337048274e-06, 1.05576293663e-06, 1.46569846038e-07, 6.13334520949e-08, 9.78373080329e-08, 4.7426791383e-08, 2.1249721982e-08, 2.47491094285e-08, 3.04302183451e-08, 1.78107768534e-08, 5.5089302009e-09, 4.68426319955e-09, 3.44847839173e-09, 2.22334972655e-09, 1.35722799666e-09, 1.7142962605e-09, 1.84442006113e-09, 9.03515373629e-10, 7.77467423774e-10, 4.64224630958e-10, 5.13609654806e-10, 3.41362521583e-10, 3.60058510784e-10, 4.02879507533e-10, 2.22234494696e-10, 1.77512129995e-10, 1.53838428107e-10, 9.97297452954e-11, 9.48710346393e-11, 4.33744082318e-11, 3.45801859369e-11, 2.49077477393e-11, 3.06499062241e-11, 1.58593096988e-10, 9.20586037956e-11, 1.76193452189e-11, 5.14487029368e-11]
    },
    "mfcc": {
        "mean": [-649.331970215, 104.914031982, 12.1604328156, 27.8028411865, 8.64193630219, 9.32545852661, 3.05102610588, 2.42728590965, 0.198123320937, 1.15486311913, -2.21813082695, -1.42750549316, -0.832203805447],
        "cov": [[11588.21875, -903.960327148, -341.869384766, 43.5788993835, -127.886497498, 168.40826416, -63.0180778503, -43.4910850525, -37.590927124, -72.3118896484, -66.7628555298, -62.0251159668, -95.637878418], [-903.960327148, 2299.79101562, 29.1977596283, 172.972305298, 110.351074219, 42.8924102783, 43.897064209, 83.0767974854, 59.2673339844, 17.8474235535, 19.2753677368, 32.175617218, 15.4129199982], [-341.869384766, 29.1977596283, 733.465087891, 149.140472412, 158.625549316, 40.7119674683, 74.7900695801, 6.96792173386, 46.7067565918, 28.684753418, 41.4569015503, 15.8736114502, 19.3095436096], [43.5788993835, 172.972305298, 149.140472412, 436.93939209, 90.7021102905, 94.4489059448, 40.3855056763, 43.4525642395, 21.1987171173, 39.6883277893, 24.5372581482, 27.7396373749, 22.5714111328], [-127.886497498, 110.351074219, 158.625549316, 90.7021102905, 258.628112793, 84.2078933716, 65.9688415527, 21.4170608521, 31.4422931671, 8.25951480865, 12.0195617676, 11.6066770554, 21.1396560669], [168.40826416, 42.8924102783, 40.7119674683, 94.4489059448, 84.2078933716, 185.124969482, 68.1721038818, 53.257019043, 28.8737945557, 14.2927532196, 13.0129776001, 13.4702396393, 10.0504436493], [-63.0180778503, 43.897064209, 74.7900695801, 40.3855056763, 65.9688415527, 68.1721038818, 144.735229492, 68.0117263794, 39.4028320312, 22.8863334656, 22.6241111755, 17.6131038666, 19.6328105927], [-43.4910850525, 83.0767974854, 6.96792173386, 43.4525642395, 21.4170608521, 53.257019043, 68.0117263794, 117.819839478, 54.7863464355, 29.6819076538, 14.9760932922, 18.0931015015, 10.7244205475], [-37.590927124, 59.2673339844, 46.7067565918, 21.1987171173, 31.4422931671, 28.8737945557, 39.4028320312, 54.7863464355, 102.643608093, 46.0607833862, 23.5219306946, 13.5486392975, 18.8973026276], [-72.3118896484, 17.8474235535, 28.684753418, 39.6883277893, 8.25951480865, 14.2927532196, 22.8863334656, 29.6819076538, 46.0607833862, 97.7829818726, 42.9940795898, 35.6948127747, 17.2513866425], [-66.7628555298, 19.2753677368, 41.4569015503, 24.5372581482, 12.0195617676, 13.0129776001, 22.6241111755, 14.9760932922, 23.5219306946, 42.9940795898, 102.465385437, 44.0156021118, 28.7542991638], [-62.0251159668, 32.175617218, 15.8736114502, 27.7396373749, 11.6066770554, 13.4702396393, 17.6131038666, 18.0931015015, 13.5486392975, 35.6948127747, 44.0156021118, 79.1418304443, 33.4412841797], [-95.637878418, 15.4129199982, 19.3095436096, 22.5714111328, 21.1396560669, 10.0504436493, 19.6328105927, 10.7244205475, 18.8973026276, 17.2513866425, 28.7542991638, 33.4412841797, 69.3072433472]],
