{
"lowlevel": {
    "average_loudness": 0.690451562405,
    "barkbands_crest": {
        "dmean": 2.95135545731,
        "dmean2": 4.71990776062,
        "dvar": 8.74777698517,
        "dvar2": 19.2572555542,
        "max": 26.8779335022,
        "mean": 10.9277591705,
        "median": 9.44690799713,
        "min": 1.93831157684,
        "var": 31.1809082031
    },
    "barkbands_flatness_db": {
        "dmean": 0.02365212515,
        "dmean2": 0.0367927402258,
        "dvar": 0.000753430533223,
        "dvar2": 0.00159838411491,
        "max": 0.522031188011,
        "mean": 0.115415766835,
        "median": 0.101054027677,
        "min": 0.0107899839059,
        "var": 0.00432970235124
    },
    "barkbands_kurtosis": {
        "dmean": 3.83968663216,
        "dmean2": 5.89833307266,
        "dvar": 1585.44848633,
        "dvar2": 4070.37280273,
        "max": 3607.14892578,
        "mean": 4.98205947876,
        "median": 0.712481021881,
        "min": -1.70181035995,
        "var": 1272.42785645
    },
    "barkbands_skewness": {
        "dmean": 0.576657533646,
        "dmean2": 0.875937998295,
        "dvar": 0.847440123558,
        "dvar2": 1.71035122871,
        "max": 57.1889305115,
        "mean": 1.54813635349,
        "median": 1.08998274803,
        "min": -2.11835575104,
        "var": 2.63702917099
    },
    "barkbands_spread": {
        "dmean": 6.11916828156,
        "dmean2": 9.57157707214,
        "dvar": 51.9491615295,
        "dvar2": 114.050979614,
        "max": 122.748779297,
        "mean": 26.8800983429,
        "median": 25.7140331268,
        "min": 0.129411205649,
        "var": 209.460723877
    },
    "dissonance": {
        "dmean": 0.0148716187105,
        "dmean2": 0.0250769164413,
        "dvar": 0.000293505436275,
        "dvar2": 0.000814395898487,
        "max": 0.500000119209,
        "mean": 0.47296077013,
        "median": 0.4818187356,
        "min": 0.0997427254915,
        "var": 0.000757154251914
    },
    "dynamic_complexity": 4.15540599823,
    "erbbands_crest": {
        "dmean": 2.42792201042,
        "dmean2": 3.89453911781,
        "dvar": 6.47457265854,
        "dvar2": 14.3204526901,
        "max": 32.1449928284,
        "mean": 7.92808866501,
        "median": 6.48695373535,
        "min": 2.17608118057,
        "var": 21.6262702942
    },
    "erbbands_flatness_db": {
        "dmean": 0.0138394441456,
        "dmean2": 0.0216864906251,
        "dvar": 0.000283565284917,
        "dvar2": 0.000678657088429,
        "max": 0.458693176508,
        "mean": 0.135289847851,
        "median": 0.113409154117,
        "min": 0.0418183803558,
        "var": 0.00418574083596
    },
    "erbbands_kurtosis": {
        "dmean": 0.728786468506,
        "dmean2": 1.14136004448,
        "dvar": 3.07877826691,
        "dvar2": 7.12878322601,
        "max": 49.6298408508,
        "mean": 0.263273328543,
        "median": -0.292472362518,
        "min": -1.6392660141,
        "var": 5.15384531021
    },
    "erbbands_skewness": {
        "dmean": 0.297577291727,
        "dmean2": 0.458284556866,
        "dvar": 0.0977154821157,
        "dvar2": 0.224786713719,
        "max": 4.77557706833,
        "mean": 0.181532427669,
        "median": 0.101722568274,
        "min": -1.70835661888,
        "var": 0.308768153191
    },
    "erbbands_spread": {
        "dmean": 7.23084688187,
        "dmean2": 10.9262542725,
        "dvar": 66.5151824951,
        "dvar2": 136.303085327,
        "max": 129.839202881,
        "mean": 39.7624130249,
        "median": 40.3657951355,
        "min": 1.32291138172,
        "var": 338.967498779
    },
    "hfc": {
        "dmean": 8.48643684387,
        "dmean2": 13.2398452759,
        "dvar": 279.378692627,
        "dvar2": 689.091552734,
        "max": 192.76965332,
        "mean": 24.6831169128,
        "median": 17.3943405151,
        "min": 1.06891838939e-16,
        "var": 659.193603516
    },
    "melbands_crest": {
        "dmean": 3.81273627281,
        "dmean2": 6.07392930984,
        "dvar": 14.8576440811,
        "dvar2": 33.3188896179,
        "max": 39.9372520447,
        "mean": 15.7382259369,
        "median": 14.2026576996,
        "min": 1.74740004539,
        "var": 50.5958175659
    },
    "melbands_flatness_db": {
        "dmean": 0.0298006292433,
        "dmean2": 0.0461956225336,
        "dvar": 0.0011870325543,
        "dvar2": 0.0025472661946,
        "max": 0.505150139332,
        "mean": 0.182605102658,
        "median": 0.174799531698,
        "min": 0.0034192011226,
        "var": 0.00551352510229
    },
    "melbands_kurtosis": {
        "dmean": 10.4321250916,
        "dmean2": 15.2195253372,
        "dvar": 1097.30029297,
        "dvar2": 2412.69555664,
        "max": 2429.86914062,
        "mean": 18.1457901001,
        "median": 5.41973972321,
        "min": -1.46062088013,
        "var": 1700.12719727
    },
    "melbands_skewness": {
        "dmean": 0.872390508652,
        "dmean2": 1.30559134483,
        "dvar": 1.52381360531,
        "dvar2": 2.95174026489,
        "max": 43.9113311768,
        "mean": 2.88432192802,
        "median": 2.13233113289,
        "min": -1.7732912302,
        "var": 6.00325870514
    },
    "melbands_spread": {
        "dmean": 7.54639005661,
        "dmean2": 12.0937681198,
        "dvar": 87.6722488403,
        "dvar2": 202.598190308,
        "max": 202.724349976,
        "mean": 25.9809017181,
        "median": 24.101108551,
        "min": 0.219485372305,
        "var": 275.940032959
    },
    "pitch_salience": {
        "dmean": 0.082243680954,
        "dmean2": 0.126744970679,
        "dvar": 0.00674829958007,
        "dvar2": 0.0148056205362,
        "max": 0.963257312775,
        "mean": 0.503155171871,
        "median": 0.519539177418,
        "min": 0.00717766070738,
        "var": 0.023257182911
    },
    "silence_rate_20dB": {
        "dmean": 0.000162892974913,
        "dmean2": 0.00032581249252,
        "dvar": 0.000162863565492,
        "dvar2": 0.000488601159304,
        "max": 1,
        "mean": 0.999918580055,
        "median": 1,
        "min": 0,
        "var": 8.1432510342e-05
    },
    "silence_rate_30dB": {
        "dmean": 0.0563609711826,
        "dmean2": 0.11273112148,
        "dvar": 0.0531821027398,
        "dvar2": 0.114674881101,
        "max": 1,
        "mean": 0.912777900696,
        "median": 1,
        "min": 0,
        "var": 0.079622335732
    },
    "silence_rate_60dB": {
        "dmean": 0.0127056520432,
        "dmean2": 0.0254133753479,
        "dvar": 0.0125454338267,
        "dvar2": 0.0296536851674,
        "max": 1,
        "mean": 0.137959122658,
        "median": 0,
        "min": 0,
        "var": 0.118936948478
    },
    "spectral_centroid": {
        "dmean": 253.004196167,
        "dmean2": 397.228668213,
        "dvar": 95380.109375,
        "dvar2": 197728.375,
        "max": 11619.7431641,
        "mean": 1650.72302246,
        "median": 1668.0826416,
        "min": 208.890258789,
        "var": 628018.125
    },
    "spectral_complexity": {
        "dmean": 3.75647497177,
        "dmean2": 5.99478721619,
        "dvar": 16.5819358826,
        "dvar2": 37.9300003052,
        "max": 60,
        "mean": 24.1849498749,
        "median": 23,
        "min": 0,
        "var": 189.290435791
    },
    "spectral_decrease": {
        "dmean": 3.31285998634e-09,
        "dmean2": 4.93783947064e-09,
        "dvar": 3.55883473592e-17,
        "dvar2": 6.93404794901e-17,
        "max": 1.40724426955e-28,
        "mean": -9.0778762285e-09,
        "median": -5.41709521684e-09,
        "min": -8.72917382821e-08,
        "var": 1.1488498446e-16
    },
    "spectral_energy": {
        "dmean": 0.0128952013329,
        "dmean2": 0.0190698727965,
        "dvar": 0.000511255173478,
        "dvar2": 0.000987416715361,
        "max": 0.336894124746,
        "mean": 0.036500968039,
        "median": 0.0226729754359,
        "min": 9.90851948458e-21,
        "var": 0.00173794687726
    },
    "spectral_energyband_high": {
        "dmean": 0.00067252170993,
        "dmean2": 0.00104998832103,
        "dvar": 2.03160561796e-06,
        "dvar2": 5.15153351444e-06,
        "max": 0.0141615075991,
        "mean": 0.00146467518061,
        "median": 0.000723398232367,
        "min": 6.87547759172e-21,
        "var": 4.00917224397e-06
    },
    "spectral_energyband_low": {
        "dmean": 0.0108531881124,
        "dmean2": 0.0154783278704,
        "dvar": 0.000456595618743,
        "dvar2": 0.000920570222661,
        "max": 0.316198855639,
        "mean": 0.0226205121726,
        "median": 0.00746336486191,
        "min": 8.508623747e-24,
        "var": 0.001312973327
    },
    "spectral_energyband_middle_high": {
        "dmean": 0.00202483101748,
        "dmean2": 0.00335191236809,
        "dvar": 1.19357537187e-05,
        "dvar2": 3.20110884786e-05,
        "max": 0.0431171767414,
        "mean": 0.00520732207224,
        "median": 0.00409448286518,
        "min": 1.23107063076e-21,
        "var": 2.24583418458e-05
    },
    "spectral_energyband_middle_low": {
        "dmean": 0.00644016778097,
        "dmean2": 0.0109860170633,
        "dvar": 0.00032793165883,
        "dvar2": 0.000874895544257,
        "max": 0.184549331665,
        "mean": 0.0091468654573,
        "median": 0.0054186321795,
        "min": 2.08677148066e-22,
        "var": 0.00026656256523
    },
    "spectral_entropy": {
        "dmean": 0.139442279935,
        "dmean2": 0.21872985363,
        "dvar": 0.0350832268596,
        "dvar2": 0.0868017077446,
        "max": 9.82800197601,
        "mean": 7.81842088699,
        "median": 7.9790263176,
        "min": 5.54602432251,
        "var": 0.241704314947
    },
    "spectral_flux": {
        "dmean": 0.0296977423131,
        "dmean2": 0.0433185659349,
        "dvar": 0.00164044625126,
        "dvar2": 0.00265203788877,
        "max": 0.553598165512,
        "mean": 0.0924616828561,
        "median": 0.0738865956664,
        "min": 6.25553081557e-11,
        "var": 0.00622701551765
    },
    "spectral_kurtosis": {
        "dmean": 1.69904279709,
        "dmean2": 2.82026147842,
        "dvar": 20.1071434021,
        "dvar2": 52.5840606689,
        "max": 94.4024505615,
        "mean": 4.95677614212,
        "median": 3.18632936478,
        "min": -1.25472509861,
        "var": 60.157245636
    },
    "spectral_rms": {
        "dmean": 0.000881144020241,
        "dmean2": 0.00127269281074,
        "dvar": 1.38104530834e-06,
        "dvar2": 2.5336194085e-06,
        "max": 0.0181294567883,
        "mean": 0.00511615397409,
        "median": 0.00470318784937,
        "min": 3.10915551117e-12,
        "var": 9.43548002397e-06
    },
    "spectral_rolloff": {
        "dmean": 594.817504883,
        "dmean2": 959.46282959,
        "dvar": 846063.25,
        "dvar2": 1815179.625,
        "max": 19422.9492188,
        "mean": 1629.8059082,
        "median": 1313.52539062,
        "min": 21.533203125,
        "var": 2912178.25
    },
    "spectral_skewness": {
        "dmean": 0.181679949164,
        "dmean2": 0.300793975592,
        "dvar": 0.0862426832318,
        "dvar2": 0.230177864432,
        "max": 7.52185916901,
        "mean": 1.54936432838,
        "median": 1.39431941509,
        "min": -0.0683603063226,
        "var": 0.409561365843
    },
    "spectral_spread": {
        "dmean": 493809.125,
        "dmean2": 749765.3125,
        "dvar": 494414659584,
        "dvar2": 999707705344,
        "max": 42593708,
        "mean": 5015007.5,
        "median": 5042897,
        "min": 738167.625,
        "var": 6.7990102999e+12
    },
    "spectral_strongpeak": {
        "dmean": 0.327406346798,
        "dmean2": 0.558643400669,
        "dvar": 0.324238151312,
        "dvar2": 0.817476689816,
        "max": 6.14175844193,
        "mean": 0.574505031109,
        "median": 0.368389755487,
        "min": 0,
        "var": 0.391076058149
    },
    "zerocrossingrate": {
        "dmean": 0.0113379238173,
        "dmean2": 0.0133964139968,
        "dvar": 0.000178404210601,
        "dvar2": 0.000209723366424,
        "max": 0.75341796875,
        "mean": 0.0676041468978,
        "median": 0.05810546875,
        "min": 0,
        "var": 0.00204482022673
    },
    "barkbands": {
        "dmean": [0.000430069485446, 0.00842299871147, 0.00510243838653, 0.00383010483347, 0.00198227283545, 0.000660798221361, 0.000392373360228, 0.000561842578463, 0.000622444902547, 0.000576567952521, 0.000401806173613, 0.000454084249213, 0.000432491389802, 0.00024586127256, 0.000304084474919, 0.000224997478654, 0.000263932277448, 0.000179220747668, 0.000199931993848, 0.000161370058777, 0.000127303501358, 0.000136837770697, 0.000117951938591, 0.000106678904558, 0.00010938871128, 7.72995917941e-05, 2.2037569579e-05],
        "dmean2": [0.000597638951149, 0.0122180776671, 0.0081611033529, 0.00723655987531, 0.00317450147122, 0.0011191603262, 0.000637252116576, 0.000884817447513, 0.000988874700852, 0.00091775006149, 0.000662172446027, 0.000741023512091, 0.000712106528226, 0.000430650135968, 0.000519321009051, 0.000384792976547, 0.000460369512439, 0.000305985740852, 0.000335484626703, 0.000280045846011, 0.000215668507735, 0.000231957237702, 0.000192170846276, 0.00016603586846, 0.000170436876942, 0.000115001435915, 3.75757772417e-05],
        "dvar": [1.08999097392e-06, 0.000281069224002, 0.000289676012471, 0.000207130680792, 6.60010991851e-05, 2.44195803134e-06, 7.56096540044e-07, 1.50973323798e-06, 1.29939837734e-06, 1.29466366161e-06, 6.1309361854e-07, 7.78343405727e-07, 9.4446068033e-07, 2.6196539693e-07, 2.72660059863e-07, 1.67970512166e-07, 2.47001850084e-07, 6.85040504322e-08, 9.31849726271e-08, 1.07264376936e-07, 7.46075698999e-08, 7.80300837278e-08, 5.93068634203e-08, 5.06173627457e-08, 6.41191419959e-08, 3.68838151132e-08, 3.92746102307e-09],
        "dvar2": [1.9862109184e-06, 0.000582394422963, 0.000700616277754, 0.000600976054557, 0.000155329573317, 6.92217054166e-06, 1.86458817097e-06, 3.66300264432e-06, 3.20901085615e-06, 3.04203194901e-06, 1.51463541442e-06, 1.83513168395e-06, 2.35843958762e-06, 7.27649137389e-07, 7.3102182796e-07, 4.5828667794e-07, 7.08653544734e-07, 1.88459011952e-07, 2.46414600724e-07, 3.04277989471e-07, 2.08386651934e-07, 2.10623355201e-07, 1.52789922936e-07, 1.14769896697e-07, 1.54237866923e-07, 8.4231210451e-08, 1.06945758915e-08],
        "max": [0.0311756804585, 0.291417479515, 0.220565110445, 0.15071618557, 0.180665299296, 0.0298307016492, 0.0236283410341, 0.0307032205164, 0.0226668920368, 0.0208189189434, 0.021333578974, 0.0214641820639, 0.0312547199428, 0.0124148866162, 0.0108270971105, 0.00734745617956, 0.00689582340419, 0.00364359677769, 0.00533349392936, 0.00523579772562, 0.00427890988067, 0.00330719561316, 0.00268756877631, 0.00294811697677, 0.00341918529011, 0.00270588882267, 0.000788775912952],
        "mean": [0.000681239413098, 0.015337866731, 0.00485189072788, 0.00284964684397, 0.00219035916962, 0.00113668490667, 0.00064980314346, 0.000885574962012, 0.00106087955646, 0.000916344579309, 0.000581313564908, 0.00068336474942, 0.000655874027871, 0.000364362989785, 0.000470427097753, 0.000373057846446, 0.000418188719777, 0.000358646851964, 0.000419141491875, 0.000319315382512, 0.00026166747557, 0.000266649352852, 0.000225838637562, 0.000210979487747, 0.00018918288697, 0.000118529656902, 2.40823264903e-05],
        "median": [7.36148067517e-05, 0.00343864946626, 0.000928034598473, 0.000570036994759, 0.000795393774752, 0.00055844389135, 0.000272519915598, 0.000366710388334, 0.000514207407832, 0.000436456641182, 0.000299830862787, 0.00034381786827, 0.000362784223398, 0.000193978106836, 0.000275564991171, 0.000246234470978, 0.000272401463008, 0.000261515931925, 0.000293167657219, 0.00020531831251, 0.000167177349795, 0.000137400857056, 9.37315926421e-05, 8.18852859084e-05, 5.79435181862e-05, 3.00867559417e-05, 2.53820530816e-06],
        "min": [1.99582775376e-24, 4.06917923525e-24, 1.21088916356e-24, 6.23969057292e-25, 7.79706726619e-24, 1.16743833019e-23, 1.99353149799e-23, 9.95901551873e-24, 1.10346541843e-23, 1.47902663373e-23, 2.22904828783e-23, 3.83878743806e-23, 3.37059565091e-23, 4.13603432922e-23, 6.71810670737e-23, 5.71485170969e-23, 6.96761142101e-23, 1.04360024739e-22, 1.24033660357e-22, 2.06383519207e-22, 2.42570033055e-22, 3.76652935686e-22, 3.96696490271e-22, 5.69907651107e-22, 8.77674778681e-22, 1.36583503348e-21, 2.05626477795e-21],
        "var": [2.35680863625e-06, 0.000745515921153, 0.00025338321575, 0.00011674430425, 6.19564088993e-05, 3.6965398067e-06, 1.47164359987e-06, 2.37352764998e-06, 2.49757044912e-06, 2.22548624151e-06, 8.46382022246e-07, 1.18185153042e-06, 1.1794194279e-06, 3.04518124494e-07, 4.1866840661e-07, 2.22410193373e-07, 2.85153163304e-07, 1.41873371717e-07, 2.1128872163e-07, 1.58937581318e-07, 1.1338295991e-07, 1.33226762955e-07, 1.07519397829e-07, 1.04317962268e-07, 1.09820120997e-07, 5.79799674938e-08, 3.93531163212e-09]
    },
    "erbbands": {
        "dmean": [0.284704297781, 1.94007146358, 5.62286710739, 9.64929008484, 7.42775297165, 7.30603218079, 7.02088022232, 5.22761964798, 5.72849416733, 6.97554636002, 13.0799322128, 16.2092113495, 15.3778505325, 15.5056476593, 18.9721851349, 20.0580844879, 20.009803772, 13.0182704926, 16.8339691162, 11.7176513672, 12.3881940842, 12.0906906128, 10.0701284409, 10.7151384354, 9.66320323944, 7.58606433868, 5.79274940491, 4.85963153839, 5.08299589157, 3.58547115326, 3.59878706932, 2.60556173325, 1.6378647089, 1.25561761856, 0.799049377441, 0.362861067057, 0.136671990156, 0.0360489189625, 0.00359217589721, 5.91492062085e-05],
        "dmean2": [0.397971838713, 2.75746917725, 8.98573207855, 16.7997150421, 13.3510065079, 11.9652833939, 10.5177736282, 8.73550128937, 9.1144657135, 11.1247110367, 21.0970153809, 25.5843925476, 24.5683422089, 24.9040145874, 31.2279472351, 32.2218589783, 32.9421615601, 22.2238883972, 28.7439880371, 20.4020252228, 21.3091487885, 21.1472530365, 17.2723064423, 17.980796814, 16.5072193146, 13.1313915253, 9.9410982132, 8.27645874023, 8.6672668457, 5.89247941971, 5.9179444313, 4.11962795258, 2.59099626541, 1.96895730495, 1.26065337658, 0.553197562695, 0.203040525317, 0.0577949471772, 0.00619149766862, 9.73368078121e-05],
        "dvar": [0.353197515011, 15.9901285172, 333.648468018, 1114.61950684, 544.943908691, 1261.21508789, 844.216918945, 123.625785828, 149.251144409, 335.91293335, 896.192565918, 884.964599609, 1015.47131348, 1069.04541016, 1426.43530273, 1671.86254883, 1964.31286621, 604.29083252, 889.995361328, 453.33605957, 627.459411621, 573.284301758, 223.184707642, 316.49118042, 251.109039307, 235.09664917, 148.964126587, 105.749488831, 112.77204895, 44.6471366882, 61.6358718872, 30.1233386993, 11.6716241837, 8.04260635376, 3.61834335327, 0.777204215527, 0.11392082274, 0.00821309257299, 0.000114153459435, 2.23437375269e-08],
        "dvar2": [0.718873441219, 31.2661762238, 826.477966309, 3005.97631836, 1513.13061523, 3115.78149414, 1733.55285645, 333.693115234, 361.558166504, 772.926635742, 2229.35351562, 2156.98583984, 2368.45019531, 2550.70092773, 3491.77050781, 3953.07836914, 4937.04003906, 1616.23510742, 2396.89672852, 1265.18359375, 1769.42895508, 1656.55822754, 615.088562012, 841.223449707, 704.884094238, 663.444458008, 414.132415771, 298.362030029, 306.656829834, 112.735534668, 160.124313354, 70.889503479, 26.9109897614, 19.0418968201, 8.80294132233, 1.78270947933, 0.257220476866, 0.0205614659935, 0.000313117343467, 5.84834118911e-08],
        "max": [11.2669229507, 77.0111999512, 230.074417114, 411.639923096, 250.740432739, 835.733459473, 768.488952637, 262.322998047, 524.688415527, 651.913818359, 776.52532959, 598.792053223, 838.740539551, 760.366882324, 1076.05859375, 1082.88012695, 1345.84667969, 648.675842285, 625.798095703, 329.751312256, 352.18081665, 280.426055908, 205.654693604, 357.739013672, 232.251983643, 242.113815308, 141.608459473, 173.095779419, 138.512374878, 86.8553619385, 97.0280456543, 64.6997528076, 52.0785064697, 45.8852500916, 23.314283371, 11.661154747, 4.51307535172, 1.1329458952, 0.134938195348, 0.00194650096819],
        "mean": [0.502847909927, 3.19711017609, 5.64146566391, 8.5732126236, 6.65135955811, 7.57296895981, 9.90986442566, 8.97441482544, 10.6827850342, 11.5458087921, 20.2761478424, 28.6884880066, 26.1098957062, 24.5365791321, 28.2466945648, 31.9751739502, 31.2349720001, 21.8937263489, 26.7564315796, 19.6479225159, 21.3935661316, 20.619052887, 20.1483039856, 21.8080482483, 19.6546173096, 15.2284832001, 11.5470170975, 10.0752191544, 9.63464164734, 7.47404813766, 6.48890972137, 4.90634202957, 3.21012973785, 2.21772551537, 1.30596137047, 0.57363986969, 0.20385800302, 0.0501417815685, 0.0036853631027, 0.000103829603177],
        "median": [0.11237180233, 0.727754771709, 1.42508685589, 2.24037766457, 1.73124921322, 2.42346215248, 4.33495426178, 3.80147457123, 4.378282547, 4.90611934662, 9.63651752472, 14.3378515244, 12.4619560242, 13.5047092438, 14.8573493958, 17.203748703, 17.8277072906, 13.351978302, 16.0026798248, 12.94444561, 14.9736680984, 13.9365005493, 14.7344818115, 14.6646289825, 13.7971773148, 9.8908662796, 7.47440624237, 6.03726053238, 4.82525062561, 3.66012954712, 2.73315525055, 1.87056815624, 1.21936106682, 0.732538223267, 0.371996194124, 0.153781548142, 0.0499060451984, 0.010405764915, 0.000338691403158, 4.83309195261e-05],
        "min": [1.35751072077e-22, 6.2602441387e-22, 1.73151863739e-21, 2.86320208372e-21, 1.19960487009e-20, 1.93035746819e-20, 5.46765738663e-20, 7.43593753161e-20, 2.2320049698e-19, 2.33011091689e-19, 3.97233533446e-19, 2.97759688113e-19, 5.21130506751e-19, 5.36066855373e-19, 8.52623912713e-19, 1.37367888753e-18, 2.15182950665e-18, 1.98533149103e-18, 2.76873067453e-18, 2.76607046168e-18, 3.79287002197e-18, 4.84440559129e-18, 6.89926161281e-18, 6.96274400251e-18, 6.16189999348e-18, 9.70314043234e-18, 9.1888954804e-18, 1.0468594346e-17, 1.269409566e-17, 1.27147528414e-17, 1.16027325849e-17, 8.96204698768e-18, 1.1487036487e-17, 7.89906944253e-18, 6.34866538167e-18, 4.66259046547e-18, 2.63327509294e-18, 1.096032613e-18, 2.50999271483e-19, 2.63310846774e-20],
        "var": [0.921201229095, 36.3569335938, 295.053009033, 776.190185547, 365.556610107, 1070.4407959, 1021.42468262, 266.682098389, 526.802856445, 546.391479492, 1184.53308105, 1804.93835449, 2051.38793945, 1478.5925293, 1947.47619629, 2506.97705078, 2461.48242188, 847.990905762, 1387.45483398, 585.596984863, 716.666320801, 648.932922363, 445.895050049, 646.625732422, 467.230438232, 356.747772217, 214.37828064, 170.77255249, 182.372970581, 99.1206359863, 96.4857788086, 57.8208770752, 24.2126216888, 14.3024625778, 5.67229890823, 1.24979305267, 0.179593011737, 0.011308984831, 0.000106966210296, 2.98975741941e-08]
    },
    "gfcc": {
        "mean": [-2.94292855263, 76.3600158691, -116.463813782, 27.2621898651, -50.9334373474, 21.6415023804, -27.5853595734, 14.4324617386, -21.9966564178, 5.30266237259, -14.5656442642, 2.90771651268, -11.7469520569],
        "cov": [[24919.3730469, -2496.83984375, 1566.22216797, 2686.11230469, 48.6643600464, 834.918640137, -285.724060059, 781.564758301, -496.774871826, 497.517944336, -349.855194092, 517.309509277, -520.649169922], [-2496.83984375, 1799.42224121, -594.795166016, -146.176956177, 109.835418701, -183.509490967, 160.564315796, -202.138595581, 163.235305786, -177.210983276, 149.86857605, -191.968505859, 148.365966797], [1566.22216797, -594.795166016, 791.874084473, 450.37677002, 186.983306885, 154.720199585, 34.5627746582, 152.353729248, -47.0053482056, 100.025947571, -26.1126766205, 107.334747314, -69.178024292], [2686.11230469, -146.176956177, 450.37677002, 731.90826416, 205.586090088, 154.634414673, 93.4216384888, 134.427520752, -1.15574753284, 79.288520813, 28.0268917084, 91.3684463501, -33.7190513611], [48.6643600464, 109.835418701, 186.983306885, 205.586090088, 242.803283691, 66.7343902588, 96.2456359863, 17.8195056915, 31.6258602142, -4.37432050705, 30.9284820557, 3.57911372185, 1.52818048], [834.918640137, -183.509490967, 154.720199585, 154.634414673, 66.7343902588, 183.546783447, 55.2311706543, 99.2709655762, 7.26822662354, 59.6999969482, 2.46124076843, 38.1459197998, -9.00198554993], [-285.724060059, 160.564315796, 34.5627746582, 93.4216384888, 96.2456359863, 55.2311706543, 149.791107178, 45.6450500488, 64.7880020142, 0.0919476374984, 47.0779685974, 0.392233401537, 27.8813457489], [781.564758301, -202.138595581, 152.353729248, 134.427520752, 17.8195056915, 99.2709655762, 45.6450500488, 172.989608765, 33.5287399292, 88.7691802979, 13.7639274597, 59.4585800171, -1.29774653912], [-496.774871826, 163.235305786, -47.0053482056, -1.15574753284, 31.6258602142, 7.26822662354, 64.7880020142, 33.5287399292, 111.23348999, 34.6472892761, 53.1336936951, -6.86359930038, 33.9772758484], [497.517944336, -177.210983276, 100.025947571, 79.288520813, -4.37432050705, 59.6999969482, 0.0919476374984, 88.7691802979, 34.6472892761, 123.811889648, 41.33934021, 60.8811836243, -0.261682152748], [-349.855194092, 149.86857605, -26.1126766205, 28.0268917084, 30.9284820557, 2.46124076843, 47.0779685974, 13.7639274597, 53.1336936951, 41.33934021, 102.783729553, 36.4106788635, 43.8525314331], [517.309509277, -191.968505859, 107.334747314, 91.3684463501, 3.57911372185, 38.1459197998, 0.392233401537, 59.4585800171, -6.86359930038, 60.8811836243, 36.4106788635, 101.711364746, 22.9724578857], [-520.649169922, 148.365966797, -69.178024292, -33.7190513611, 1.52818048, -9.00198554993, 27.8813457489, -1.29774653912, 33.9772758484, -0.261682152748, 43.8525314331, 22.9724578857, 87.9461517334]],
        "icov": [[0.000131335749757, -3.27541747538e-05, 0.000190980732441, -0.000531965284608, 0.00017566785391, -0.000255994003965, 0.000314240227453, -0.000228553646593, 0.00023889572185, -9.04538464965e-05, 0.000384802930057, -0.000404436024837, 0.000467995647341], [-3.27541747538e-05, 0.00187931978144, 0.000832979741972, -0.000551996927243, -0.000735326262657, 0.000924665422644, -0.000395846989704, 7.70315527916e-05, -0.000337165896781, 0.00117864238564, -0.00284020695835, 0.00373137183487, -0.00211139768362], [0.000190980732441, 0.000832979741972, 0.00368959107436, -0.00185099989176, -0.0021155832801, 0.000255258695688, 0.000282219116343, -0.00124067615252, 0.00139905605465, -0.00102430663537, 0.00110586732626, -0.000840772583615, 0.000997658702545], [-0.000531965284608, -0.000551996927243, -0.00185099989176, 0.00504321046174, -0.00173202273436, 0.00031861916068, -0.00171077274717, 0.000353394076228, -0.000415733404225, -3.38089485012e-05, -0.000982643687166, -0.000764619326219, -0.000279948872048], [0.00017566785391, -0.000735326262657, -0.0021155832801, -0.00173202273436, 0.00933515559882, -0.00255930703133, -0.0024122048635, 0.00222105113789, -0.00148363120388, 0.00193501613103, -0.000793398823589, -0.000444826029707, 0.00141638156492], [-0.000255994003965, 0.000924665422644, 0.000255258695688, 0.00031861916068, -0.00255930703133, 0.0113505246118, -0.00447162939236, -0.00282729021274, 0.00283687119372, -0.00411163270473, 0.000909604597837, 0.00288298167288, -0.00248514069244], [0.000314240227453, -0.000395846989704, 0.000282219116343, -0.00171077274717, -0.0024122048635, -0.00447162939236, 0.0174133703113, -0.0051232711412, -0.00612255651504, 0.00816207844764, -0.00467449566349, -0.000237293046666, 0.000864802044816], [-0.000228553646593, 7.70315527916e-05, -0.00124067615252, 0.000353394076228, 0.00222105113789, -0.00282729021274, -0.0051232711412, 0.0154186626896, -0.00398063939065, -0.0064348182641, 0.0045716506429, -0.00362690258771, -0.000613112584688], [0.00023889572185, -0.000337165896781, 0.00139905605465, -0.000415733404225, -0.00148363120388, 0.00283687119372, -0.00612255651504, -0.00398063939065, 0.0225525889546, -0.0100507615134, -0.00320625305176, 0.00799874216318, -0.00411091931164], [-9.04538464965e-05, 0.00117864238564, -0.00102430663537, -3.38089485012e-05, 0.00193501613103, -0.00411163270473, 0.00816207844764, -0.0064348182641, -0.0100507615134, 0.026397626847, -0.0113296080381, -0.00438936660066, 0.00427780812606], [0.000384802930057, -0.00284020695835, 0.00110586732626, -0.000982643687166, -0.000793398823589, 0.000909604597837, -0.00467449566349, 0.0045716506429, -0.00320625305176, -0.0113296080381, 0.0288452003151, -0.0142787061632, -0.000229379409575], [-0.000404436024837, 0.00373137183487, -0.000840772583615, -0.000764619326219, -0.000444826029707, 0.00288298167288, -0.000237293046666, -0.00362690258771, 0.00799874216318, -0.00438936660066, -0.0142787061632, 0.0329830832779, -0.013918183744], [0.000467995647341, -0.00211139768362, 0.000997658702545, -0.000279948872048, 0.00141638156492, -0.00248514069244, 0.000864802044816, -0.000613112584688, -0.00411091931164, 0.00427780812606, -0.000229379409575, -0.013918183744, 0.0231692381203]]
    },
    "melbands": {
        "dmean": [0.00236676796339, 0.00252198218368, 0.00157132919412, 0.00048106192844, 0.000272751669399, 0.000117297735414, 8.66252594278e-05, 8.27925832709e-05, 0.000106687817606, 0.000102312820673, 7.68760000938e-05, 6.54698378639e-05, 5.61801025469e-05, 5.89350565861e-05, 3.98383708671e-05, 4.49353428849e-05, 2.42529931711e-05, 2.74018511845e-05, 1.78988120751e-05, 1.82421681529e-05, 1.59156352311e-05, 1.39916628541e-05, 1.21589919218e-05, 8.41330893309e-06, 9.68389031186e-06, 7.85807515058e-06, 6.30730983175e-06, 5.32897001904e-06, 3.92155970985e-06, 3.72727026843e-06, 2.9515465485e-06, 3.30583293362e-06, 2.50594484896e-06, 1.93569781004e-06, 2.11723840948e-06, 2.0528884761e-06, 1.59104286013e-06, 1.1921655414e-06, 1.15644991183e-06, 1.05654135041e-06],
        "dmean2": [0.00346477353014, 0.00373679492623, 0.00270472839475, 0.000818124157377, 0.000414522219216, 0.000197551358724, 0.000138087416417, 0.000131159700686, 0.000172830594238, 0.000161282514455, 0.000123170975712, 0.00010510894208, 9.30040769163e-05, 9.59549943218e-05, 6.54733885312e-05, 7.38645685487e-05, 4.1825525841e-05, 4.70114937343e-05, 3.10803588945e-05, 3.12382944685e-05, 2.75000784313e-05, 2.44656584982e-05, 2.11191054404e-05, 1.43526167449e-05, 1.6315449102e-05, 1.32554087031e-05, 1.10150613182e-05, 9.17256511457e-06, 6.72871101415e-06, 6.37308585283e-06, 5.06022843183e-06, 5.71304963159e-06, 4.20211245e-06, 3.20134699905e-06, 3.51885546479e-06, 3.35972322318e-06, 2.55108352576e-06, 1.93981736629e-06, 1.83299755463e-06, 1.68672625023e-06],
        "dvar": [2.32437578234e-05, 4.62447860627e-05, 2.81447519228e-05, 2.36026335187e-06, 1.94847393686e-06, 6.62493420123e-08, 3.29115366071e-08, 4.41238583448e-08, 5.71934926086e-08, 3.63719863117e-08, 2.53552645546e-08, 2.06474322084e-08, 1.19864838055e-08, 1.16405942663e-08, 5.30272847854e-09, 1.3045835523e-08, 2.36173280932e-09, 2.31571273268e-09, 1.02950270531e-09, 9.39693212132e-10, 1.17369958197e-09, 7.69965757819e-10, 3.6352210131e-10, 1.50568169044e-10, 2.7437804806e-10, 1.32948568821e-10, 1.88446216964e-10, 1.00805259973e-10, 5.64175824114e-11, 6.55817414263e-11, 3.63026865513e-11, 5.00825145244e-11, 2.35405844123e-11, 1.28468503197e-11, 1.98277210622e-11, 1.9795264386e-11, 1.16060694041e-11, 6.12528344018e-12, 5.82131391702e-12, 5.83908702639e-12],
        "dvar2": [4.82024624944e-05, 0.000104662125523, 7.50789113226e-05, 6.04746401223e-06, 4.21632512371e-06, 1.81699860491e-07, 7.98374415467e-08, 1.02196096918e-07, 1.43774713024e-07, 8.82057591411e-08, 5.93592019982e-08, 4.9027715221e-08, 2.99601445874e-08, 2.73410449836e-08, 1.32158746169e-08, 3.23892948018e-08, 6.3499019376e-09, 6.32113472676e-09, 2.83814061142e-09, 2.49893328252e-09, 3.33683591869e-09, 2.21420370927e-09, 1.02821673398e-09, 4.16519235769e-10, 7.29759308538e-10, 3.59731078259e-10, 5.52169199253e-10, 2.78029654854e-10, 1.55740101371e-10, 1.84251350288e-10, 1.01793955209e-10, 1.39289912937e-10, 6.11093675662e-11, 3.30786578684e-11, 5.18632879698e-11, 5.07211182776e-11, 2.71556249709e-11, 1.48027406305e-11, 1.32184835994e-11, 1.38903194502e-11],
        "max": [0.0840487778187, 0.0982603356242, 0.0642320811749, 0.0285262912512, 0.0299241840839, 0.00683843018487, 0.00707341823727, 0.00774341681972, 0.00596962915733, 0.00406856928021, 0.00412207795307, 0.00338628934696, 0.00290781469084, 0.0023729566019, 0.00149955553934, 0.00422976212576, 0.00148239789996, 0.0009103861521, 0.000483788724523, 0.000647332635708, 0.000478104513604, 0.000313985801768, 0.000275033118669, 0.000170390194398, 0.000340962229529, 0.000197717919946, 0.000240709981881, 0.000145919359056, 8.84863111423e-05, 0.000122196070151, 0.000100112629298, 9.20288002817e-05, 7.47087906348e-05, 5.20015564689e-05, 5.57354796911e-05, 5.5187214457e-05, 4.28919702244e-05, 3.51621238224e-05, 4.273893137e-05, 4.0632148739e-05],
        "mean": [0.00442809332162, 0.00344018009491, 0.0014379536733, 0.00047546296264, 0.000359311175998, 0.000204000389203, 0.00015817421081, 0.000135944283102, 0.000163538468769, 0.000177545574843, 0.000126520812046, 9.84915604931e-05, 8.16500687506e-05, 8.9659144578e-05, 6.5454543801e-05, 6.64462422719e-05, 3.7001176679e-05, 4.22300327045e-05, 2.73278274108e-05, 2.91213364108e-05, 2.49590902968e-05, 2.19324610953e-05, 2.03894269362e-05, 1.65373476193e-05, 1.77779056685e-05, 1.52513248395e-05, 1.15721804832e-05, 9.91563865682e-06, 7.21687047189e-06, 6.73940303386e-06, 5.62135574e-06, 5.71143755224e-06, 4.72625242764e-06, 3.8593843783e-06, 3.72625140699e-06, 3.42191128766e-06, 2.88175760943e-06, 2.24097561841e-06, 2.07288121601e-06, 1.79664812094e-06],
        "median": [0.00104805338196, 0.000975573377218, 0.000385029212339, 0.000142250268254, 0.000147694328916, 8.8638458692e-05, 6.40344514977e-05, 5.75255253352e-05, 7.82396091381e-05, 8.50639407872e-05, 5.91820571572e-05, 5.03718183609e-05, 4.29093342973e-05, 4.68991347589e-05, 3.85924140573e-05, 3.43764113495e-05, 1.94976510102e-05, 2.46475283348e-05, 1.65262081282e-05, 1.81181694643e-05, 1.61545776791e-05, 1.40635420394e-05, 1.41839082062e-05, 1.18181897051e-05, 1.13463775051e-05, 1.05100243672e-05, 7.26692724129e-06, 6.20769014859e-06, 4.57336091131e-06, 4.00982071369e-06, 3.13713212563e-06, 2.83745339402e-06, 2.19302705773e-06, 1.79996459337e-06, 1.59829187396e-06, 1.28677550038e-06, 1.05902040559e-06, 8.58309704199e-07, 7.34996092433e-07, 5.73456361508e-07],
        "min": [1.8362265987e-24, 8.33176251256e-25, 8.72302568863e-25, 1.38084589293e-24, 1.88568561366e-24, 1.75463865958e-24, 3.28244352131e-24, 2.45273953993e-24, 2.8256881268e-24, 1.73091406229e-24, 2.52566637796e-24, 1.668477891e-24, 3.08449761259e-24, 4.84463147723e-24, 2.78792673578e-24, 3.73681438651e-24, 3.49508610591e-24, 3.59842254575e-24, 5.09492363183e-24, 3.46942051635e-24, 4.08786853339e-24, 4.00322454712e-24, 3.46632265958e-24, 5.20593016626e-24, 4.75793921362e-24, 4.00180499192e-24, 5.71172805716e-24, 5.90720660618e-24, 5.2126646718e-24, 3.98772776906e-24, 5.22310366816e-24, 5.43931072076e-24, 5.32091177079e-24, 6.47258597797e-24, 5.63472813306e-24, 5.71740627796e-24, 5.43014967907e-24, 6.52207911116e-24, 6.39032671822e-24, 6.63733129498e-24],
        "var": [6.28340349067e-05, 6.01349202043e-05, 2.01899165404e-05, 1.91806634575e-06, 2.08916071642e-06, 1.47832437847e-07, 1.06715340564e-07, 7.35985139499e-08, 7.41439194485e-08, 7.4126951688e-08, 5.02833223948e-08, 2.79951830606e-08, 1.62527395986e-08, 1.79396870692e-08, 7.92526666515e-09, 1.50785410824e-08, 3.25314952754e-09, 3.44412520725e-09, 1.27936850003e-09, 1.41701228529e-09, 1.19523813069e-09, 8.28254742569e-10, 5.47322853706e-10, 3.1119948285e-10, 5.04188135686e-10, 2.80839407285e-10, 2.25364518713e-10, 1.5911766349e-10, 8.3914854232e-11, 8.93580417993e-11, 5.67017509334e-11, 6.94321336536e-11, 4.42579688176e-11, 2.76663865428e-11, 3.12883850773e-11, 2.99156428796e-11, 2.12727266358e-11, 1.18373227886e-11, 1.13155144976e-11, 9.88093634691e-12]
    },
    "mfcc": {
        "mean": [-638.720397949, 106.867843628, -3.22707271576, 16.0125026703, 2.64361929893, 8.27921485901, 7.032746315, 9.00846004486, 3.49764370918, 4.55469512939, 3.12795305252, 1.73457765579, 0.5862865448],
        "cov": [[13443.3984375, -1056.00366211, 900.592224121, 1203.5892334, 713.808105469, 470.75970459, 329.58581543, 360.116760254, 69.2205276489, 147.918579102, 88.7868423462, 147.974655151, 103.447692871], [-1056.00366211, 1267.16992188, -296.023956299, 61.7935066223, -49.2822036743, 5.4967956543, -5.76300096512, -10.3191099167, 11.6407461166, 2.20891571045, 38.6693077087, -29.6728210449, -10.1886978149], [900.592224121, -296.023956299, 371.154510498, 171.182312012, 135.476303101, 68.2313690186, 77.9272613525, 52.6979293823, 29.6044101715, 30.2187347412, 20.3178787231, 21.1675853729, 12.1381664276], [1203.5892334, 61.7935066223, 171.182312012, 489.770324707, 190.931976318, 145.483322144, 110.863189697, 106.603500366, 23.2865409851, 46.0655937195, 48.5637817383, 21.8115959167, 37.892742157], [713.808105469, -49.2822036743, 135.476303101, 190.931976318, 191.714141846, 102.203781128, 80.9590148926, 57.5177230835, 24.3961257935, 30.0867156982, 30.1340312958, 14.9635400772, 17.7469272614], [470.75970459, 5.4967956543, 68.2313690186, 145.483322144, 102.203781128, 141.740600586, 79.8200912476, 58.7107849121, 20.7254619598, 24.7217197418, 25.2732830048, 13.305560112, 13.2314367294], [329.58581543, -5.76300096512, 77.9272613525, 110.863189697, 80.9590148926, 79.8200912476, 121.118919373, 77.4083480835, 35.156917572, 27.6362018585, 28.258556366, 19.0728130341, 22.7724761963], [360.116760254, -10.3191099167, 52.6979293823, 106.603500366, 57.5177230835, 58.7107849121, 77.4083480835, 106.20741272, 46.5701828003, 33.7659111023, 24.0806922913, 15.969420433, 19.1972312927], [69.2205276489, 11.6407461166, 29.6044101715, 23.2865409851, 24.3961257935, 20.7254619598, 35.156917572, 46.5701828003, 82.345993042, 49.103187561, 25.2913246155, 15.0665845871, 13.2443666458], [147.918579102, 2.20891571045, 30.2187347412, 46.0655937195, 30.0867156982, 24.7217197418, 27.6362018585, 33.7659111023, 49.103187561, 80.6749572754, 50.7180976868, 20.1073970795, 9.68389225006], [88.7868423462, 38.6693077087, 20.3178787231, 48.5637817383, 30.1340312958, 25.2732830048, 28.258556366, 24.0806922913, 25.2913246155, 50.7180976868, 80.9294281006, 40.9090080261, 15.7913961411], [147.974655151, -29.6728210449, 21.1675853729, 21.8115959167, 14.9635400772, 13.305560112, 19.0728130341, 15.969420433, 15.0665845871, 20.1073970795, 40.9090080261, 84.1593170166, 47.3419570923], [103.447692871, -10.1886978149, 12.1381664276, 37.892742157, 17.7469272614, 13.2314367294, 22.7724761963, 19.1972312927, 13.2443666458, 9.68389225006, 15.7913961411, 47.3419570923, 75.1819152832]],
