{
"lowlevel": {
    "average_loudness": 0.943556725979,
    "barkbands_crest": {
        "dmean": 4.33668899536,
        "dmean2": 6.9980597496,
        "dvar": 14.1363916397,
        "dvar2": 32.4581794739,
        "max": 26.746131897,
        "mean": 15.724105835,
        "median": 15.7441720963,
        "min": 2.14156150818,
        "var": 33.5956611633
    },
    "barkbands_flatness_db": {
        "dmean": 0.0619924552739,
        "dmean2": 0.0940796881914,
        "dvar": 0.00314220529981,
        "dvar2": 0.00706468941644,
        "max": 0.820802688599,
        "mean": 0.210634693503,
        "median": 0.207925066352,
        "min": 0.0199182033539,
        "var": 0.00874412991107
    },
    "barkbands_kurtosis": {
        "dmean": 62.639995575,
        "dmean2": 104.035484314,
        "dvar": 95024.671875,
        "dvar2": 254948.015625,
        "max": 8952.68652344,
        "mean": 68.0882644653,
        "median": 26.3917121887,
        "min": -1.93526482582,
        "var": 74360.5234375
    },
    "barkbands_skewness": {
        "dmean": 2.5333480835,
        "dmean2": 3.91171550751,
        "dvar": 13.6054859161,
        "dvar2": 34.0291938782,
        "max": 72.8131103516,
        "mean": 5.33853006363,
        "median": 4.80525159836,
        "min": -4.76669931412,
        "var": 21.9303150177
    },
    "barkbands_spread": {
        "dmean": 10.2476768494,
        "dmean2": 16.6879062653,
        "dvar": 168.563613892,
        "dvar2": 395.075164795,
        "max": 131.978759766,
        "mean": 15.4852485657,
        "median": 7.85690355301,
        "min": 0.0287862606347,
        "var": 328.746856689
    },
    "dissonance": {
        "dmean": 0.0116834798828,
        "dmean2": 0.019617414102,
        "dvar": 0.000185674463864,
        "dvar2": 0.000451489526313,
        "max": 0.500000059605,
        "mean": 0.482850313187,
        "median": 0.487529933453,
        "min": 0.335875332355,
        "var": 0.000289551127935
    },
    "dynamic_complexity": 3.6757338047,
    "erbbands_crest": {
        "dmean": 2.98696780205,
        "dmean2": 4.96967220306,
        "dvar": 9.02848625183,
        "dvar2": 19.8106575012,
        "max": 27.8438110352,
        "mean": 7.91823005676,
        "median": 6.63012933731,
        "min": 2.37129950523,
        "var": 18.6343841553
    },
    "erbbands_flatness_db": {
        "dmean": 0.025451714173,
        "dmean2": 0.0392984412611,
        "dvar": 0.000686520477757,
        "dvar2": 0.00143599137664,
        "max": 0.457161486149,
        "mean": 0.123081564903,
        "median": 0.112733446062,
        "min": 0.0486859343946,
        "var": 0.00207457062788
    },
    "erbbands_kurtosis": {
        "dmean": 2.0274541378,
        "dmean2": 3.24824881554,
        "dvar": 90.7371063232,
        "dvar2": 174.963623047,
        "max": 500.94708252,
        "mean": 1.1615831852,
        "median": -0.867909908295,
        "min": -1.96965229511,
        "var": 237.746795654
    },
    "erbbands_skewness": {
        "dmean": 0.647655665874,
        "dmean2": 0.985749721527,
        "dvar": 0.590667486191,
        "dvar2": 1.1917989254,
        "max": 16.8234672546,
        "mean": 0.201682806015,
        "median": 0.0522981770337,
        "min": -6.10830259323,
        "var": 1.76972353458
    },
    "erbbands_spread": {
        "dmean": 18.2132339478,
        "dmean2": 28.100730896,
        "dvar": 280.984436035,
        "dvar2": 632.254394531,
        "max": 185.738540649,
        "mean": 70.9753341675,
        "median": 74.1871109009,
        "min": 0.820109128952,
        "var": 818.133361816
    },
    "hfc": {
        "dmean": 9.11643886566,
        "dmean2": 14.4287023544,
        "dvar": 136.839294434,
        "dvar2": 328.026245117,
        "max": 96.2805328369,
        "mean": 14.9335355759,
        "median": 11.8711309433,
        "min": 1.16871687003e-16,
        "var": 183.311569214
    },
    "melbands_crest": {
        "dmean": 4.69525909424,
        "dmean2": 7.66960430145,
        "dvar": 17.4264907837,
        "dvar2": 42.4727935791,
        "max": 39.5193595886,
        "mean": 20.7623443604,
        "median": 20.3194103241,
        "min": 1.88347661495,
        "var": 39.1317024231
    },
    "melbands_flatness_db": {
        "dmean": 0.0705787464976,
        "dmean2": 0.10638897866,
        "dvar": 0.00427392218262,
        "dvar2": 0.00960640329868,
        "max": 0.967547655106,
        "mean": 0.300975233316,
        "median": 0.308076947927,
        "min": 0.0058856960386,
        "var": 0.0129164466634
    },
    "melbands_kurtosis": {
        "dmean": 79.0997619629,
        "dmean2": 122.953186035,
        "dvar": 10391.6123047,
        "dvar2": 22196.1484375,
        "max": 2206.29736328,
        "mean": 131.452392578,
        "median": 96.2178192139,
        "min": -1.93811011314,
        "var": 22099.0214844
    },
    "melbands_skewness": {
        "dmean": 2.7689435482,
        "dmean2": 4.24010801315,
        "dvar": 6.80241203308,
        "dvar2": 14.8192644119,
        "max": 39.0076751709,
        "mean": 8.04146099091,
        "median": 7.93547677994,
        "min": -3.99225187302,
        "var": 19.3459701538
    },
    "melbands_spread": {
        "dmean": 9.14011287689,
        "dmean2": 15.0135583878,
        "dvar": 254.285171509,
        "dvar2": 602.964233398,
        "max": 216.201461792,
        "mean": 13.1819162369,
        "median": 3.8776974678,
        "min": 0.0943007171154,
        "var": 577.868225098
    },
    "pitch_salience": {
        "dmean": 0.132041841745,
        "dmean2": 0.210473909974,
        "dvar": 0.0132337603718,
        "dvar2": 0.0305984262377,
        "max": 0.921954512596,
        "mean": 0.424553155899,
        "median": 0.425275653601,
        "min": 0.0170113090426,
        "var": 0.0331653319299
    },
    "silence_rate_20dB": {
        "dmean": 0,
        "dmean2": 0,
        "dvar": 0,
        "dvar2": 0,
        "max": 1,
        "mean": 1,
        "median": 1,
        "min": 1,
        "var": 0
    },
    "silence_rate_30dB": {
        "dmean": 0.202127665281,
        "dmean2": 0.404320478439,
        "dvar": 0.16126523912,
        "dvar2": 0.32209149003,
        "max": 1,
        "mean": 0.704109609127,
        "median": 1,
        "min": 0,
        "var": 0.208328664303
    },
    "silence_rate_60dB": {
        "dmean": 0.0493230186403,
        "dmean2": 0.0986619368196,
        "dvar": 0.0468862466514,
        "dvar2": 0.112460941076,
        "max": 1,
        "mean": 0.0946011245251,
        "median": 0,
        "min": 0,
        "var": 0.0856510102749
    },
    "spectral_centroid": {
        "dmean": 494.280914307,
        "dmean2": 776.907958984,
        "dvar": 268259.5,
        "dvar2": 585521.625,
        "max": 11334.3896484,
        "mean": 1237.89343262,
        "median": 992.067626953,
        "min": 50.8965301514,
        "var": 828560.875
    },
    "spectral_complexity": {
        "dmean": 6.2917470932,
        "dmean2": 10.1431570053,
        "dvar": 53.2419548035,
        "dvar2": 121.575531006,
        "max": 54,
        "mean": 11.7845287323,
        "median": 9,
        "min": 0,
        "var": 99.3734054565
    },
    "spectral_decrease": {
        "dmean": 1.11447260309e-08,
        "dmean2": 1.7824703491e-08,
        "dvar": 1.49746954745e-16,
        "dvar2": 3.35735643507e-16,
        "max": 9.91881305676e-29,
        "mean": -1.83524786479e-08,
        "median": -1.51050461028e-08,
        "min": -9.93502595747e-08,
        "var": 2.77435689236e-16
    },
    "spectral_energy": {
        "dmean": 0.0425705574453,
        "dmean2": 0.0679751560092,
        "dvar": 0.00217744801193,
        "dvar2": 0.00487015582621,
        "max": 0.380764186382,
        "mean": 0.0706210285425,
        "median": 0.0586383789778,
        "min": 1.05939266716e-20,
        "var": 0.00404198048636
    },
    "spectral_energyband_high": {
        "dmean": 0.000560578890145,
        "dmean2": 0.000926681153942,
        "dvar": 7.62327317716e-07,
        "dvar2": 1.98544785235e-06,
        "max": 0.00721531454474,
        "mean": 0.000698241114151,
        "median": 0.000310594972689,
        "min": 7.31227499938e-21,
        "var": 8.95877917628e-07
    },
    "spectral_energyband_low": {
        "dmean": 0.0379611030221,
        "dmean2": 0.060845669359,
        "dvar": 0.00168377382215,
        "dvar2": 0.00391432270408,
        "max": 0.310787051916,
        "mean": 0.0607424415648,
        "median": 0.0469482913613,
        "min": 3.50683634686e-23,
        "var": 0.00341850914992
    },
    "spectral_energyband_middle_high": {
        "dmean": 0.00113636127207,
        "dmean2": 0.00190422008745,
        "dvar": 3.30635043611e-06,
        "dvar2": 8.84535529622e-06,
        "max": 0.0183632466942,
        "mean": 0.00143645727076,
        "median": 0.000874205958098,
        "min": 1.53580499836e-21,
        "var": 3.11752205562e-06
    },
    "spectral_energyband_middle_low": {
        "dmean": 0.0129680354148,
        "dmean2": 0.0219550728798,
        "dvar": 0.000802699010819,
        "dvar2": 0.00204060529359,
        "max": 0.364780724049,
        "mean": 0.0127340629697,
        "median": 0.0045905681327,
        "min": 1.68757327896e-22,
        "var": 0.000656525371596
    },
    "spectral_entropy": {
        "dmean": 0.345648616552,
        "dmean2": 0.525837063789,
        "dvar": 0.136163979769,
        "dvar2": 0.291646927595,
        "max": 9.8043794632,
        "mean": 7.62660980225,
        "median": 7.69918107986,
        "min": 3.3290977478,
        "var": 0.299894958735
    },
    "spectral_flux": {
        "dmean": 0.0777067542076,
        "dmean2": 0.130209282041,
        "dvar": 0.00526204844937,
        "dvar2": 0.0133246043697,
        "max": 0.522412717342,
        "mean": 0.14542658627,
        "median": 0.128185778856,
        "min": 6.7186596564e-11,
        "var": 0.00878154672682
    },
    "spectral_kurtosis": {
        "dmean": 1.54207873344,
        "dmean2": 2.48653650284,
        "dvar": 5.5554060936,
        "dvar2": 12.7646903992,
        "max": 54.0831718445,
        "mean": 3.31239390373,
        "median": 2.50302600861,
        "min": -1.22520053387,
        "var": 10.2388782501
    },
    "spectral_rms": {
        "dmean": 0.00261172652245,
        "dmean2": 0.0039664208889,
        "dvar": 6.36678305455e-06,
        "dvar2": 1.2160148799e-05,
        "max": 0.0192737448961,
        "mean": 0.00717473169789,
        "median": 0.00756360869855,
        "min": 3.21489319541e-12,
        "var": 1.74215929292e-05
    },
    "spectral_rolloff": {
        "dmean": 562.344360352,
        "dmean2": 992.215759277,
        "dvar": 1540838.75,
        "dvar2": 3730690.25,
        "max": 19358.3496094,
        "mean": 876.762207031,
        "median": 150.732421875,
        "min": 21.533203125,
        "var": 4550145.5
    },
    "spectral_skewness": {
        "dmean": 0.254670441151,
        "dmean2": 0.388551056385,
        "dvar": 0.0811445713043,
        "dvar2": 0.175732806325,
        "max": 6.38934659958,
        "mean": 1.2959369421,
        "median": 1.21588492393,
        "min": -0.0567710362375,
        "var": 0.229092136025
    },
    "spectral_spread": {
        "dmean": 825108,
        "dmean2": 1229132.375,
        "dvar": 842979147776,
        "dvar2": 1.70513242522e+12,
        "max": 41332888,
        "mean": 5319511,
        "median": 5271387.5,
        "min": 1114852.25,
        "var": 3.08177508762e+12
    },
    "spectral_strongpeak": {
        "dmean": 0.297894388437,
        "dmean2": 0.480553179979,
        "dvar": 0.115214444697,
        "dvar2": 0.286487996578,
        "max": 4.67400932312,
        "mean": 0.519552946091,
        "median": 0.453139185905,
        "min": 0,
        "var": 0.186994224787
    },
    "zerocrossingrate": {
        "dmean": 0.015278544277,
        "dmean2": 0.0194336418062,
        "dvar": 0.00033450772753,
        "dvar2": 0.000400186923798,
        "max": 0.87255859375,
        "mean": 0.0443708747625,
        "median": 0.0283203125,
        "min": 0.001953125,
        "var": 0.00406189076602
    },
    "barkbands": {
        "dmean": [0.000962490041275, 0.0287158228457, 0.011749798432, 0.00912867486477, 0.00392127921805, 0.000779209774919, 0.000323016400216, 0.000156047317432, 0.000155557529069, 0.000108432403067, 0.000115551796625, 0.000109088214231, 6.94340051268e-05, 7.46434379835e-05, 0.000153049448272, 0.000163849515957, 0.000167056874488, 0.000174421889824, 0.000156476235134, 0.000119847216411, 0.000120479475299, 9.18573132367e-05, 0.000116713330499, 9.0886860562e-05, 7.5046060374e-05, 4.20642136305e-05, 3.92311721953e-06],
        "dmean2": [0.00158424139954, 0.0458143614233, 0.0193405747414, 0.0157995149493, 0.00710579380393, 0.00141156185418, 0.000569763535168, 0.000273764191661, 0.000278180377791, 0.000190951875993, 0.000208014374948, 0.000193350861082, 0.000120244774735, 0.000130168074975, 0.000269020354608, 0.000281510670902, 0.000284265348455, 0.000292060169159, 0.000253131642239, 0.000198672481929, 0.000197159461095, 0.0001509442518, 0.000199683607207, 0.000157610222232, 0.000127543375129, 7.03272526152e-05, 6.71963471177e-06],
        "dvar": [2.3000143301e-06, 0.00123468018137, 0.000331464922056, 0.000489282188937, 8.07460237411e-05, 2.85110695586e-06, 4.19306672939e-07, 1.00057924612e-07, 1.17857247517e-07, 6.02831136121e-08, 8.94435174814e-08, 5.81097054919e-08, 1.58198592004e-08, 1.96700842281e-08, 9.07146855411e-08, 7.04728719825e-08, 7.17313426435e-08, 7.31181373226e-08, 5.98201026492e-08, 3.49965638691e-08, 3.37612888757e-08, 1.93186178166e-08, 4.32134292794e-08, 2.65303228275e-08, 2.22731060262e-08, 5.7108584528e-09, 1.05052765098e-10],
        "dvar2": [5.68970426684e-06, 0.00288662337698, 0.00082081760047, 0.00127087906003, 0.000223338051001, 8.0833415268e-06, 1.16790852189e-06, 2.81495658783e-07, 3.25966169612e-07, 1.6692162319e-07, 2.57178385255e-07, 1.57694174163e-07, 4.29431032956e-08, 5.49662644289e-08, 2.48008092285e-07, 1.91533075622e-07, 1.94287338218e-07, 1.85760214322e-07, 1.42348000054e-07, 9.32723835945e-08, 8.399933904e-08, 5.00662302727e-08, 1.16030705044e-07, 7.26561921738e-08, 5.7646595053e-08, 1.48958267943e-08, 2.80459488966e-10],
        "max": [0.0376678407192, 0.284153461456, 0.164366453886, 0.304277539253, 0.0970909819007, 0.0194922536612, 0.00578509923071, 0.00554975122213, 0.00349872675724, 0.00521642807871, 0.00563922477886, 0.00497460924089, 0.00163857836742, 0.00182496174239, 0.0071387514472, 0.00329980463721, 0.00288827111945, 0.00292624160647, 0.00377207994461, 0.00231464742683, 0.00225498131476, 0.00131412828341, 0.00233089621179, 0.00142139021773, 0.00129611568991, 0.000610756280366, 0.000227958647883],
        "mean": [0.00123092031572, 0.0407148450613, 0.0138329947367, 0.00806468725204, 0.0033897368703, 0.000666178297251, 0.000289670511847, 0.000146859543747, 0.000132157103508, 0.000100862962427, 0.000103933547507, 0.000101571866253, 7.36443034839e-05, 7.78793400968e-05, 0.000142402554047, 0.00018398204702, 0.000182496296475, 0.000198356268811, 0.000209065779927, 0.00016937025066, 0.00016927724937, 0.000117457202577, 0.00012026031618, 9.20626043808e-05, 6.81077799527e-05, 3.91098910768e-05, 3.19266928273e-06],
        "median": [0.000442553078756, 0.0194953661412, 0.00495591247454, 0.00190272845794, 0.00117164710537, 0.000259305350482, 0.000115909555461, 5.78838407819e-05, 4.08408632211e-05, 3.9867049054e-05, 3.62332611985e-05, 3.3491585782e-05, 3.42678940797e-05, 3.9154485421e-05, 6.36412805761e-05, 9.61182740866e-05, 9.59821118158e-05, 9.91945926216e-05, 0.000103669895907, 8.31541692605e-05, 6.70339650242e-05, 4.92856925121e-05, 5.12357728439e-05, 3.71476417058e-05, 1.66994741448e-05, 8.74814577401e-06, 2.92174320293e-07],
        "min": [2.7126652639e-24, 1.80846851616e-23, 5.78190551772e-24, 1.36497138856e-23, 2.10958382343e-23, 1.22045735609e-23, 1.66715244691e-23, 1.2552121221e-23, 1.82304792786e-23, 1.89895480629e-23, 3.30348630707e-23, 6.2301343908e-23, 6.69835994119e-23, 4.37378722418e-23, 6.70770447193e-23, 1.07457622767e-22, 1.00409358838e-22, 1.9423565449e-22, 1.97000757113e-22, 2.79427381596e-22, 3.84207168689e-22, 2.91488143447e-22, 4.32095695692e-22, 6.86422078642e-22, 9.04243714943e-22, 1.63629764828e-21, 2.38066316338e-21],
        "var": [5.55316910322e-06, 0.00236210087314, 0.000413865986047, 0.000376392825274, 5.33101883775e-05, 1.79952292001e-06, 2.93270261409e-07, 7.31642586516e-08, 7.9915373874e-08, 4.28209609993e-08, 5.85898334293e-08, 4.87015938688e-08, 1.45234517746e-08, 1.55398893753e-08, 6.94990092143e-08, 6.40281996311e-08, 6.40789394879e-08, 7.59469500622e-08, 8.2936495005e-08, 5.42769846845e-08, 6.12087092122e-08, 2.78189773439e-08, 3.78453144378e-08, 2.24913421221e-08, 1.80203745259e-08, 4.88081042249e-09, 8.03495048274e-11]
    },
    "erbbands": {
        "dmean": [0.881094455719, 6.43140888214, 11.8251104355, 24.0733375549, 22.4546718597, 10.0175514221, 6.01554441452, 7.07059526443, 5.13176250458, 4.62793207169, 2.77347421646, 3.32783603668, 4.13610315323, 3.25229907036, 4.99843883514, 4.34211444855, 3.38358473778, 3.63822007179, 5.6730389595, 8.33615589142, 9.79526042938, 8.75644016266, 8.60476875305, 9.62526893616, 6.89754390717, 5.21841526031, 5.43719530106, 4.18680381775, 3.30329179764, 3.42872834206, 3.35725712776, 1.91643857956, 1.58037269115, 0.853666186333, 0.543402016163, 0.237906068563, 0.0654674842954, 0.0110426135361, 0.000577879778575, 5.1091737987e-05],
        "dmean2": [1.36844182014, 10.3977985382, 19.0356750488, 40.3004074097, 39.9164428711, 17.9588527679, 10.4923086166, 12.8532505035, 9.05515003204, 8.21872425079, 4.89883470535, 5.91372871399, 7.34359264374, 5.72235918045, 9.00445270538, 7.68446779251, 5.88983488083, 6.31219339371, 10.0009794235, 14.5211715698, 16.734128952, 14.7260398865, 14.3753995895, 15.6839265823, 11.2705116272, 8.5449180603, 8.86776924133, 6.83474302292, 5.36600494385, 5.81187295914, 5.7221493721, 3.29029369354, 2.78607749939, 1.45535635948, 0.929746210575, 0.403905928135, 0.108818002045, 0.0180256292224, 0.000980199431069, 8.05817326182e-05],
        "dvar": [1.30819499493, 64.9774169922, 292.186645508, 1977.57446289, 3468.98754883, 488.880889893, 208.415512085, 247.215545654, 107.500869751, 110.886886597, 26.383562088, 52.2625770569, 85.9409637451, 60.3347396851, 130.746246338, 97.088760376, 41.6768112183, 44.8000297546, 115.647377014, 267.160552979, 234.544128418, 182.282546997, 169.637283325, 203.978042603, 129.608764648, 65.9900817871, 68.2325592041, 41.6822357178, 23.3182468414, 33.8342704773, 33.7358818054, 10.4108905792, 10.3289251328, 2.95478343964, 1.10551476479, 0.239541351795, 0.0113174077123, 0.000320102699334, 2.37798485614e-06, 3.03928993084e-09],
        "dvar2": [3.0338139534, 151.004226685, 720.415039062, 4933.76953125, 9389.20214844, 1360.41711426, 579.247558594, 700.313720703, 298.47277832, 314.26348877, 72.4759216309, 144.284408569, 238.12538147, 170.264160156, 372.648223877, 264.458648682, 114.590942383, 125.147384644, 319.939605713, 735.216430664, 628.020996094, 485.179107666, 441.616973877, 479.200866699, 321.831085205, 171.61567688, 168.715362549, 104.172958374, 59.5191574097, 90.420791626, 89.8899917603, 27.8065090179, 29.0195426941, 7.75677156448, 2.85418605804, 0.634687066078, 0.0289536938071, 0.000789015495684, 6.37330731479e-06, 6.55781384751e-09],
        "max": [10.0534152985, 72.1350402832, 148.727874756, 517.15423584, 734.632446289, 251.587493896, 193.863647461, 176.285964966, 143.637756348, 129.438415527, 68.3513336182, 79.9273300171, 181.260238647, 171.758453369, 145.018768311, 212.054733276, 67.439414978, 92.8900604248, 151.834915161, 301.099884033, 174.688262939, 152.859710693, 157.087127686, 195.780258179, 132.046279907, 98.1560668945, 94.9207611084, 81.7324676514, 52.587978363, 53.3797111511, 60.5150604248, 29.8194637299, 32.7597160339, 14.5716552734, 8.89795875549, 4.22277927399, 0.847783625126, 0.236294612288, 0.0262586213648, 0.000455354806036],
        "mean": [1.21180391312, 8.92369270325, 14.8174581528, 26.2245368958, 18.3577919006, 9.00940990448, 6.05978631973, 5.9195318222, 4.6908416748, 4.22942447662, 2.61543607712, 2.93002557755, 3.59416389465, 3.08301210403, 4.49267435074, 4.21063184738, 3.59961056709, 3.96615862846, 5.48677301407, 8.5518245697, 10.9930725098, 10.118765831, 9.92458438873, 11.9357471466, 9.81164932251, 7.62702465057, 7.38338422775, 5.88408613205, 4.40469837189, 3.79447555542, 3.44672489166, 2.08776593208, 1.46928048134, 0.791947484016, 0.478371590376, 0.210930272937, 0.0623768642545, 0.0109081286937, 0.000498902634718, 8.87772403075e-05],
        "median": [0.442628979683, 4.2353105545, 7.61285066605, 8.58556652069, 4.68717908859, 3.31002855301, 2.31758260727, 2.25394916534, 1.92377746105, 1.69109618664, 1.13993525505, 0.963285148144, 1.24941170216, 1.29699516296, 1.51866531372, 1.55939054489, 1.69857060909, 2.12754917145, 2.53706526756, 4.39288568497, 5.92171764374, 5.5282907486, 5.32572650909, 5.79504442215, 4.98676109314, 3.74495840073, 2.95148086548, 2.44046092033, 1.85586702824, 1.63736987114, 1.4325940609, 0.877791464329, 0.513661265373, 0.21868135035, 0.109594963491, 0.0457927212119, 0.0132197588682, 0.00203413912095, 9.76833835011e-05, 7.55301298341e-05],
        "min": [3.20954635234e-22, 3.89617012693e-21, 7.91969214087e-21, 2.73320249174e-20, 4.5354493932e-20, 8.88171094809e-20, 8.12112871461e-20, 1.38743534056e-19, 1.54185742397e-19, 4.89460966421e-19, 1.78475048054e-19, 4.32863769645e-19, 4.55605187732e-19, 1.45934067779e-18, 2.55280799692e-18, 2.28598227878e-18, 3.32527640222e-18, 3.20864662419e-18, 3.78973955694e-18, 5.37434670894e-18, 5.19044956952e-18, 5.53937999449e-18, 9.675430709e-18, 9.13847964925e-18, 1.17879374969e-17, 1.59541583835e-17, 1.2218037501e-17, 1.50666365996e-17, 1.17911560567e-17, 1.45283736314e-17, 1.10426345301e-17, 1.27518717442e-17, 9.69551382709e-18, 8.01463898181e-18, 6.177604431e-18, 5.85452505453e-18, 2.58415400624e-18, 1.22451785377e-18, 3.08320251295e-19, 3.53980924838e-20],
        "var": [2.53399181366, 116.696365356, 370.866088867, 1967.83789062, 2360.10424805, 334.147033691, 150.852081299, 155.288879395, 75.0160369873, 74.2939453125, 19.8059806824, 36.3947029114, 59.8285865784, 41.1203346252, 91.3440246582, 82.3765640259, 35.7003097534, 36.3781242371, 86.6233596802, 208.615081787, 215.241622925, 178.555252075, 172.300079346, 258.399688721, 185.270828247, 110.623878479, 110.839263916, 75.4163360596, 38.9372062683, 32.5291137695, 30.7795276642, 10.0707368851, 7.56865358353, 2.34929299355, 0.892931580544, 0.185646876693, 0.0105697568506, 0.000343323103152, 1.79445646609e-06, 5.82032066987e-09]
    },
    "gfcc": {
        "mean": [-49.2628822327, 78.1929779053, -79.682510376, 73.521446228, -31.2242088318, 19.3221817017, -31.1807785034, 12.0974225998, -18.1090583801, 1.61128568649, -14.2628774643, 2.12969064713, -10.7632274628],
        "cov": [[25679.5625, 1878.85424805, 830.335083008, 457.975006104, -1049.80151367, 388.494628906, -340.12210083, -21.817150116, -862.816711426, 92.2164154053, -511.182617188, -147.084899902, -399.00982666], [1878.85424805, 1528.97875977, 62.2243766785, 118.54750061, 140.953079224, -137.345169067, 136.108886719, -133.075637817, 95.1128997803, -146.355773926, 116.625213623, -144.773193359, 62.3702697754], [830.335083008, 62.2243766785, 906.208984375, 29.4593429565, 107.560935974, 117.554100037, 86.4474639893, 48.8095169067, 6.62242078781, 13.3622999191, -46.9774475098, -15.1973352432, -35.9792900085], [457.975006104, 118.54750061, 29.4593429565, 400.775421143, 70.9188079834, 33.7255897522, 21.7633247375, -43.3167419434, 46.1095581055, -5.13892745972, 53.3860931396, -43.0598754883, 35.6584281921], [-1049.80151367, 140.953079224, 107.560935974, 70.9188079834, 325.954498291, 36.7961425781, 106.445365906, 15.2588691711, 125.43397522, -11.0422410965, 73.0966186523, -14.0666265488, 38.1848487854], [388.494628906, -137.345169067, 117.554100037, 33.7255897522, 36.7961425781, 176.921844482, 51.0625267029, 53.7797698975, 39.1329193115, 39.2189102173, 10.2722940445, 14.8459615707, 4.8112039566], [-340.12210083, 136.108886719, 86.4474639893, 21.7633247375, 106.445365906, 51.0625267029, 206.557861328, 48.3442001343, 90.1081390381, 11.5855970383, 57.7054023743, -3.07908391953, 39.9144058228], [-21.817150116, -133.075637817, 48.8095169067, -43.3167419434, 15.2588691711, 53.7797698975, 48.3442001343, 128.76133728, 44.6720161438, 49.4559822083, 12.959031105, 43.0385780334, 4.73976135254], [-862.816711426, 95.1128997803, 6.62242078781, 46.1095581055, 125.43397522, 39.1329193115, 90.1081390381, 44.6720161438, 191.869415283, 32.2560577393, 102.305458069, 0.85200381279, 53.8833580017], [92.2164154053, -146.355773926, 13.3622999191, -5.13892745972, -11.0422410965, 39.2189102173, 11.5855970383, 49.4559822083, 32.2560577393, 92.505027771, 22.7477607727, 39.8968315125, 0.86151599884], [-511.182617188, 116.625213623, -46.9774475098, 53.3860931396, 73.0966186523, 10.2722940445, 57.7054023743, 12.959031105, 102.305458069, 22.7477607727, 117.707557678, 15.6801872253, 51.5225067139], [-147.084899902, -144.773193359, -15.1973352432, -43.0598754883, -14.0666265488, 14.8459615707, -3.07908391953, 43.0385780334, 0.85200381279, 39.8968315125, 15.6801872253, 82.1017837524, 21.4684028625], [-399.00982666, 62.3702697754, -35.9792900085, 35.6584281921, 38.1848487854, 4.8112039566, 39.9144058228, 4.73976135254, 53.8833580017, 0.86151599884, 51.5225067139, 21.4684028625, 72.7247009277]],
        "icov": [[0.000132174565806, -0.000426581362262, -6.99471638654e-06, -0.000254860351561, 0.000313586031552, -0.00060128752375, 0.000191864062799, -0.00030126600177, 0.000534679449629, -0.000586766225751, 0.000416958675487, -0.00022305874154, 0.000383237260394], [-0.000426581362262, 0.00257637281902, -0.000231119731325, 0.00089827348711, -0.000913749274332, 0.00275402143598, -0.00122513133101, 0.00137623527553, -0.00161847309209, 0.00299839186482, -0.00285701127723, 0.00234252586961, -0.00172831898089], [-6.99471638654e-06, -0.000231119731325, 0.00143772503361, -0.000144448029459, -0.000518929387908, -0.000800529378466, -0.000410719512729, -0.000193342217244, -1.66163154063e-05, -0.000283117609797, 0.00124306906946, -0.000384717481211, 0.000753972330131], [-0.000254860351561, 0.00089827348711, -0.000144448029459, 0.00377368088812, -0.0010120581137, 0.000339023215929, 0.00011363185331, 0.00145198020618, -0.000293027464068, 0.000190558625036, -0.00237018312328, 0.00317904213443, -0.00278292619623], [0.000313586031552, -0.000913749274332, -0.000518929387908, -0.0010120581137, 0.00562975183129, -0.00152895052452, -0.000804777548183, -0.000228352524573, -0.00148438569158, 0.000780221016612, 0.000132829387439, -0.00117657950614, 0.00168923218735], [-0.00060128752375, 0.00275402143598, -0.000800529378466, 0.000339023215929, -0.00152895052452, 0.0109830759466, -0.00224504363723, -0.000241462010308, -0.00302230380476, 0.00136628746986, -0.00169331335928, 0.00182050443254, -0.00201375852339], [0.000191864062799, -0.00122513133101, -0.000410719512729, 0.00011363185331, -0.000804777548183, -0.00224504363723, 0.00839181430638, -0.00328738079406, 0.000452564039733, -0.00130151805934, -0.000534915365279, 0.00184677378275, -0.00246208789758], [-0.00030126600177, 0.00137623527553, -0.000193342217244, 0.00145198020618, -0.000228352524573, -0.000241462010308, -0.00328738079406, 0.0148656908423, -0.00508811511099, -0.00109451345634, 0.00130233576056, -0.00543191889301, 0.00179419270717], [0.000534679449629, -0.00161847309209, -1.66163154063e-05, -0.000293027464068, -0.00148438569158, -0.00302230380476, 0.000452564039733, -0.00508811511099, 0.0168371647596, -0.00600072881207, -0.00711565371603, 0.00596637884155, -0.00360445561819], [-0.000586766225751, 0.00299839186482, -0.000283117609797, 0.000190558625036, 0.000780221016612, 0.00136628746986, -0.00130151805934, -0.00109451345634, -0.00600072881207, 0.0226499512792, -0.00582254910842, -0.00629348680377, 0.00442192377523], [0.000416958675487, -0.00285701127723, 0.00124306906946, -0.00237018312328, 0.000132829387439, -0.00169331335928, -0.000534915365279, 0.00130233576056, -0.00711565371603, -0.00582254910842, 0.0245385821909, -0.00658960593864, -0.00333217694424], [-0.00022305874154, 0.00234252586961, -0.000384717481211, 0.00317904213443, -0.00117657950614, 0.00182050443254, 0.00184677378275, -0.00543191889301, 0.00596637884155, -0.00629348680377, -0.00658960593864, 0.0275341831148, -0.0129498615861], [0.000383237260394, -0.00172831898089, 0.000753972330131, -0.00278292619623, 0.00168923218735, -0.00201375852339, -0.00246208789758, 0.00179419270717, -0.00360445561819, 0.00442192377523, -0.00333217694424, -0.0129498615861, 0.0283553339541]]
    },
    "melbands": {
        "dmean": [0.00810634531081, 0.006611389108, 0.00408656848595, 0.00110563030466, 0.000246298528509, 0.000153564105858, 7.72874846007e-05, 4.75591878057e-05, 2.1538369765e-05, 2.21082409553e-05, 2.063390275e-05, 1.26186751004e-05, 1.62122069014e-05, 1.33901730806e-05, 9.19423200685e-06, 6.76915442455e-06, 6.95682228979e-06, 8.06555271993e-06, 1.26019913296e-05, 1.06560846689e-05, 1.23664322018e-05, 1.01015639302e-05, 7.15222449799e-06, 8.87792612048e-06, 8.06308071333e-06, 5.76243201067e-06, 4.37821790911e-06, 3.52288225258e-06, 3.7159366002e-06, 3.0963676636e-06, 2.2773551791e-06, 1.84979671758e-06, 1.92645597963e-06, 2.03339982363e-06, 2.28950284509e-06, 1.25430312892e-06, 1.15540001389e-06, 1.23614131553e-06, 8.18870717012e-07, 7.00126179254e-07],
        "dmean2": [0.0127709666267, 0.0104882353917, 0.00687451148406, 0.00198649568483, 0.000426984101068, 0.000278339226497, 0.000136591595947, 8.4259743744e-05, 3.79936282116e-05, 3.95677852794e-05, 3.66802414646e-05, 2.2248026653e-05, 2.92739186989e-05, 2.37881322391e-05, 1.61108346219e-05, 1.16835453809e-05, 1.21128950923e-05, 1.42366025102e-05, 2.2137124688e-05, 1.85878980119e-05, 2.11905662582e-05, 1.718850217e-05, 1.20594941109e-05, 1.48428289322e-05, 1.31772749228e-05, 9.40422705753e-06, 7.28527584215e-06, 5.84222198086e-06, 6.06439562034e-06, 5.14436305821e-06, 3.72405702365e-06, 3.01383283841e-06, 3.24116899719e-06, 3.47671766576e-06, 3.93195705328e-06, 2.13992188947e-06, 1.98684915631e-06, 2.20261267714e-06, 1.41667169373e-06, 1.19095250284e-06],
        "dvar": [0.000100575016404, 6.65282932459e-05, 6.71703310218e-05, 6.82431755195e-06, 3.30788168412e-07, 1.14208503987e-07, 2.39087700749e-08, 1.16219318613e-08, 1.53716317453e-09, 2.48844589379e-09, 2.19187312744e-09, 8.99538554755e-10, 1.61347291083e-09, 7.82544640199e-10, 4.75090300434e-10, 1.37317268667e-10, 1.75678263603e-10, 2.29264884855e-10, 6.43206987672e-10, 4.20396689682e-10, 3.6556563332e-10, 2.60931859453e-10, 1.06114748932e-10, 1.97054164652e-10, 1.47555523355e-10, 9.47897246806e-11, 4.91007373649e-11, 3.07662714749e-11, 3.24929735895e-11, 2.60834253502e-11, 1.29006067981e-11, 7.22965784461e-12, 9.72965458201e-12, 1.38199729438e-11, 1.81560703971e-11, 3.94296878134e-12, 3.9687988139e-12, 7.45755800863e-12, 2.32857982028e-12, 2.15050243238e-12],
        "dvar2": [0.000235919782426, 0.000160493204021, 0.000169826482306, 1.86166562344e-05, 9.11265487957e-07, 3.23609327779e-07, 6.62561063791e-08, 3.29702700697e-08, 4.16785583823e-09, 6.89736445736e-09, 6.07904659944e-09, 2.53435095132e-09, 4.62021887415e-09, 2.16312012746e-09, 1.30394894882e-09, 3.6618499899e-10, 4.93480256658e-10, 6.33778418635e-10, 1.73379244295e-09, 1.17560960966e-09, 9.73316982567e-10, 7.04584002253e-10, 2.77692091544e-10, 5.0253395889e-10, 3.50630025014e-10, 2.34150088207e-10, 1.30886065874e-10, 7.99413868435e-11, 7.96820179283e-11, 6.74948985591e-11, 3.20030217604e-11, 1.84828263805e-11, 2.58159240513e-11, 3.69571352687e-11, 4.85434123454e-11, 1.05248925894e-11, 1.06686465218e-11, 2.12240225395e-11, 6.31530288134e-12, 5.55315949474e-12],
        "max": [0.0795215070248, 0.0700552761555, 0.10603877157, 0.0277203917503, 0.00724312569946, 0.00406052591279, 0.00195280252956, 0.00135726644658, 0.000441391894128, 0.000529013748746, 0.000927802117076, 0.000653806491755, 0.00063729431713, 0.00033017838723, 0.000498977431562, 0.00016753032105, 0.00019739381969, 0.0001892663131, 0.000769068079535, 0.000271661643637, 0.000243437141762, 0.000194786131033, 8.35626269691e-05, 0.000169363003806, 0.000177372116013, 0.000115054928756, 9.29264570004e-05, 7.37191803637e-05, 8.13600272522e-05, 5.5365733715e-05, 5.90807539993e-05, 3.08135495288e-05, 2.70479449682e-05, 3.81775826099e-05, 4.46580961579e-05, 2.03126855922e-05, 2.03140007216e-05, 2.99096318486e-05, 1.33955318233e-05, 1.40862375702e-05],
        "mean": [0.0113587910309, 0.0095142852515, 0.00437508849427, 0.000911079114303, 0.000253273261478, 0.000130248256028, 7.03031328158e-05, 4.38141687482e-05, 2.02955980058e-05, 1.88775811694e-05, 1.7716025468e-05, 1.17451299957e-05, 1.43936031236e-05, 1.20496479212e-05, 9.37862478168e-06, 7.3389719546e-06, 7.31333875592e-06, 7.75127045927e-06, 1.17100962598e-05, 1.14683170978e-05, 1.33687426569e-05, 1.10233495434e-05, 8.23801110528e-06, 9.75957118499e-06, 9.74340855464e-06, 7.54843358663e-06, 6.22974266662e-06, 4.80930611957e-06, 4.81502138427e-06, 3.97378062189e-06, 3.19426044371e-06, 2.47806315201e-06, 2.23126858145e-06, 2.09670315598e-06, 2.23656184062e-06, 1.40167230711e-06, 1.20755430544e-06, 1.1032485645e-06, 7.76445119754e-07, 6.33626200397e-07],
        "median": [0.00512140011415, 0.00595952989534, 0.00144035625271, 0.00027905969182, 9.12312389119e-05, 5.06878968736e-05, 2.82092823909e-05, 1.74068409251e-05, 8.42030476633e-06, 5.78862500333e-06, 5.92134529143e-06, 4.79315440316e-06, 4.83148915009e-06, 4.23292158303e-06, 3.74182241103e-06, 3.28569308294e-06, 3.73414832211e-06, 3.45867761098e-06, 5.19326113135e-06, 5.55038195671e-06, 6.94736809237e-06, 5.7343345361e-06, 4.56841689811e-06, 4.60753290099e-06, 4.57908527096e-06, 3.48368007508e-06, 3.08047378894e-06, 2.23440088121e-06, 1.86558600035e-06, 1.59237936259e-06, 1.2833195342e-06, 1.02394869828e-06, 8.60440366068e-07, 8.75722832916e-07, 8.54388531479e-07, 6.13807117134e-07, 4.83447365696e-07, 3.68808059648e-07, 2.53629934832e-07, 1.54491473836e-07],
        "min": [5.11334156181e-24, 5.7891701378e-24, 5.61720871565e-24, 4.277091021e-24, 3.30939022097e-24, 3.2920358727e-24, 2.89916598417e-24, 4.98149135011e-24, 1.61246945699e-24, 3.04821099702e-24, 2.29763114495e-24, 5.57649244889e-24, 6.53268179616e-24, 6.71726657051e-24, 4.35439307882e-24, 8.08105798093e-24, 5.19582564692e-24, 5.20488492556e-24, 5.42436653977e-24, 6.34018987452e-24, 5.95872671747e-24, 4.90214219824e-24, 7.65231444552e-24, 9.53581294232e-24, 6.50668251844e-24, 6.92906941267e-24, 9.21893382758e-24, 1.06110871541e-23, 8.74209817595e-24, 6.67886482164e-24, 9.14016369961e-24, 6.92384557576e-24, 4.66137593351e-24, 7.02792236157e-24, 4.88846177242e-24, 8.48618302083e-24, 7.31994131374e-24, 6.97159059319e-24, 5.78948607659e-24, 6.74375967515e-24],
        "var": [0.000194655091036, 0.00011000946688, 6.06957619311e-05, 4.58788417745e-06, 2.53748538626e-07, 7.19555401929e-08, 1.6698031402e-08, 7.85023601679e-09, 1.18453435949e-09, 1.68490876806e-09, 1.51360757261e-09, 6.14197137594e-10, 1.08126874121e-09, 5.82608461475e-10, 4.14434264684e-10, 1.44941336711e-10, 1.38108663394e-10, 1.71525932346e-10, 5.14153053466e-10, 3.29880567307e-10, 3.31814131727e-10, 2.39560815629e-10, 1.10199308012e-10, 2.00667524264e-10, 1.81774761909e-10, 1.24656271416e-10, 7.68182115141e-11, 4.66705389612e-11, 5.21968371303e-11, 3.49281957523e-11, 2.5757044067e-11, 1.22490975696e-11, 1.16248573268e-11, 1.17242656555e-11, 1.54199396307e-11, 4.23860252452e-12, 3.64560378413e-12, 5.11279647092e-12, 1.85575144661e-12, 1.73224607401e-12]
    },
    "mfcc": {
        "mean": [-690.189758301, 99.1399383545, 23.7782039642, 57.8927459717, 27.6257705688, 19.1869678497, 7.71231746674, 13.0299434662, 4.44210195541, 5.03019046783, -0.242473766208, 3.49618196487, 2.31328558922],
        "cov": [[12890.1806641, 968.99017334, 439.515197754, 143.525482178, 1.93317067623, 43.2943611145, 66.2206115723, -11.9989624023, -97.5753631592, -37.0778694153, -191.828887939, -153.046951294, -71.9798049927], [968.99017334, 1334.94042969, 77.3212356567, 214.556610107, 80.1260223389, 30.760477066, 44.4173812866, 67.3223648071, 2.76642155647, 29.8618602753, -5.8127579689, -4.56477117538, -3.4304728508], [439.515197754, 77.3212356567, 532.02557373, 57.8651390076, 98.5775909424, 66.4283294678, 51.8934898376, 49.8173751831, 41.852016449, 50.7363510132, 11.9203081131, -0.651819586754, -16.1172580719], [143.525482178, 214.556610107, 57.8651390076, 367.562042236, 113.670837402, 85.0398864746, 34.9549407959, 22.7412071228, 4.49389362335, 13.8534383774, 15.6071500778, 7.95389080048, 7.74143457413], [1.93317067623, 80.1260223389, 98.5775909424, 113.670837402, 222.792266846, 93.539604187, 25.832824707, 35.5080528259, 25.3379192352, 41.5364151001, 24.45652771, 21.7189121246, 13.5148153305], [43.2943611145, 30.760477066, 66.4283294678, 85.0398864746, 93.539604187, 144.875991821, 51.6649436951, 33.4369544983, 34.1271095276, 34.4271621704, 20.6038837433, 26.0834236145, 17.970085144], [66.2206115723, 44.4173812866, 51.8934898376, 34.9549407959, 25.832824707, 51.6649436951, 105.003120422, 54.0607261658, 41.3462333679, 22.6739444733, 19.7502365112, 14.0269613266, 13.3775653839], [-11.9989624023, 67.3223648071, 49.8173751831, 22.7412071228, 35.5080528259, 33.4369544983, 54.0607261658, 93.4279174805, 52.4363708496, 37.3761138916, 27.2371501923, 23.8922119141, 24.0557155609], [-97.5753631592, 2.76642155647, 41.852016449, 4.49389362335, 25.3379192352, 34.1271095276, 41.3462333679, 52.4363708496, 86.265838623, 43.8896942139, 34.3712158203, 25.5615310669, 22.7530918121], [-37.0778694153, 29.8618602753, 50.7363510132, 13.8534383774, 41.5364151001, 34.4271621704, 22.6739444733, 37.3761138916, 43.8896942139, 79.8254623413, 43.4088287354, 34.8514480591, 24.9848136902], [-191.828887939, -5.8127579689, 11.9203081131, 15.6071500778, 24.45652771, 20.6038837433, 19.7502365112, 27.2371501923, 34.3712158203, 43.4088287354, 72.0849533081, 39.5288085938, 27.084854126], [-153.046951294, -4.56477117538, -0.651819586754, 7.95389080048, 21.7189121246, 26.0834236145, 14.0269613266, 23.8922119141, 25.5615310669, 34.8514480591, 39.5288085938, 68.62550354, 43.8494682312], [-71.9798049927, -3.4304728508, -16.1172580719, 7.74143457413, 13.5148153305, 17.970085144, 13.3775653839, 24.0557155609, 22.7530918121, 24.9848136902, 27.084854126, 43.8494682312, 68.7804870605]],
