{
"lowlevel": {
    "average_loudness": 0.8667973876,
    "barkbands_crest": {
        "dmean": 3.20949196815,
        "dmean2": 5.08155632019,
        "dvar": 8.36056613922,
        "dvar2": 19.6978721619,
        "max": 25.405298233,
        "mean": 13.5146894455,
        "median": 13.2169761658,
        "min": 2.51439213753,
        "var": 24.1434345245
    },
    "barkbands_flatness_db": {
        "dmean": 0.0359830185771,
        "dmean2": 0.0511668510735,
        "dvar": 0.00134403246921,
        "dvar2": 0.00266672903672,
        "max": 0.555811345577,
        "mean": 0.187912091613,
        "median": 0.165249571204,
        "min": 0.0204649940133,
        "var": 0.00941288284957
    },
    "barkbands_kurtosis": {
        "dmean": 8.77097606659,
        "dmean2": 13.4071865082,
        "dvar": 191.440429688,
        "dvar2": 437.199584961,
        "max": 231.429656982,
        "mean": 14.2874612808,
        "median": 7.39909172058,
        "min": -1.96743607521,
        "var": 369.075500488
    },
    "barkbands_skewness": {
        "dmean": 0.941819906235,
        "dmean2": 1.41579461098,
        "dvar": 1.01479327679,
        "dvar2": 2.19035029411,
        "max": 13.090098381,
        "mean": 2.79888868332,
        "median": 2.54294657707,
        "min": -2.53947925568,
        "var": 3.43612170219
    },
    "barkbands_spread": {
        "dmean": 8.39272689819,
        "dmean2": 12.6883087158,
        "dvar": 126.728942871,
        "dvar2": 291.623748779,
        "max": 130.649551392,
        "mean": 19.774679184,
        "median": 13.8733377457,
        "min": 0.299926489592,
        "var": 335.745269775
    },
    "dissonance": {
        "dmean": 0.0243283454329,
        "dmean2": 0.0405408218503,
        "dvar": 0.000665136321913,
        "dvar2": 0.00179832638241,
        "max": 0.499990105629,
        "mean": 0.450974792242,
        "median": 0.464680314064,
        "min": 0.212703883648,
        "var": 0.00190353614744
    },
    "dynamic_complexity": 3.72484564781,
    "erbbands_crest": {
        "dmean": 2.6775560379,
        "dmean2": 4.25567102432,
        "dvar": 6.89869356155,
        "dvar2": 15.8049459457,
        "max": 29.8866233826,
        "mean": 8.77872276306,
        "median": 7.48403358459,
        "min": 2.09888720512,
        "var": 23.7600078583
    },
    "erbbands_flatness_db": {
        "dmean": 0.0183976162225,
        "dmean2": 0.0269184634089,
        "dvar": 0.00045466091251,
        "dvar2": 0.000909657566808,
        "max": 0.40296536684,
        "mean": 0.144541025162,
        "median": 0.116927392781,
        "min": 0.0483212545514,
        "var": 0.0053946650587
    },
    "erbbands_kurtosis": {
        "dmean": 1.20042288303,
        "dmean2": 1.85513448715,
        "dvar": 3.82609152794,
        "dvar2": 8.92075538635,
        "max": 36.711265564,
        "mean": 0.716527998447,
        "median": -0.210740685463,
        "min": -1.81414604187,
        "var": 8.4579334259
    },
    "erbbands_skewness": {
        "dmean": 0.444480419159,
        "dmean2": 0.657135486603,
        "dvar": 0.174564570189,
        "dvar2": 0.403559595346,
        "max": 5.0637345314,
        "mean": 0.490180581808,
        "median": 0.477245211601,
        "min": -4.03339147568,
        "var": 0.869117081165
    },
    "erbbands_spread": {
        "dmean": 12.0749721527,
        "dmean2": 17.9120254517,
        "dvar": 181.268478394,
        "dvar2": 360.194366455,
        "max": 170.261428833,
        "mean": 54.8844070435,
        "median": 51.9135055542,
        "min": 2.56440520287,
        "var": 991.234558105
    },
    "hfc": {
        "dmean": 10.6444892883,
        "dmean2": 15.0274848938,
        "dvar": 427.087738037,
        "dvar2": 926.911071777,
        "max": 224.339324951,
        "mean": 21.6954040527,
        "median": 11.3523864746,
        "min": 1.13988214797e-16,
        "var": 824.469726562
    },
    "melbands_crest": {
        "dmean": 4.25408172607,
        "dmean2": 6.84388685226,
        "dvar": 17.3466014862,
        "dvar2": 39.3442802429,
        "max": 37.0766448975,
        "mean": 20.0724449158,
        "median": 19.8384895325,
        "min": 1.0005698204,
        "var": 47.5758399963
    },
    "melbands_flatness_db": {
        "dmean": 0.0426531806588,
        "dmean2": 0.0596997886896,
        "dvar": 0.00191995559726,
        "dvar2": 0.00374429603107,
        "max": 0.675698339939,
        "mean": 0.271850824356,
        "median": 0.251834750175,
        "min": 1.94145030719e-07,
        "var": 0.0135421110317
    },
    "melbands_kurtosis": {
        "dmean": 23.6072368622,
        "dmean2": 36.2621536255,
        "dvar": 1600.85949707,
        "dvar2": 3662.82739258,
        "max": 669.135009766,
        "mean": 44.7556304932,
        "median": 26.2826004028,
        "min": -1.73068249226,
        "var": 3399.48632812
    },
    "melbands_skewness": {
        "dmean": 1.3434407711,
        "dmean2": 2.02800607681,
        "dvar": 2.07897233963,
        "dvar2": 4.47332143784,
        "max": 22.0368690491,
        "mean": 4.72501993179,
        "median": 4.26267910004,
        "min": -1.54412150383,
        "var": 7.91118860245
    },
    "melbands_spread": {
        "dmean": 6.63370800018,
        "dmean2": 10.3763456345,
        "dvar": 126.069419861,
        "dvar2": 309.307006836,
        "max": 207.226623535,
        "mean": 14.5533399582,
        "median": 8.97788619995,
        "min": 0.287351071835,
        "var": 299.635314941
    },
    "pitch_salience": {
        "dmean": 0.0991366580129,
        "dmean2": 0.155887797475,
        "dvar": 0.00823274906725,
        "dvar2": 0.0193336438388,
        "max": 0.997738063335,
        "mean": 0.452730059624,
        "median": 0.453141897917,
        "min": 0.0617157891393,
        "var": 0.0217950511724
    },
    "silence_rate_20dB": {
        "dmean": 0,
        "dmean2": 0,
        "dvar": 0,
        "dvar2": 0,
        "max": 1,
        "mean": 1,
        "median": 1,
        "min": 1,
        "var": 0
    },
    "silence_rate_30dB": {
        "dmean": 0.0292329583317,
        "dmean2": 0.0584734790027,
        "dvar": 0.0283782761544,
        "dvar2": 0.0648854151368,
        "max": 1,
        "mean": 0.960424184799,
        "median": 1,
        "min": 0,
        "var": 0.0380084626377
    },
    "silence_rate_60dB": {
        "dmean": 0.035183031112,
        "dmean2": 0.0703751593828,
        "dvar": 0.0339438766241,
        "dvar2": 0.0752465724945,
        "max": 1,
        "mean": 0.0852302089334,
        "median": 0,
        "min": 0,
        "var": 0.0779646709561
    },
    "spectral_centroid": {
        "dmean": 309.339111328,
        "dmean2": 453.737884521,
        "dvar": 142232.921875,
        "dvar2": 310799.65625,
        "max": 11317.1054688,
        "mean": 1184.88208008,
        "median": 958.369445801,
        "min": 113.253234863,
        "var": 850761.75
    },
    "spectral_complexity": {
        "dmean": 4.05587911606,
        "dmean2": 5.68796873093,
        "dvar": 33.5639953613,
        "dvar2": 51.1749343872,
        "max": 60,
        "mean": 13.7792291641,
        "median": 10,
        "min": 0,
        "var": 133.200775146
    },
    "spectral_decrease": {
        "dmean": 3.78675402146e-09,
        "dmean2": 5.85783110907e-09,
        "dvar": 2.12052117542e-17,
        "dvar2": 4.76196595903e-17,
        "max": 1.16916682836e-28,
        "mean": -1.01185211321e-08,
        "median": -8.57287574263e-09,
        "min": -6.13402590943e-08,
        "var": 6.91010140115e-17
    },
    "spectral_energy": {
        "dmean": 0.0148935345933,
        "dmean2": 0.0229629054666,
        "dvar": 0.000333164527547,
        "dvar2": 0.000748623453546,
        "max": 0.238947913051,
        "mean": 0.0401574932039,
        "median": 0.0338492691517,
        "min": 1.01416228586e-20,
        "var": 0.00107845547609
    },
    "spectral_energyband_high": {
        "dmean": 0.00104581867345,
        "dmean2": 0.00146392965689,
        "dvar": 4.41951669927e-06,
        "dvar2": 9.25215135794e-06,
        "max": 0.0213411729783,
        "mean": 0.00164458528161,
        "median": 0.000460846000351,
        "min": 7.33907516655e-21,
        "var": 7.98742712504e-06
    },
    "spectral_energyband_low": {
        "dmean": 0.011718839407,
        "dmean2": 0.0182607080787,
        "dvar": 0.000235364423133,
        "dvar2": 0.000519420602359,
        "max": 0.207091078162,
        "mean": 0.0267391931266,
        "median": 0.0233546644449,
        "min": 2.74496963073e-23,
        "var": 0.000661397818476
    },
    "spectral_energyband_middle_high": {
        "dmean": 0.00123184139375,
        "dmean2": 0.00176141783595,
        "dvar": 6.49921048534e-06,
        "dvar2": 1.3507085896e-05,
        "max": 0.0478349924088,
        "mean": 0.0027188367676,
        "median": 0.00103670801036,
        "min": 1.36874924974e-21,
        "var": 1.90934642887e-05
    },
    "spectral_energyband_middle_low": {
        "dmean": 0.00546338362619,
        "dmean2": 0.00859450921416,
        "dvar": 7.77889508754e-05,
        "dvar2": 0.000194967084099,
        "max": 0.151931509376,
        "mean": 0.010102561675,
        "median": 0.00642603915185,
        "min": 1.65130890138e-22,
        "var": 0.000132751476485
    },
    "spectral_entropy": {
        "dmean": 0.238246798515,
        "dmean2": 0.336927860975,
        "dvar": 0.0791780874133,
        "dvar2": 0.156096473336,
        "max": 9.82280063629,
        "mean": 7.45530462265,
        "median": 7.70807218552,
        "min": 4.29938364029,
        "var": 0.661595821381
    },
    "spectral_flux": {
        "dmean": 0.0349554643035,
        "dmean2": 0.0561855509877,
        "dvar": 0.00125232047867,
        "dvar2": 0.00317700998858,
        "max": 0.37570014596,
        "mean": 0.0908666402102,
        "median": 0.0833236575127,
        "min": 6.51988948941e-11,
        "var": 0.00300396187231
    },
    "spectral_kurtosis": {
        "dmean": 3.03201365471,
        "dmean2": 4.96125221252,
        "dvar": 46.9078636169,
        "dvar2": 121.60483551,
        "max": 117.275016785,
        "mean": 6.91604232788,
        "median": 2.32580041885,
        "min": -1.24518060684,
        "var": 170.824676514
    },
    "spectral_rms": {
        "dmean": 0.00117067433894,
        "dmean2": 0.00178116909228,
        "dvar": 1.6129188225e-06,
        "dvar2": 3.40997644344e-06,
        "max": 0.0152682652697,
        "mean": 0.00565463211387,
        "median": 0.00574662256986,
        "min": 3.14551509839e-12,
        "var": 7.2031025411e-06
    },
    "spectral_rolloff": {
        "dmean": 649.431091309,
        "dmean2": 1106.91137695,
        "dvar": 1930072.875,
        "dvar2": 4783988,
        "max": 19422.9492188,
        "mean": 1082.62023926,
        "median": 387.59765625,
        "min": 43.06640625,
        "var": 3388346.25
    },
    "spectral_skewness": {
        "dmean": 0.329755038023,
        "dmean2": 0.503457963467,
        "dvar": 0.239156961441,
        "dvar2": 0.564471364021,
        "max": 8.70083713531,
        "mean": 1.6953830719,
        "median": 1.31739711761,
        "min": -0.0989740937948,
        "var": 1.38591611385
    },
    "spectral_spread": {
        "dmean": 690655.9375,
        "dmean2": 990549.1875,
        "dvar": 905912647680,
        "dvar2": 1.6081986519e+12,
        "max": 41832456,
        "mean": 5666349.5,
        "median": 5822550,
        "min": 720934.6875,
        "var": 7.62818120909e+12
    },
    "spectral_strongpeak": {
        "dmean": 0.255506545305,
        "dmean2": 0.427544981241,
        "dvar": 0.263793319464,
        "dvar2": 0.630726099014,
        "max": 16.2857322693,
        "mean": 0.520422816277,
        "median": 0.405889630318,
        "min": 0,
        "var": 0.352918386459
    },
    "zerocrossingrate": {
        "dmean": 0.0151068447158,
        "dmean2": 0.0178258027881,
        "dvar": 0.000331279705279,
        "dvar2": 0.000470481201774,
        "max": 0.76123046875,
        "mean": 0.0549039803445,
        "median": 0.04296875,
        "min": 0.00146484375,
        "var": 0.00245267665014
    },
    "barkbands": {
        "dmean": [0.0013493859442, 0.00838734768331, 0.00382348545827, 0.00144126371015, 0.0027887118049, 0.00137830642052, 0.000967101193964, 0.000335063348757, 0.000424079364166, 0.000339574558893, 0.000336374389008, 0.000215227875742, 0.000123832374811, 0.000102215686638, 0.000128338549985, 0.000107574145659, 0.000124502214021, 0.000125740130898, 0.00018635710876, 0.000172105195816, 0.000196733235498, 0.000236181949731, 0.000157919232151, 0.000269001815468, 0.000119163705676, 0.000103015569039, 5.51691164219e-06],
        "dmean2": [0.00205291155726, 0.0133398855105, 0.00585429416969, 0.00232054037042, 0.00462593045086, 0.00224699056707, 0.00143056653906, 0.000512663740665, 0.000642312981654, 0.00053312064847, 0.000488238845719, 0.000353909737896, 0.000201935865334, 0.000165035569808, 0.000211846418097, 0.000176022338565, 0.000198881069082, 0.000190624181414, 0.000270722695859, 0.000244964205194, 0.000289533025352, 0.000341903825756, 0.000227231808822, 0.000416657683672, 0.000182594172657, 0.000160861163749, 9.46583531913e-06],
        "dvar": [7.60629836805e-06, 0.000157577393111, 4.04935271945e-05, 6.69639166517e-06, 3.2826923416e-05, 9.97177721729e-06, 7.71309714764e-06, 5.0609412483e-07, 8.56773567648e-07, 1.01210525827e-06, 9.89598447632e-07, 3.71857765913e-07, 1.12236229199e-07, 4.61742253322e-08, 9.0026084365e-08, 7.12506036393e-08, 9.97205802378e-08, 1.0473232237e-07, 2.30530545764e-07, 1.694380245e-07, 2.02216611456e-07, 2.39824572645e-07, 8.07028470717e-08, 6.84382087002e-07, 9.12263544706e-08, 6.09899544202e-08, 4.06756323068e-10],
        "dvar2": [1.54322206072e-05, 0.000371461268514, 8.10025812825e-05, 1.58655893756e-05, 8.24161470518e-05, 2.65885046247e-05, 1.48980625454e-05, 1.00840691175e-06, 1.87591729173e-06, 2.00579484044e-06, 1.88078990959e-06, 9.30078670081e-07, 2.78837092083e-07, 1.15402322365e-07, 2.40183624101e-07, 1.81695767765e-07, 2.4818723432e-07, 2.3788334147e-07, 5.11429959715e-07, 3.33121420226e-07, 4.40876391394e-07, 5.10643133111e-07, 1.57120737754e-07, 1.7602793605e-06, 2.16819941556e-07, 1.50806428678e-07, 1.09770059709e-09],
        "max": [0.043729826808, 0.179341495037, 0.116700962186, 0.0585291795433, 0.140752479434, 0.060661252588, 0.077082939446, 0.0323224514723, 0.0195878390223, 0.0279731564224, 0.033642757684, 0.0182789321989, 0.00479516526684, 0.00355579378083, 0.00464100437239, 0.00743540748954, 0.00453602289781, 0.00531355896965, 0.00888777524233, 0.00914002582431, 0.00829020515084, 0.00532353995368, 0.00349958240986, 0.0091952867806, 0.00539630744606, 0.00231335847639, 0.000434756308096],
        "mean": [0.00236918893643, 0.0170085132122, 0.0064107151702, 0.00203841924667, 0.0034109891858, 0.00191650295164, 0.00138171063736, 0.000505949778017, 0.000680274213664, 0.000489839352667, 0.000600076047704, 0.000300374958897, 0.000165602104971, 0.000144097124576, 0.000175466077053, 0.000150912179379, 0.000194038671907, 0.000180338029168, 0.000279653933831, 0.000264659058303, 0.000307970884023, 0.000316571909934, 0.000233793020016, 0.000325022178004, 0.000181169045391, 0.000119917727716, 5.7573893173e-06],
        "median": [0.000315734825563, 0.0103234583512, 0.00225509470329, 0.000869135488756, 0.00138833839446, 0.000751074228901, 0.000382445577998, 0.000186283024959, 0.00017537761596, 0.000103742750071, 8.00077978056e-05, 6.62178063067e-05, 4.2255363951e-05, 4.07720654039e-05, 3.82342623197e-05, 3.26278750435e-05, 4.85603450215e-05, 4.69826409244e-05, 6.2416162109e-05, 5.63082794542e-05, 6.3188286731e-05, 7.06363571226e-05, 6.66851265123e-05, 5.0311024097e-05, 3.25686378346e-05, 1.72634390765e-05, 1.78272671292e-07],
        "min": [3.70422496479e-24, 8.98238520768e-24, 5.41892537168e-24, 1.06176674374e-24, 9.65432351611e-24, 1.10905930999e-23, 9.3028867717e-24, 1.65872693913e-23, 5.00967695582e-23, 1.67509895835e-23, 2.57073818244e-23, 4.55147814308e-23, 2.32077403621e-23, 7.7332697182e-23, 7.62482658728e-23, 1.03227195235e-22, 1.02341967082e-22, 1.34627595308e-22, 1.84522542693e-22, 2.61272700806e-22, 2.60904801323e-22, 3.2299580336e-22, 5.14349528082e-22, 6.54510597676e-22, 9.55553348677e-22, 1.25817119616e-21, 2.16726692316e-21],
        "var": [2.15379532165e-05, 0.00039670462138, 0.000102992657048, 1.28430283439e-05, 4.15332106058e-05, 1.2617790162e-05, 1.50216974362e-05, 1.32244599627e-06, 2.12120789911e-06, 2.07289554055e-06, 3.15790953209e-06, 6.25337804649e-07, 1.58625553581e-07, 7.35181728828e-08, 1.42126893365e-07, 1.19112115726e-07, 1.67535517903e-07, 1.67007385699e-07, 3.8882348008e-07, 3.15992252808e-07, 3.77914574301e-07, 3.8094771071e-07, 1.4518340663e-07, 6.73461045153e-07, 1.74616644699e-07, 6.82766483351e-08, 5.04133457202e-10]
    },
    "erbbands": {
        "dmean": [0.335438251495, 1.64816248417, 4.31612300873, 4.11020326614, 7.48157787323, 10.0105876923, 9.53671836853, 10.7070064545, 12.911687851, 10.578001976, 10.342590332, 7.96047401428, 9.24536991119, 14.2555303574, 7.16697692871, 8.15137195587, 6.55853557587, 4.94369888306, 5.34947109222, 6.29888916016, 6.59257793427, 6.17883062363, 6.41725301743, 8.91700172424, 8.16826915741, 7.83081436157, 7.51111745834, 8.67589664459, 8.94982337952, 6.78596687317, 4.05449008942, 6.00576972961, 3.50412940979, 1.38274347782, 0.920660972595, 0.587639331818, 0.151745259762, 0.016710979864, 0.000885891087819, 3.31625778927e-05],
        "dmean2": [0.523428440094, 2.63396120071, 6.54426050186, 6.42983818054, 12.2763900757, 16.8353748322, 15.6750955582, 17.6079864502, 19.847240448, 15.4792633057, 15.6294031143, 12.2143239975, 14.4117050171, 21.2793617249, 11.2810440063, 13.1392211914, 10.842259407, 7.90038490295, 8.80108642578, 10.1551980972, 10.5947723389, 9.88296318054, 9.87342071533, 12.9907369614, 11.7171592712, 11.0930662155, 10.7090587616, 12.9703874588, 13.4351911545, 9.74218654633, 5.83039951324, 9.2265663147, 5.35124731064, 2.08593726158, 1.42701983452, 0.926147162914, 0.241129457951, 0.0272447895259, 0.00149024731945, 5.20302455698e-05],
        "dvar": [0.281969577074, 6.88902997971, 49.5706520081, 39.3276672363, 264.243560791, 416.791412354, 437.523345947, 762.042358398, 1704.19799805, 938.507446289, 448.641204834, 292.724914551, 893.017456055, 1483.92224121, 535.833984375, 613.60748291, 325.855072021, 101.46761322, 124.953117371, 239.438690186, 234.808319092, 228.72756958, 298.470336914, 602.112792969, 320.370635986, 344.428405762, 239.688903809, 444.69140625, 367.534606934, 187.376800537, 54.4961509705, 274.149139404, 98.9982376099, 10.8971395493, 5.09030675888, 1.97461783886, 0.187690407038, 0.00186847196892, 8.98692360352e-06, 3.64963859134e-09],
        "dvar2": [0.613632798195, 16.9131946564, 97.2811584473, 92.4163360596, 641.64239502, 1084.34106445, 1203.12280273, 2036.0612793, 4131.18261719, 1546.26501465, 930.248168945, 681.078918457, 1679.68737793, 2893.78857422, 1203.07751465, 1494.43994141, 839.11706543, 240.344619751, 322.666107178, 618.496032715, 591.428344727, 578.652954102, 724.822143555, 1319.6541748, 654.769348145, 681.732788086, 483.863037109, 1011.60180664, 852.057434082, 380.260040283, 108.827354431, 698.185058594, 248.66078186, 25.5516281128, 12.3588399887, 4.97445249557, 0.471265077591, 0.00489353341982, 2.40430272243e-05, 8.9321972041e-09],
        "max": [6.41339063644, 42.5162773132, 106.530723572, 127.621330261, 449.932495117, 316.933929443, 324.556182861, 579.991943359, 1291.62939453, 988.031982422, 531.717468262, 306.474060059, 965.683410645, 1321.9967041, 1033.63378906, 885.484558105, 297.584289551, 172.400421143, 150.187332153, 307.679870605, 199.589263916, 245.541900635, 380.211547852, 442.657867432, 237.898757935, 608.959533691, 270.340881348, 273.438262939, 223.585113525, 188.4009552, 100.153129578, 183.286346436, 111.690353394, 47.4606437683, 41.3446044922, 13.7186880112, 5.16499137878, 0.616765320301, 0.0684993341565, 0.00101718248334],
        "mean": [0.657181024551, 3.16194558144, 7.75896596909, 6.99196195602, 9.64041614532, 11.5051822662, 12.8267374039, 14.3410892487, 18.3637256622, 15.6440763474, 16.9546909332, 12.7797851562, 13.7087430954, 25.7260951996, 11.9845294952, 12.2207145691, 9.09118938446, 7.52065324783, 7.45253372192, 9.35181713104, 9.74542617798, 10.2128334045, 9.5905046463, 13.5128898621, 12.6517734528, 11.9564561844, 11.9058027267, 12.8395929337, 11.6124649048, 9.12354564667, 6.24140930176, 7.4858083725, 4.34578800201, 2.11375832558, 1.30876898766, 0.72414535284, 0.156563192606, 0.0191264320165, 0.000948005414102, 7.07058861735e-05],
        "median": [0.220455944538, 1.86141204834, 3.4988360405, 3.866335392, 3.84454631805, 4.5179271698, 4.71625137329, 5.64378643036, 5.80053567886, 4.54729652405, 5.48602151871, 4.07436275482, 3.36425805092, 4.49610614777, 2.63353204727, 2.81407856941, 2.40213108063, 2.29071521759, 2.10904240608, 2.15204453468, 2.18259048462, 2.89191293716, 2.65766239166, 2.68095827103, 3.22252511978, 2.61963033676, 2.66367101669, 2.71182608604, 2.6628985405, 1.97489058971, 1.75175046921, 1.23741447926, 0.761962294579, 0.395232081413, 0.251760661602, 0.12353220582, 0.0186803229153, 0.00220286846161, 8.53910896694e-05, 4.91063838126e-05],
        "min": [2.55363009288e-22, 2.02633218928e-21, 6.88453699657e-21, 5.86532527391e-21, 8.18620343345e-21, 3.66271600894e-20, 8.2401238156e-20, 1.05028376071e-19, 1.32605117203e-19, 2.04323395296e-19, 5.71516145813e-19, 1.08136670074e-18, 6.17906295721e-19, 4.1854408417e-19, 1.41827229775e-18, 2.01287226273e-18, 1.88929458114e-18, 3.99602103092e-18, 5.22346152059e-18, 4.57863990511e-18, 5.27696769851e-18, 5.86684673693e-18, 6.99699424295e-18, 7.79457088856e-18, 9.29381341494e-18, 1.20396965338e-17, 9.45903943357e-18, 1.15066050988e-17, 1.16476633814e-17, 1.41164757367e-17, 1.39477705964e-17, 1.06573776413e-17, 1.2473383193e-17, 8.07332000165e-18, 7.60809873589e-18, 4.41110357102e-18, 2.50863737939e-18, 8.10999822398e-19, 3.19884003613e-19, 2.92502115215e-20],
        "var": [0.764403879642, 14.8863077164, 128.826797485, 83.5258102417, 375.474273682, 446.803436279, 524.856628418, 886.896911621, 2389.40551758, 2135.52587891, 1176.85705566, 618.043395996, 1701.37121582, 4721.15966797, 1461.44274902, 1110.61657715, 442.604217529, 190.517303467, 168.284515381, 396.416534424, 403.409576416, 381.447052002, 442.321838379, 1024.01489258, 594.787414551, 657.679138184, 494.978363037, 734.186645508, 520.457641602, 301.268981934, 102.092330933, 297.655303955, 103.849128723, 19.7280330658, 9.07705307007, 2.30269098282, 0.173028111458, 0.00234317593277, 1.03627662611e-05, 6.49575548906e-09]
    },
    "gfcc": {
        "mean": [-32.9373321533, 95.5411987305, -83.5648574829, 44.3174057007, -59.0419464111, 16.477355957, -30.7496528625, 9.41806316376, -20.7272224426, 2.69281554222, -13.9002017975, 1.09825479984, -9.83543968201],
        "cov": [[17604.5566406, -3949.26147461, 882.755004883, 1217.2734375, -764.760437012, 1499.44592285, -832.297424316, 1031.90063477, -541.09362793, 910.324951172, -504.183807373, 776.460632324, -285.588775635], [-3949.26147461, 3742.70288086, -156.085571289, -576.936645508, 622.416503906, -598.070861816, 516.168273926, -572.946350098, 360.048583984, -534.311279297, 336.15246582, -427.57232666, 233.745544434], [882.755004883, -156.085571289, 1214.50134277, 187.910705566, 145.066452026, 324.096221924, -9.89678764343, 100.580291748, 2.74851155281, 83.9182891846, -69.7191925049, 73.3278121948, -70.8659362793], [1217.2734375, -576.936645508, 187.910705566, 522.83380127, -33.6280059814, 227.441757202, -7.87014007568, 149.921951294, -3.1904361248, 127.997665405, 2.47599744797, 45.6661987305, -11.572886467], [-764.760437012, 622.416503906, 145.066452026, -33.6280059814, 329.824707031, 8.94167613983, 145.612350464, -57.975769043, 104.372924805, -46.6016349792, 67.8773040771, -42.5250434875, 38.4312591553], [1499.44592285, -598.070861816, 324.096221924, 227.441757202, 8.94167613983, 398.445983887, -7.42196798325, 191.925888062, -18.9589519501, 149.622192383, -44.3806838989, 118.023544312, -34.430480957], [-832.297424316, 516.168273926, -9.89678764343, -7.87014007568, 145.612350464, -7.42196798325, 246.00213623, -15.5709466934, 106.71950531, -60.5074539185, 80.9334945679, -51.7308044434, 55.6904525757], [1031.90063477, -572.946350098, 100.580291748, 149.921951294, -57.975769043, 191.925888062, -15.5709466934, 227.080871582, -4.43879890442, 121.491897583, -50.6054611206, 95.8887176514, -29.982427597], [-541.09362793, 360.048583984, 2.74851155281, -3.1904361248, 104.372924805, -18.9589519501, 106.71950531, -4.43879890442, 139.984344482, -12.1394901276, 68.4247589111, -39.5281181335, 36.1099777222], [910.324951172, -534.311279297, 83.9182891846, 127.997665405, -46.6016349792, 149.622192383, -60.5074539185, 121.491897583, -12.1394901276, 178.122207642, -25.5366573334, 84.6833343506, -41.4867172241], [-504.183807373, 336.15246582, -69.7191925049, 2.47599744797, 67.8773040771, -44.3806838989, 80.9334945679, -50.6054611206, 68.4247589111, -25.5366573334, 126.504692078, -22.558971405, 44.8886222839], [776.460632324, -427.57232666, 73.3278121948, 45.6661987305, -42.5250434875, 118.023544312, -51.7308044434, 95.8887176514, -39.5281181335, 84.6833343506, -22.558971405, 149.482681274, -4.72384262085], [-285.588775635, 233.745544434, -70.8659362793, -11.572886467, 38.4312591553, -34.430480957, 55.6904525757, -29.982427597, 36.1099777222, -41.4867172241, 44.8886222839, -4.72384262085, 89.7404251099]],
        "icov": [[0.000154011213453, -0.000234890860156, 6.54733521515e-05, -0.000229998142458, 0.000254033657257, -0.00041392626008, 0.000420943804784, -0.000322704523569, 0.000346352288034, -0.000339582184097, 0.000265084730927, -0.000356725417078, 3.96120303776e-05], [-0.000234890860156, 0.00181347015314, -0.000365915242583, 0.00104081758764, -0.00142577313818, 0.000976750045083, -0.00134457135573, 0.00152357656043, -0.00162482156884, 0.00195948779583, -0.00147358467802, 0.0018587250961, -0.000902395928279], [6.54733521515e-05, -0.000365915242583, 0.00134270079434, -0.00049262761604, -0.000341309321811, -0.00127975991927, 0.000544380047359, 0.000216821819777, -0.000197212517378, 0.000115086317237, 0.00103600835428, -0.000857946753968, 0.0011171833612], [-0.000229998142458, 0.00104081758764, -0.00049262761604, 0.00375556969084, -0.00052780425176, -0.000375499977963, -0.000783274299465, -0.000419530435465, -0.000113187103125, -0.000139561205287, -0.00240776268765, 0.00304653518833, -0.00157400034368], [0.000254033657257, -0.00142577313818, -0.000341309321811, -0.00052780425176, 0.00660358695313, -0.00185635488015, -0.000807902019005, 0.000816992484033, -0.00121478119399, -0.00151453877334, 0.00110257067718, -0.0018075738335, 0.000560630753171], [-0.00041392626008, 0.000976750045083, -0.00127975991927, -0.000375499977963, -0.00185635488015, 0.00801184494048, -0.00247091799974, -0.00181491253898, 0.000430741725722, -0.000891975068953, -0.000604794709943, -0.000343822990544, -0.000425792793976], [0.000420943804784, -0.00134457135573, 0.000544380047359, -0.000783274299465, -0.000807902019005, -0.00247091799974, 0.0101653989404, -0.00374006503262, -0.00139742880128, 0.0013444123324, -0.00141954526771, 0.000198231165996, -0.00108497624751], [-0.000322704523569, 0.00152357656043, 0.000216821819777, -0.000419530435465, 0.000816992484033, -0.00181491253898, -0.00374006503262, 0.0139224454761, -0.00571701908484, -0.000848087016493, 0.00374802248552, -0.00294017768465, 0.000926816894207], [0.000346352288034, -0.00162482156884, -0.000197212517378, -0.000113187103125, -0.00121478119399, 0.000430741725722, -0.00139742880128, -0.00571701908484, 0.0175644848496, -0.00511817261577, -0.00414245761931, 0.00302598229609, -0.0023957178928], [-0.000339582184097, 0.00195948779583, 0.000115086317237, -0.000139561205287, -0.00151453877334, -0.000891975068953, 0.0013444123324, -0.000848087016493, -0.00511817261577, 0.0156804546714, -0.0029344141949, -0.00192323850933, 0.00375213776715], [0.000265084730927, -0.00147358467802, 0.00103600835428, -0.00240776268765, 0.00110257067718, -0.000604794709943, -0.00141954526771, 0.00374802248552, -0.00414245761931, -0.0029344141949, 0.0165061466396, -0.00446027889848, -0.00156259164214], [-0.000356725417078, 0.0018587250961, -0.000857946753968, 0.00304653518833, -0.0018075738335, -0.000343822990544, 0.000198231165996, -0.00294017768465, 0.00302598229609, -0.00192323850933, -0.00446027889848, 0.016096111387, -0.00575278187171], [3.96120303776e-05, -0.000902395928279, 0.0011171833612, -0.00157400034368, 0.000560630753171, -0.000425792793976, -0.00108497624751, 0.000926816894207, -0.0023957178928, 0.00375213776715, -0.00156259164214, -0.00575278187171, 0.0180558972061]]
    },
    "melbands": {
        "dmean": [0.00259493407793, 0.00207681581378, 0.000749127648305, 0.000673097500112, 0.000327206333168, 0.00025194050977, 0.000200310794753, 9.99020703603e-05, 9.68671083683e-05, 4.70149352623e-05, 4.73907639389e-05, 5.6964741816e-05, 3.05385983665e-05, 1.85158205568e-05, 2.50092471106e-05, 1.12887910291e-05, 9.97796541924e-06, 8.44683017931e-06, 1.06576781036e-05, 7.95597952674e-06, 8.31311172078e-06, 7.17444345355e-06, 6.21610297458e-06, 5.65904520045e-06, 7.71392387833e-06, 7.18716091797e-06, 5.25822451891e-06, 5.50219510842e-06, 5.35536219104e-06, 4.29366536991e-06, 5.75678996029e-06, 4.94879986945e-06, 4.82663972434e-06, 3.51712651536e-06, 2.29440843214e-06, 2.54485235018e-06, 4.93393326906e-06, 3.37136157214e-06, 1.1391099406e-06, 1.22220967569e-06],
        "dmean2": [0.00410377699882, 0.00317979510874, 0.00116985058412, 0.00111895473674, 0.000537262007128, 0.000412630150095, 0.000302622996969, 0.000145888858242, 0.000145394631545, 7.25646386854e-05, 7.39788301871e-05, 8.58370185597e-05, 4.63046671939e-05, 3.05128032778e-05, 4.08695595979e-05, 1.82245166798e-05, 1.61321622727e-05, 1.38604391395e-05, 1.76626417669e-05, 1.27526645883e-05, 1.34290157803e-05, 1.16766059364e-05, 9.5906043498e-06, 8.68771530804e-06, 1.14142103484e-05, 1.05785893538e-05, 7.72836938268e-06, 7.95803134679e-06, 7.89963814896e-06, 6.13828206042e-06, 8.90699629963e-06, 7.6388951129e-06, 7.04065996615e-06, 5.22189475305e-06, 3.38071163242e-06, 3.72798626813e-06, 7.87667522673e-06, 5.29172393726e-06, 1.68204519468e-06, 1.9247779619e-06],
        "dvar": [1.54886602104e-05, 9.92630339169e-06, 1.2864134078e-06, 1.97533563551e-06, 4.66013489131e-07, 4.04465112069e-07, 3.54715012918e-07, 7.93614205463e-08, 4.56326034737e-08, 1.02595052454e-08, 2.37492390198e-08, 2.26203962228e-08, 7.12585990215e-09, 3.33613492387e-09, 6.07563155341e-09, 1.09924314096e-09, 4.3034273367e-10, 3.59757557078e-10, 6.98834601298e-10, 4.77408557131e-10, 4.34508956593e-10, 3.09508141338e-10, 2.72384476085e-10, 2.17870235741e-10, 4.78350803412e-10, 3.26336652146e-10, 1.29815116989e-10, 1.96577767952e-10, 1.4987988628e-10, 1.16636075798e-10, 2.3263010962e-10, 1.07442346686e-10, 1.13131677637e-10, 5.06668942912e-11, 1.94322405389e-11, 2.20209076668e-11, 2.82446649402e-10, 1.22462665009e-10, 4.54022019633e-12, 1.12885820483e-11],
        "dvar2": [3.54078001692e-05, 2.08811088669e-05, 3.04112631966e-06, 4.90811862619e-06, 1.26911311327e-06, 1.07850792119e-06, 8.01732767286e-07, 1.30449166136e-07, 9.27286549768e-08, 2.40998936363e-08, 4.49579964368e-08, 4.50102852767e-08, 1.50135885946e-08, 8.26096968609e-09, 1.49226018209e-08, 2.63529664757e-09, 1.06164632641e-09, 9.23070286873e-10, 1.92260318777e-09, 1.19839504986e-09, 1.09896924894e-09, 7.94835308682e-10, 6.70624999977e-10, 5.06702735326e-10, 1.07561892726e-09, 7.31984806102e-10, 2.70845373906e-10, 4.00904032194e-10, 3.1305136261e-10, 2.2463012006e-10, 5.6653637337e-10, 2.50835102689e-10, 2.47073056459e-10, 1.02403890923e-10, 4.14491670153e-11, 4.92310359146e-11, 7.41989025776e-10, 3.17258247451e-10, 9.6959098736e-12, 2.81543156844e-11],
        "max": [0.0446250252426, 0.0385471358895, 0.0210273843259, 0.0375296548009, 0.01110506244, 0.0136234145612, 0.0166759155691, 0.0087369279936, 0.00549763208255, 0.00158362113871, 0.00476220343262, 0.00488673616201, 0.00267825531773, 0.00217153131962, 0.00209950096905, 0.000666381965857, 0.000394913775381, 0.000336650555255, 0.000504644005559, 0.000737684196793, 0.000333089090418, 0.000344391068211, 0.000237616841332, 0.000262581801508, 0.000404000078561, 0.000314840843203, 0.000161779171322, 0.000474587752251, 0.000315357610816, 0.000438419519924, 0.000203395175049, 0.000120855176647, 0.000131942244479, 0.000112225228804, 6.1769853346e-05, 6.25711982138e-05, 0.000183294221642, 0.000124831407447, 2.6009436624e-05, 5.27784504811e-05],
        "mean": [0.00524820992723, 0.00410360936075, 0.00129164592363, 0.000819444598164, 0.000437297276221, 0.000344184052665, 0.000287860166281, 0.000148284976603, 0.000156856011017, 7.35853827791e-05, 6.69026558171e-05, 0.000100673860288, 5.25518589711e-05, 2.61997956841e-05, 3.43341198459e-05, 1.49742481881e-05, 1.417149997e-05, 1.0993459e-05, 1.45296935443e-05, 1.13531013994e-05, 1.14742579171e-05, 1.1053194612e-05, 9.09267600946e-06, 7.99474491942e-06, 1.13604992293e-05, 1.02500416688e-05, 8.19806427899e-06, 7.90915783e-06, 7.95266441855e-06, 6.81895835442e-06, 7.76656906964e-06, 6.37296943751e-06, 6.1483956415e-06, 4.67645168101e-06, 3.4607373891e-06, 3.67963593817e-06, 5.375710316e-06, 3.69917779608e-06, 1.76739501967e-06, 1.78422897079e-06],
        "median": [0.00242335326038, 0.00251748086885, 0.000762752781156, 0.000314404634992, 0.000178799440619, 0.000134460744448, 8.78580540302e-05, 4.28090206697e-05, 4.10645807278e-05, 2.34623948927e-05, 1.40308075061e-05, 1.713684469e-05, 9.42474343901e-06, 6.05066134085e-06, 6.90399156156e-06, 3.45843318428e-06, 3.94710150431e-06, 3.01833370031e-06, 3.05052708427e-06, 2.38259190155e-06, 2.24493351197e-06, 2.93712355415e-06, 2.3571683414e-06, 2.07242146644e-06, 1.98220368475e-06, 2.18684590436e-06, 1.99202736439e-06, 1.58049169841e-06, 1.57522993049e-06, 1.46409638546e-06, 1.482693051e-06, 1.4973212501e-06, 1.20343861454e-06, 1.01168075162e-06, 9.11932488634e-07, 8.9544016646e-07, 6.17853402218e-07, 5.46690671399e-07, 3.60223225471e-07, 2.96721879067e-07],
        "min": [2.21958933281e-24, 3.74353193155e-24, 1.08264552532e-24, 1.24578166469e-24, 2.57159366265e-24, 2.21749254053e-24, 2.25077911807e-24, 2.48974776601e-24, 3.90325062688e-24, 6.02020856427e-24, 2.62358275175e-24, 1.4550114398e-24, 4.11944624099e-24, 3.80742414284e-24, 5.29448808591e-24, 2.81445671967e-24, 6.07496576629e-24, 8.55879135627e-24, 4.72430612893e-24, 6.00828217068e-24, 4.87708994804e-24, 6.2815002009e-24, 5.65596032433e-24, 6.21077803188e-24, 5.56293271879e-24, 6.01910810331e-24, 7.32018270518e-24, 7.21043400946e-24, 5.78749538609e-24, 4.79255245799e-24, 5.37721750676e-24, 6.58162036014e-24, 5.80416204487e-24, 7.71525844601e-24, 7.22573396672e-24, 6.89340027798e-24, 6.22661757e-24, 7.3920589777e-24, 7.85753818774e-24, 6.2138336846e-24],
        "var": [4.0594029997e-05, 2.48112610279e-05, 2.55046552411e-06, 2.60931187768e-06, 5.22751122389e-07, 4.73311388305e-07, 5.65637833461e-07, 1.90258759858e-07, 1.22913192513e-07, 2.06616803666e-08, 4.57683704269e-08, 6.99217110878e-08, 2.08342250119e-08, 5.76708325539e-09, 1.00075618903e-08, 1.79207115814e-09, 7.7568312884e-10, 4.16938150671e-10, 1.15016873803e-09, 8.44463277083e-10, 7.13237080507e-10, 4.95856133931e-10, 3.95537658182e-10, 3.29679838984e-10, 7.87764742327e-10, 5.32393185093e-10, 2.49212400716e-10, 3.48378409454e-10, 2.74725603377e-10, 2.51838910836e-10, 3.23359339305e-10, 1.50672987975e-10, 1.65429350774e-10, 8.03323657594e-11, 3.37488925695e-11, 3.94443644414e-11, 2.48228770872e-10, 1.09932667136e-10, 9.77087508125e-12, 1.8409820543e-11]
    },
    "mfcc": {
        "mean": [-680.124755859, 119.123924255, 34.1011543274, 31.3441982269, 5.43193912506, 9.47136974335, 2.92788434029, 7.02880954742, 1.01820290089, 2.91853404045, -0.257071435452, 0.588511824608, 0.502662599087],
        "cov": [[13381.0341797, -3164.08837891, 228.470474243, 333.305755615, 31.8054428101, 384.811767578, 32.9607620239, 177.079101562, 185.540908813, 116.001991272, 70.7997589111, 266.99911499, 47.8820343018], [-3164.08837891, 3017.8359375, -87.8870544434, -76.1616210938, 118.867973328, -29.5435314178, 69.3139419556, 14.4839715958, -20.3109588623, -43.2751998901, -65.0908966064, -95.642791748, 48.7678451538], [228.470474243, -87.8870544434, 810.231872559, 103.983375549, 187.1328125, 176.742843628, 67.3148880005, 84.2833251953, 43.0558662415, 64.0763778687, 54.7836494446, -0.234507784247, -7.40839147568], [333.305755615, -76.1616210938, 103.983375549, 260.11428833, 54.0591773987, 76.7442016602, 45.1123657227, 29.3699264526, 25.62084198, 52.5720596313, 32.3505477905, 31.1845283508, 18.8422927856], [31.8054428101, 118.867973328, 187.1328125, 54.0591773987, 205.396408081, 93.3937683105, 45.8019828796, 31.0171909332, 35.1171340942, 17.110332489, 33.9933929443, 19.3580532074, 23.8385429382], [384.811767578, -29.5435314178, 176.742843628, 76.7442016602, 93.3937683105, 193.792633057, 77.5283508301, 63.7456741333, 43.5474205017, 46.7754669189, 36.9043998718, 36.8715667725, 37.3714637756], [32.9607620239, 69.3139419556, 67.3148880005, 45.1123657227, 45.8019828796, 77.5283508301, 117.655677795, 63.7586364746, 44.4500541687, 31.2374477386, 16.9948406219, 27.7224655151, 32.4998664856], [177.079101562, 14.4839715958, 84.2833251953, 29.3699264526, 31.0171909332, 63.7456741333, 63.7586364746, 131.259277344, 63.9557342529, 27.5254669189, 25.2725276947, 26.410692215, 28.5249538422], [185.540908813, -20.3109588623, 43.0558662415, 25.62084198, 35.1171340942, 43.5474205017, 44.4500541687, 63.9557342529, 119.447189331, 31.8607959747, 28.7107524872, 36.1556472778, 19.458366394], [116.001991272, -43.2751998901, 64.0763778687, 52.5720596313, 17.110332489, 46.7754669189, 31.2374477386, 27.5254669189, 31.8607959747, 117.249961853, 34.8889198303, 20.5844268799, 9.26215362549], [70.7997589111, -65.0908966064, 54.7836494446, 32.3505477905, 33.9933929443, 36.9043998718, 16.9948406219, 25.2725276947, 28.7107524872, 34.8889198303, 94.4439239502, 43.6174545288, 13.9692420959], [266.99911499, -95.642791748, -0.234507784247, 31.1845283508, 19.3580532074, 36.8715667725, 27.7224655151, 26.410692215, 36.1556472778, 20.5844268799, 43.6174545288, 90.7098312378, 37.8716087341], [47.8820343018, 48.7678451538, -7.40839147568, 18.8422927856, 23.8385429382, 37.3714637756, 32.4998664856, 28.5249538422, 19.458366394, 9.26215362549, 13.9692420959, 37.8716087341, 81.4886016846]],
