{
"lowlevel": {
    "average_loudness": 0.74241232872,
    "barkbands_crest": {
        "dmean": 2.94910979271,
        "dmean2": 4.56857061386,
        "dvar": 9.05566692352,
        "dvar2": 18.4714851379,
        "max": 26.6528511047,
        "mean": 10.1921443939,
        "median": 8.59029006958,
        "min": 2.16893696785,
        "var": 29.6200847626
    },
    "barkbands_flatness_db": {
        "dmean": 0.042127776891,
        "dmean2": 0.0636314451694,
        "dvar": 0.00210630311631,
        "dvar2": 0.00465064682066,
        "max": 0.504940629005,
        "mean": 0.139176875353,
        "median": 0.122710354626,
        "min": 0.0146574731916,
        "var": 0.00560203474015
    },
    "barkbands_kurtosis": {
        "dmean": 10.2530221939,
        "dmean2": 16.5634365082,
        "dvar": 2839.52636719,
        "dvar2": 6615.875,
        "max": 1840.82202148,
        "mean": 12.0089349747,
        "median": 2.78402471542,
        "min": -1.81754720211,
        "var": 3437.74829102
    },
    "barkbands_skewness": {
        "dmean": 0.902652382851,
        "dmean2": 1.41141164303,
        "dvar": 1.97764468193,
        "dvar2": 4.22800588608,
        "max": 36.0088195801,
        "mean": 2.12129497528,
        "median": 1.64204216003,
        "min": -4.36249494553,
        "var": 4.77063751221
    },
    "barkbands_spread": {
        "dmean": 7.45350885391,
        "dmean2": 11.7976903915,
        "dvar": 67.040687561,
        "dvar2": 154.614181519,
        "max": 136.526245117,
        "mean": 19.9206695557,
        "median": 18.0251998901,
        "min": 0.111657269299,
        "var": 166.318725586
    },
    "dissonance": {
        "dmean": 0.0185266360641,
        "dmean2": 0.0310467779636,
        "dvar": 0.000384423008654,
        "dvar2": 0.00101084052585,
        "max": 0.500000178814,
        "mean": 0.472789317369,
        "median": 0.479574739933,
        "min": 0.256143420935,
        "var": 0.000639553705696
    },
    "dynamic_complexity": 4.32313251495,
    "erbbands_crest": {
        "dmean": 2.43457889557,
        "dmean2": 4.02517747879,
        "dvar": 5.76395463943,
        "dvar2": 14.6676673889,
        "max": 26.2577285767,
        "mean": 7.3243522644,
        "median": 6.46190357208,
        "min": 2.3123652935,
        "var": 11.221581459
    },
    "erbbands_flatness_db": {
        "dmean": 0.0238951146603,
        "dmean2": 0.0361416935921,
        "dvar": 0.000539447297342,
        "dvar2": 0.00123679614626,
        "max": 0.353044182062,
        "mean": 0.143724769354,
        "median": 0.130084052682,
        "min": 0.0496001392603,
        "var": 0.00277571193874
    },
    "erbbands_kurtosis": {
        "dmean": 1.60938215256,
        "dmean2": 2.65467166901,
        "dvar": 9.3545293808,
        "dvar2": 23.3072948456,
        "max": 48.1184921265,
        "mean": 0.733548760414,
        "median": -0.3955514431,
        "min": -1.78525912762,
        "var": 12.007396698
    },
    "erbbands_skewness": {
        "dmean": 0.534575104713,
        "dmean2": 0.843271791935,
        "dvar": 0.32927519083,
        "dvar2": 0.815631210804,
        "max": 5.63283061981,
        "mean": 0.557396948338,
        "median": 0.386003851891,
        "min": -3.43370580673,
        "var": 0.732323050499
    },
    "erbbands_spread": {
        "dmean": 10.583363533,
        "dmean2": 16.9306201935,
        "dvar": 107.114517212,
        "dvar2": 268.129180908,
        "max": 127.334686279,
        "mean": 41.7844238281,
        "median": 41.5580444336,
        "min": 4.23886299133,
        "var": 300.001586914
    },
    "hfc": {
        "dmean": 9.3141040802,
        "dmean2": 13.9283018112,
        "dvar": 200.138504028,
        "dvar2": 454.584655762,
        "max": 130.098358154,
        "mean": 14.2875452042,
        "median": 7.68356657028,
        "min": 1.0966642109e-16,
        "var": 316.100646973
    },
    "melbands_crest": {
        "dmean": 3.86295986176,
        "dmean2": 6.00717544556,
        "dvar": 14.3747472763,
        "dvar2": 31.5574569702,
        "max": 34.8983078003,
        "mean": 14.1580648422,
        "median": 12.3349981308,
        "min": 1.61151528358,
        "var": 44.5861930847
    },
    "melbands_flatness_db": {
        "dmean": 0.0528313294053,
        "dmean2": 0.0798923298717,
        "dvar": 0.00323344091885,
        "dvar2": 0.00724769756198,
        "max": 0.630647957325,
        "mean": 0.216531857848,
        "median": 0.201492920518,
        "min": 0.00490341382101,
        "var": 0.00890909601003
    },
    "melbands_kurtosis": {
        "dmean": 14.8293991089,
        "dmean2": 23.5349502563,
        "dvar": 1335.02331543,
        "dvar2": 2754.58105469,
        "max": 1037.29089355,
        "mean": 22.4985980988,
        "median": 9.27030944824,
        "min": -1.79126918316,
        "var": 2608.37524414
    },
    "melbands_skewness": {
        "dmean": 1.04868376255,
        "dmean2": 1.64950728416,
        "dvar": 1.67692518234,
        "dvar2": 3.76886796951,
        "max": 20.8317699432,
        "mean": 3.03589248657,
        "median": 2.48844242096,
        "min": -1.31661605835,
        "var": 4.69290351868
    },
    "melbands_spread": {
        "dmean": 8.63875007629,
        "dmean2": 13.89818573,
        "dvar": 103.259300232,
        "dvar2": 249.075531006,
        "max": 175.730743408,
        "mean": 19.7506828308,
        "median": 16.5266342163,
        "min": 0.178361356258,
        "var": 232.241348267
    },
    "pitch_salience": {
        "dmean": 0.0911991745234,
        "dmean2": 0.137353792787,
        "dvar": 0.00837690941989,
        "dvar2": 0.0170390661806,
        "max": 0.987600982189,
        "mean": 0.606313705444,
        "median": 0.656693041325,
        "min": 0.0115194804966,
        "var": 0.0298204869032
    },
    "silence_rate_20dB": {
        "dmean": 0,
        "dmean2": 0,
        "dvar": 0,
        "dvar2": 0,
        "max": 1,
        "mean": 1,
        "median": 1,
        "min": 1,
        "var": 0
    },
    "silence_rate_30dB": {
        "dmean": 0.0168653018773,
        "dmean2": 0.0337343961,
        "dvar": 0.0165816973895,
        "dvar2": 0.0472128354013,
        "max": 1,
        "mean": 0.989432275295,
        "median": 1,
        "min": 0,
        "var": 0.0104568693787
    },
    "silence_rate_60dB": {
        "dmean": 0.0483472011983,
        "dmean2": 0.0967052727938,
        "dvar": 0.0460139326751,
        "dvar2": 0.11523142457,
        "max": 1,
        "mean": 0.125126481056,
        "median": 0,
        "min": 0,
        "var": 0.109489515424
    },
    "spectral_centroid": {
        "dmean": 387.846984863,
        "dmean2": 620.679382324,
        "dvar": 162295.03125,
        "dvar2": 384830.5625,
        "max": 11443.3535156,
        "mean": 1203.4317627,
        "median": 1109.69946289,
        "min": 101.868606567,
        "var": 459203.28125
    },
    "spectral_complexity": {
        "dmean": 6.29210710526,
        "dmean2": 9.44360733032,
        "dvar": 48.9752883911,
        "dvar2": 101.821502686,
        "max": 61,
        "mean": 16.5660476685,
        "median": 14,
        "min": 0,
        "var": 140.427932739
    },
    "spectral_decrease": {
        "dmean": 3.60400376209e-09,
        "dmean2": 5.34707700339e-09,
        "dvar": 2.84474493323e-17,
        "dvar2": 7.30769535786e-17,
        "max": 2.36654414352e-21,
        "mean": -6.19700513127e-09,
        "median": -3.33697314225e-09,
        "min": -6.17602324837e-08,
        "var": 5.5644850088e-17
    },
    "spectral_energy": {
        "dmean": 0.0142610529438,
        "dmean2": 0.021113563329,
        "dvar": 0.000431847613072,
        "dvar2": 0.00109901675023,
        "max": 0.238112896681,
        "mean": 0.0246848817915,
        "median": 0.0135450530797,
        "min": 9.93672682814e-21,
        "var": 0.000847405230161
    },
    "spectral_energyband_high": {
        "dmean": 0.000523144844919,
        "dmean2": 0.0007983140531,
        "dvar": 6.9969399874e-07,
        "dvar2": 1.61210164151e-06,
        "max": 0.0105283437297,
        "mean": 0.000698447576724,
        "median": 0.0002214959095,
        "min": 7.043579433e-21,
        "var": 1.14777856197e-06
    },
    "spectral_energyband_low": {
        "dmean": 0.00743125751615,
        "dmean2": 0.0108810728416,
        "dvar": 0.000222531030886,
        "dvar2": 0.000574935751501,
        "max": 0.154270336032,
        "mean": 0.0118238218129,
        "median": 0.0031491771806,
        "min": 3.7042958045e-23,
        "var": 0.000477905065054
    },
    "spectral_energyband_middle_high": {
        "dmean": 0.00208934559487,
        "dmean2": 0.00330368103459,
        "dvar": 1.18739535537e-05,
        "dvar2": 2.85084970528e-05,
        "max": 0.0366406589746,
        "mean": 0.00289310561493,
        "median": 0.00133240118157,
        "min": 1.27497158579e-21,
        "var": 1.63958829944e-05
    },
    "spectral_energyband_middle_low": {
        "dmean": 0.00807913858443,
        "dmean2": 0.0128903528675,
        "dvar": 0.000223461160203,
        "dvar2": 0.000550106691662,
        "max": 0.156764641404,
        "mean": 0.0104538295418,
        "median": 0.00575840100646,
        "min": 2.36038138542e-22,
        "var": 0.000228490040172
    },
    "spectral_entropy": {
        "dmean": 0.303972125053,
        "dmean2": 0.47163900733,
        "dvar": 0.116706110537,
        "dvar2": 0.280554562807,
        "max": 9.80892944336,
        "mean": 7.59745454788,
        "median": 7.69568252563,
        "min": 5.40381145477,
        "var": 0.245836377144
    },
    "spectral_flux": {
        "dmean": 0.0310566518456,
        "dmean2": 0.0458205901086,
        "dvar": 0.00153301749378,
        "dvar2": 0.00285080750473,
        "max": 0.398107647896,
        "mean": 0.0891132801771,
        "median": 0.0690538808703,
        "min": 6.68210417554e-11,
        "var": 0.00450000353158
    },
    "spectral_kurtosis": {
        "dmean": 2.87171125412,
        "dmean2": 4.7302904129,
        "dvar": 25.275094986,
        "dvar2": 66.5832214355,
        "max": 89.1607055664,
        "mean": 5.51946640015,
        "median": 3.85291862488,
        "min": -1.22811067104,
        "var": 33.1749801636
    },
    "spectral_rms": {
        "dmean": 0.00127898936626,
        "dmean2": 0.00181687134318,
        "dvar": 2.00842100639e-06,
        "dvar2": 4.66460141979e-06,
        "max": 0.0152415633202,
        "mean": 0.00417307997122,
        "median": 0.00363520090468,
        "min": 3.11357797184e-12,
        "var": 6.6682432589e-06
    },
    "spectral_rolloff": {
        "dmean": 623.885681152,
        "dmean2": 1044.30200195,
        "dvar": 856332.8125,
        "dvar2": 1990425.5,
        "max": 19229.1503906,
        "mean": 1275.00695801,
        "median": 839.794921875,
        "min": 64.599609375,
        "var": 1867038.25
    },
    "spectral_skewness": {
        "dmean": 0.383655905724,
        "dmean2": 0.60768020153,
        "dvar": 0.224664568901,
        "dvar2": 0.564042389393,
        "max": 7.32221031189,
        "mean": 1.67597770691,
        "median": 1.53003823757,
        "min": -0.0494886003435,
        "var": 0.471050053835
    },
    "spectral_spread": {
        "dmean": 783054.0625,
        "dmean2": 1167819.375,
        "dvar": 770255224832,
        "dvar2": 1.46208745062e+12,
        "max": 42241184,
        "mean": 4657425.5,
        "median": 4649680.5,
        "min": 957606.375,
        "var": 3.17822835098e+12
    },
    "spectral_strongpeak": {
        "dmean": 0.244204252958,
        "dmean2": 0.403185516596,
        "dvar": 0.115397937596,
        "dvar2": 0.30318325758,
        "max": 6.47272157669,
        "mean": 0.38817974925,
        "median": 0.266277045012,
        "min": 0,
        "var": 0.151812851429
    },
    "zerocrossingrate": {
        "dmean": 0.0138690210879,
        "dmean2": 0.0166543275118,
        "dvar": 0.000208483048482,
        "dvar2": 0.000276490580291,
        "max": 0.6181640625,
        "mean": 0.0554610639811,
        "median": 0.04833984375,
        "min": 0.00244140625,
        "var": 0.00144522672053
    },
    "barkbands": {
        "dmean": [0.000130652086227, 0.00550335692242, 0.00226170918904, 0.00237245461904, 0.003221741179, 0.00163912971038, 0.00157709198538, 0.000807256030384, 0.000506091339048, 0.000409248721553, 0.000305022520479, 0.000330003764248, 0.000353489129338, 0.000262032379396, 0.000219955152716, 0.000199317510123, 0.000205627104151, 0.00016725299065, 0.000152693406562, 0.000143292068969, 0.000128806059365, 9.09921727725e-05, 7.65696386225e-05, 5.85842208238e-05, 7.17034563422e-05, 6.22618754278e-05, 1.17407344078e-05],
        "dmean2": [0.000188892197912, 0.00722300074995, 0.00338599155657, 0.00421731220558, 0.0054529402405, 0.00270687881857, 0.00264570349827, 0.00133042398375, 0.000849308620673, 0.000668772205245, 0.00050593650667, 0.000541997083928, 0.000612768926658, 0.000441042415332, 0.000373448361643, 0.000340567086823, 0.000352069881046, 0.000272792298347, 0.000253657111898, 0.000234031729633, 0.00020672068058, 0.000144039149745, 0.000115885144623, 9.03239269974e-05, 0.000110065178887, 9.93454596028e-05, 2.02323080885e-05],
        "dvar": [4.29475974784e-08, 0.000162481315783, 3.71214446204e-05, 5.99197446718e-05, 5.22732443642e-05, 1.92405059352e-05, 8.91301260708e-06, 2.56482462646e-06, 8.26456755476e-07, 6.89875889748e-07, 3.99982752697e-07, 3.94022720229e-07, 5.81584572501e-07, 2.14326917103e-07, 1.7623358417e-07, 1.1781449416e-07, 1.57827045655e-07, 9.97999549668e-08, 8.46860004344e-08, 8.02224562335e-08, 5.32109432072e-08, 2.43342554995e-08, 1.70512581832e-08, 9.42360234291e-09, 1.6252970525e-08, 1.4897961087e-08, 8.71220984244e-10],
        "dvar2": [8.95655887234e-08, 0.000322999287164, 7.46999066905e-05, 0.000167984544532, 0.000142122516991, 5.26496296516e-05, 2.38349512074e-05, 6.46135413263e-06, 2.15692080019e-06, 1.743401981e-06, 1.02171088656e-06, 9.60984380072e-07, 1.5613937876e-06, 5.40838129837e-07, 4.49911794931e-07, 3.00007229725e-07, 4.06798420727e-07, 2.3860792453e-07, 2.14591210579e-07, 1.99411061885e-07, 1.2920325787e-07, 5.69876092982e-08, 3.64894958693e-08, 2.1829647423e-08, 3.6225703326e-08, 3.53346436555e-08, 2.30009322699e-09],
        "max": [0.00246308464557, 0.131617233157, 0.0856985151768, 0.100234135985, 0.0721837878227, 0.0719431862235, 0.0313996747136, 0.0372748821974, 0.0164710897952, 0.0238177683204, 0.013823014684, 0.0103914728388, 0.0113237164915, 0.00955374725163, 0.0068467091769, 0.00361618981697, 0.00655767554417, 0.00551428366452, 0.00498510431498, 0.00762586388737, 0.00434643961489, 0.00228079711087, 0.00177401409019, 0.00133026263211, 0.00140441930853, 0.00140656658914, 0.000416373106418],
        "mean": [0.00019387647626, 0.00810452736914, 0.00244742445648, 0.00182061688974, 0.00337867764756, 0.00196950254031, 0.00169169856235, 0.000857382663526, 0.000544316542801, 0.000462392228656, 0.000325349974446, 0.000360643811291, 0.000337514531566, 0.000311368348775, 0.000235295985476, 0.000224854447879, 0.000238605294726, 0.000201607705094, 0.000197395202122, 0.000178870468517, 0.000164741359185, 0.000126337981783, 9.87848252407e-05, 6.97390350979e-05, 7.42493721191e-05, 5.97016187385e-05, 9.38820903684e-06],
        "median": [6.84008118697e-05, 0.00167195033282, 0.000346827262547, 0.000288784736767, 0.00127713161055, 0.000987178063951, 0.00073486531619, 0.000281042506685, 0.000208630808629, 0.000175562512595, 9.17877841857e-05, 9.59544340731e-05, 9.66422448982e-05, 0.000104024569737, 7.38941307645e-05, 7.38480157452e-05, 8.65319016157e-05, 5.95777491981e-05, 6.49868525215e-05, 4.81956994918e-05, 4.84630545543e-05, 3.3988377254e-05, 2.66921560979e-05, 1.76326138899e-05, 1.10539549496e-05, 8.40152279125e-06, 4.62243377797e-07],
        "min": [1.12897986223e-23, 9.95970498316e-24, 1.94706865563e-24, 3.0726633185e-24, 1.39288286511e-23, 2.29523150896e-23, 2.36507851569e-23, 2.30279700059e-23, 2.86658421441e-23, 4.6775734567e-23, 4.01927786654e-23, 3.49635869632e-23, 5.05180654578e-23, 8.08411844569e-23, 1.14942814663e-22, 7.25762004005e-23, 1.26432782007e-22, 1.42312337459e-22, 2.00978484098e-22, 2.01076530042e-22, 3.69948223837e-22, 4.56769093862e-22, 4.61410170827e-22, 7.68460078688e-22, 9.21336727794e-22, 1.52898247486e-21, 2.02204300739e-21],
        "var": [9.10833506396e-08, 0.000324796797941, 4.66722121928e-05, 3.77282412956e-05, 4.08759624406e-05, 1.50476234921e-05, 8.1083871919e-06, 2.74957824331e-06, 8.63752063651e-07, 7.43112934742e-07, 4.21347721158e-07, 4.68024467182e-07, 4.74387718441e-07, 2.7293233984e-07, 1.87066945045e-07, 1.38606708333e-07, 1.73608952991e-07, 1.30061962977e-07, 1.13224743359e-07, 1.08341374983e-07, 8.02371857844e-08, 4.41588312583e-08, 2.94051325511e-08, 1.50182017933e-08, 2.18077982339e-08, 1.67714979682e-08, 7.49326767302e-10]
    },
    "erbbands": {
        "dmean": [0.163183882833, 1.28868794441, 2.07615852356, 6.30933332443, 8.77536487579, 11.6937046051, 12.2501897812, 14.4370069504, 23.6472682953, 19.3484706879, 15.6561307907, 11.85820961, 13.0424413681, 11.9993438721, 11.4826021194, 14.1014652252, 15.9897384644, 13.8718366623, 11.6324396133, 11.8758211136, 10.5769100189, 11.3804693222, 9.51404857635, 8.21735286713, 7.00029706955, 6.45074796677, 5.87144136429, 4.84680843353, 3.36480164528, 2.75270199776, 2.01520991325, 1.36869013309, 0.924088478088, 0.890799939632, 0.459376484156, 0.258435189724, 0.114277273417, 0.0269761029631, 0.00200015795417, 4.46562953584e-05],
        "dmean2": [0.200404062867, 1.76997077465, 2.84662890434, 10.7743015289, 15.2592449188, 19.6307220459, 20.6174240112, 24.2717342377, 39.4639434814, 32.684261322, 25.3717021942, 19.5474262238, 21.5979824066, 19.6154785156, 18.6318817139, 22.9976348877, 27.4070510864, 23.6256828308, 19.2577705383, 20.3882255554, 17.8846664429, 19.5341491699, 15.775841713, 13.3622493744, 11.5110712051, 10.5202045441, 9.52604389191, 7.81842088699, 5.38493919373, 4.29204463959, 3.01380419731, 2.0747358799, 1.44798600674, 1.39656102657, 0.699958622456, 0.410988271236, 0.183452576399, 0.043443184346, 0.00348143046722, 7.18055307516e-05],
        "dvar": [0.114022232592, 9.81615161896, 23.8057003021, 409.949707031, 612.815612793, 700.328491211, 819.39666748, 1689.64416504, 2194.25561523, 1616.09753418, 828.462768555, 431.312591553, 773.789489746, 503.371307373, 576.270568848, 740.348754883, 1177.66186523, 638.635620117, 394.999938965, 516.267944336, 317.359588623, 508.551818848, 340.485931396, 223.687774658, 187.972167969, 139.103744507, 185.045196533, 71.4085006714, 33.5013198853, 21.5808677673, 11.5992946625, 4.94159221649, 2.61360263824, 2.47116494179, 0.741161167622, 0.244009226561, 0.0537877045572, 0.00347993988544, 2.59046464635e-05, 6.47420517197e-09],
        "dvar2": [0.180770978332, 20.9603118896, 44.4614601135, 1104.56347656, 1725.85217285, 1861.97875977, 2209.71655273, 4768.91943359, 5888.34863281, 4328.90185547, 2032.74645996, 1097.75878906, 1989.95996094, 1261.67321777, 1433.20812988, 1802.30371094, 3131.95385742, 1646.91223145, 950.741149902, 1359.00292969, 800.666259766, 1335.84094238, 838.362731934, 547.921203613, 477.125366211, 341.092895508, 466.537384033, 172.688674927, 79.9808044434, 48.6822929382, 23.8325500488, 10.8032960892, 6.2906870842, 5.63763523102, 1.6410908699, 0.586323201656, 0.128457546234, 0.00837451871485, 7.10242893547e-05, 1.68951572732e-08],
        "max": [4.58554840088, 32.4257507324, 92.6490631104, 245.061050415, 326.170898438, 317.442810059, 363.235778809, 681.603088379, 659.505493164, 622.617797852, 574.525634766, 498.598693848, 732.617431641, 363.372253418, 727.404785156, 531.818847656, 552.133361816, 488.08203125, 267.917388916, 325.195922852, 175.688186646, 413.223236084, 353.460479736, 247.817214966, 248.24546814, 184.55039978, 432.687011719, 151.65838623, 86.8742599487, 81.016204834, 41.5648880005, 19.5006694794, 27.2074584961, 12.8851900101, 10.1525325775, 6.98546552658, 2.09443426132, 0.737306714058, 0.0910796895623, 0.00129747344181],
        "mean": [0.256381392479, 1.71830129623, 2.83118081093, 5.1929974556, 7.88323402405, 12.1185073853, 13.6218328476, 16.5003471375, 25.6783428192, 20.4907436371, 17.4524765015, 13.4877357483, 14.3323345184, 13.5421409607, 13.0684509277, 15.670343399, 15.6600427628, 16.0145587921, 13.7736148834, 12.5064754486, 12.6755113602, 13.3350687027, 11.2833452225, 10.8302316666, 9.15730857849, 8.16844177246, 7.27521085739, 6.19238519669, 4.57387399673, 3.79234242439, 2.60429120064, 1.66342043877, 1.0668091774, 0.915489554405, 0.474876761436, 0.252979934216, 0.106679409742, 0.0247808210552, 0.0015797233209, 5.5797638197e-05],
        "median": [0.0560447350144, 0.296194970608, 0.46200338006, 0.908008337021, 2.27531170845, 3.94754219055, 5.68770837784, 8.14240074158, 11.5382223129, 7.74881744385, 6.29454708099, 5.51850652695, 5.2629737854, 5.24738645554, 4.25466585159, 4.28116559982, 4.57245969772, 5.56968069077, 4.65948057175, 3.70662069321, 4.64182186127, 4.95724725723, 3.53880572319, 3.41044902802, 2.98010492325, 2.29376459122, 2.08622574806, 1.81922674179, 1.29199528694, 0.95341271162, 0.721322774887, 0.442190766335, 0.223598212004, 0.145129874349, 0.0648468881845, 0.0344076417387, 0.0139298243448, 0.0032012166921, 0.000116955976409, 2.44032435148e-05],
        "min": [7.37872470404e-22, 8.23388880037e-22, 1.95186836464e-21, 9.70804854728e-21, 8.66450446678e-21, 6.62625631265e-20, 1.44821010962e-19, 8.73011911485e-20, 2.46889941597e-19, 4.58946894009e-19, 5.46864457499e-19, 6.67741859676e-19, 9.77594928345e-19, 1.58169454567e-18, 2.38782330823e-18, 1.85167130496e-18, 2.17784268256e-18, 3.39839068977e-18, 4.96674684466e-18, 4.27177699095e-18, 5.90108084735e-18, 7.71732379988e-18, 7.14871819245e-18, 8.35613057154e-18, 7.99498186173e-18, 9.16035940363e-18, 1.12171985907e-17, 1.56737855148e-17, 1.60231650989e-17, 1.26547425423e-17, 1.45461447797e-17, 1.36633511602e-17, 1.39414046144e-17, 8.54520586159e-18, 6.86009337003e-18, 4.09231064448e-18, 2.8517723702e-18, 1.14402925106e-18, 2.75567517953e-19, 3.21586011734e-20],
        "var": [0.277039885521, 17.0720653534, 44.8772888184, 286.894744873, 399.302032471, 584.956970215, 722.889282227, 1193.04333496, 1933.30566406, 1457.64294434, 966.188659668, 503.204620361, 770.863464355, 560.458068848, 640.840637207, 877.283081055, 995.792663574, 726.67791748, 525.471923828, 520.653991699, 391.21182251, 536.029724121, 408.343231201, 327.942199707, 252.312820435, 201.52243042, 217.266815186, 110.343345642, 57.2453994751, 39.9719200134, 20.6738357544, 7.95369958878, 4.05555963516, 3.14888286591, 1.00289046764, 0.279693871737, 0.057835996151, 0.00370686501265, 2.06785061891e-05, 7.00113345076e-09]
    },
    "gfcc": {
        "mean": [-42.8066139221, 95.119972229, -103.316360474, 26.8656387329, -55.0299377441, 3.91572785378, -34.5424690247, 5.61689138412, -19.2292957306, 8.10068416595, -12.9240512848, 6.27391147614, -12.2729129791],
        "cov": [[20953.9648438, -2868.07324219, 521.915588379, 899.585998535, -679.52923584, 829.910522461, -895.054626465, 387.203613281, -538.40246582, 429.750152588, -434.203582764, 361.994140625, -170.064849854], [-2868.07324219, 2012.00073242, -282.707794189, -39.7350578308, 422.138183594, -261.740570068, 337.846374512, -199.769058228, 187.163085938, -212.054092407, 187.153747559, -104.197090149, 106.776832581], [521.915588379, -282.707794189, 1460.53479004, 98.2671127319, -8.06793212891, 294.143829346, -109.34311676, 224.566833496, 95.8909606934, 116.273399353, -12.355629921, 105.505096436, -73.7084655762], [899.585998535, -39.7350578308, 98.2671127319, 476.715423584, 60.115688324, 70.1166915894, 10.9310998917, 14.1483392715, 14.4308567047, 10.7913274765, 19.3344612122, 3.20101428032, 24.8954143524], [-679.52923584, 422.138183594, -8.06793212891, 60.115688324, 351.805297852, 1.94049715996, 92.4169235229, -10.9731817245, 47.6954193115, -28.2396087646, 40.4372634888, -31.0613117218, 42.8761634827], [829.910522461, -261.740570068, 294.143829346, 70.1166915894, 1.94049715996, 293.686767578, -0.834909141064, 104.211936951, -1.63565599918, 60.1226539612, -14.3850393295, 37.6551094055, -5.65251874924], [-895.054626465, 337.846374512, -109.34311676, 10.9310998917, 92.4169235229, -0.834909141064, 309.529937744, 46.3646316528, 69.4282608032, -32.0104827881, 64.4272384644, -28.1470336914, 36.4579200745], [387.203613281, -199.769058228, 224.566833496, 14.1483392715, -10.9731817245, 104.211936951, 46.3646316528, 201.666885376, 26.3220386505, 62.4774208069, 6.66097164154, 25.8551921844, 10.6512355804], [-538.40246582, 187.163085938, 95.8909606934, 14.4308567047, 47.6954193115, -1.63565599918, 69.4282608032, 26.3220386505, 171.738708496, 25.9330215454, 63.7698097229, 20.4070224762, 16.452703476], [429.750152588, -212.054092407, 116.273399353, 10.7913274765, -28.2396087646, 60.1226539612, -32.0104827881, 62.4774208069, 25.9330215454, 123.385528564, 24.6775245667, 39.4270439148, 8.83539390564], [-434.203582764, 187.153747559, -12.355629921, 19.3344612122, 40.4372634888, -14.3850393295, 64.4272384644, 6.66097164154, 63.7698097229, 24.6775245667, 118.980026245, 37.653263092, 35.4589233398], [361.994140625, -104.197090149, 105.505096436, 3.20101428032, -31.0613117218, 37.6551094055, -28.1470336914, 25.8551921844, 20.4070224762, 39.4270439148, 37.653263092, 93.1529998779, 20.1936168671], [-170.064849854, 106.776832581, -73.7084655762, 24.8954143524, 42.8761634827, -5.65251874924, 36.4579200745, 10.6512355804, 16.452703476, 8.83539390564, 35.4589233398, 20.1936168671, 98.6901321411]],
        "icov": [[9.42343249335e-05, -5.66583112231e-05, 0.000101723257103, -0.000211970007513, 8.12073703855e-05, -0.000162444121088, 0.0001648995094, -0.000196951936232, 0.000185268741916, -0.000240700392169, 0.000391495617805, -0.000484484422486, 0.000218020664761], [-5.66583112231e-05, 0.00155936856754, -0.000393650785554, 0.000450477557024, -0.00101202109363, 0.000636391341686, -0.000768593512475, 0.00127170502674, -0.000890163413715, 0.00198156200349, -0.00212322711013, 0.00168534996919, -0.00118060037494], [0.000101723257103, -0.000393650785554, 0.00137465156149, -0.000437243026681, 4.12425433751e-05, -0.000976769137196, 0.000897630001418, -0.00146741350181, -0.000407688610721, -0.000505840987898, 0.00108027865645, -0.00176563090645, 0.00157747790217], [-0.000211970007513, 0.000450477557024, -0.000437243026681, 0.00282504898496, -0.000627791858278, -0.000112521702249, -0.000392619433114, 0.000911023351364, -0.000559129577596, 0.000981658347882, -0.00172694458161, 0.00188569480088, -0.00133887957782], [8.12073703855e-05, -0.00101202109363, 4.12425433751e-05, -0.000627791858278, 0.0043183946982, -0.000859175401274, 9.79587275651e-05, -0.000374360854039, 0.000111459681648, -0.000665388477501, 0.000484224321553, 0.000676090479828, -0.000768408237491], [-0.000162444121088, 0.000636391341686, -0.000976769137196, -0.000112521702249, -0.000859175401274, 0.00575613416731, -0.00127471308224, -0.000540389155503, 0.000323967891745, -0.000460874114651, 0.000166248268215, -0.000238344509853, -0.000461128685856], [0.0001648995094, -0.000768593512475, 0.000897630001418, -0.000392619433114, 9.79587275651e-05, -0.00127471308224, 0.00598692847416, -0.00311090075411, -0.000882134831045, 0.00122686324175, -0.00143591605593, 0.000914815522265, 0.000259638618445], [-0.000196951936232, 0.00127170502674, -0.00146741350181, 0.000911023351364, -0.000374360854039, -0.000540389155503, -0.00311090075411, 0.00959213450551, -0.0007975010667, -0.0014168046182, -0.000955648487434, 0.00203598756343, -0.00260884710588], [0.000185268741916, -0.000890163413715, -0.000407688610721, -0.000559129577596, 0.000111459681648, 0.000323967891745, -0.000882134831045, -0.0007975010667, 0.0091691352427, -0.0028301293496, -0.00142626988236, -0.00185009534471, 0.0011167882476], [-0.000240700392169, 0.00198156200349, -0.000505840987898, 0.000981658347882, -0.000665388477501, -0.000460874114651, 0.00122686324175, -0.0014168046182, -0.0028301293496, 0.0153440162539, -0.00609262427315, 0.00149337190669, -0.00224017258734], [0.000391495617805, -0.00212322711013, 0.00108027865645, -0.00172694458161, 0.000484224321553, 0.000166248268215, -0.00143591605593, -0.000955648487434, -0.00142626988236, -0.00609262427315, 0.0193339381367, -0.010181562975, 0.000566985458136], [-0.000484484422486, 0.00168534996919, -0.00176563090645, 0.00188569480088, 0.000676090479828, -0.000238344509853, 0.000914815522265, 0.00203598756343, -0.00185009534471, 0.00149337190669, -0.010181562975, 0.0216414947063, -0.0059130419977], [0.000218020664761, -0.00118060037494, 0.00157747790217, -0.00133887957782, -0.000768408237491, -0.000461128685856, 0.000259638618445, -0.00260884710588, 0.0011167882476, -0.00224017258734, 0.000566985458136, -0.0059130419977, 0.0148153100163]]
    },
    "melbands": {
        "dmean": [0.00150433648378, 0.00115250330418, 0.00110722589307, 0.000743259326555, 0.000441190233687, 0.000333756936016, 0.000349063164322, 0.000201777525945, 0.000121611759823, 7.32030239305e-05, 6.48581553833e-05, 4.88990590384e-05, 4.08989981224e-05, 3.42585444741e-05, 4.0900795284e-05, 3.36392295139e-05, 2.55718605331e-05, 1.95765387616e-05, 1.66249974427e-05, 1.54795834533e-05, 1.23958889162e-05, 1.26376571643e-05, 9.03688305698e-06, 8.61222542881e-06, 6.74081138641e-06, 6.03663966103e-06, 4.67786776426e-06, 4.4409603106e-06, 4.09671611123e-06, 3.23855374518e-06, 2.783577429e-06, 2.07382981898e-06, 1.55466773322e-06, 1.63434640399e-06, 1.2359066659e-06, 9.5889856766e-07, 8.07995320429e-07, 6.38726362467e-07, 6.71282862186e-07, 8.14066197563e-07],
        "dmean2": [0.00192745658569, 0.00164094753563, 0.00186903995927, 0.00127257080749, 0.000740610063076, 0.000556789396796, 0.00058494444238, 0.000338603713317, 0.000198454421479, 0.000121486933494, 0.000107569845568, 8.01406204118e-05, 6.70449371682e-05, 5.62697823625e-05, 6.94311893312e-05, 5.83840010222e-05, 4.37015478383e-05, 3.24599495798e-05, 2.82234268525e-05, 2.6701050956e-05, 2.10980124393e-05, 2.17848610191e-05, 1.52268048623e-05, 1.41756872836e-05, 1.10820619739e-05, 1.01402074506e-05, 7.66473567637e-06, 7.33454089641e-06, 6.74121520206e-06, 5.29315821041e-06, 4.5408492042e-06, 3.36664265888e-06, 2.4562937142e-06, 2.59068292507e-06, 1.88458636785e-06, 1.44604007346e-06, 1.25242775084e-06, 1.01425121102e-06, 1.06896663965e-06, 1.28625413254e-06],
        "dvar": [1.13433188744e-05, 5.97117059442e-06, 1.12524285214e-05, 3.20046092384e-06, 1.00070758435e-06, 8.5429360297e-07, 4.7341805498e-07, 1.70031910329e-07, 4.9149711856e-08, 1.7392018492e-08, 1.96672615971e-08, 8.44512726417e-09, 7.07173741787e-09, 4.37740466097e-09, 7.36407734792e-09, 5.28030064118e-09, 2.24834795226e-09, 1.11212539178e-09, 1.07069431099e-09, 8.39509239903e-10, 4.41803565954e-10, 6.47336739767e-10, 2.79727380148e-10, 2.9928437506e-10, 1.57682644719e-10, 1.61563346035e-10, 8.45121889137e-11, 7.12141526304e-11, 1.42984915574e-10, 3.54856873053e-11, 2.43120835963e-11, 1.43824249385e-11, 6.59442682752e-12, 8.17611863629e-12, 4.49715265027e-12, 2.58827724878e-12, 1.91023585838e-12, 1.5020255005e-12, 1.31604666401e-12, 2.24404609478e-12],
        "dvar2": [2.03771105589e-05, 1.24841226352e-05, 3.00337742374e-05, 8.8433662313e-06, 2.6956452075e-06, 2.38247025663e-06, 1.2745482536e-06, 4.47584852736e-07, 1.22432226135e-07, 4.4519477882e-08, 5.07188353538e-08, 2.1179436871e-08, 1.78194685674e-08, 1.08672022492e-08, 1.9261925388e-08, 1.42385507829e-08, 5.71921576764e-09, 2.71511391148e-09, 2.78477818583e-09, 2.19491913533e-09, 1.11663034374e-09, 1.70090153073e-09, 7.02657099172e-10, 7.32562621675e-10, 3.92744392563e-10, 4.17744616676e-10, 2.1313156795e-10, 1.76134634655e-10, 3.70507846625e-10, 8.66517829712e-11, 5.80875070266e-11, 3.49698360547e-11, 1.54792168666e-11, 1.88800260148e-11, 9.3705529447e-12, 5.54099474637e-12, 4.36651149266e-12, 3.85052666835e-12, 3.05568417791e-12, 5.17416274756e-12],
        "max": [0.0387099459767, 0.0408275164664, 0.0437342040241, 0.0193512253463, 0.0120445182547, 0.0150163294747, 0.00928940158337, 0.00635576387867, 0.00393374543637, 0.00329191540368, 0.00383358169347, 0.00155700265896, 0.00176748342346, 0.00142301106825, 0.00117540883366, 0.00103739416227, 0.00111425260548, 0.000424069497967, 0.000582104024943, 0.000341448059771, 0.000213384628296, 0.000488704477903, 0.000234484046814, 0.000314548233291, 0.000219516485231, 0.00028623349499, 0.000194656429812, 0.00016423415218, 0.000457476009615, 0.000132939152536, 6.2601553509e-05, 6.52901144349e-05, 4.14920323237e-05, 5.08914272359e-05, 2.71277585853e-05, 1.80872812052e-05, 1.35161917569e-05, 2.64021673502e-05, 1.45576796058e-05, 1.46286329255e-05],
        "mean": [0.00229579303414, 0.00178802874871, 0.000957184180152, 0.000719727133401, 0.000500037800521, 0.000387727603083, 0.000379821285605, 0.000213131308556, 0.000133969006129, 8.11328427517e-05, 7.01266399119e-05, 5.40781329619e-05, 4.47148522653e-05, 3.85019484384e-05, 4.01744837291e-05, 3.25874752889e-05, 2.96441066894e-05, 2.28928765864e-05, 1.74110155058e-05, 1.61814441526e-05, 1.46208840306e-05, 1.44043433465e-05, 1.05928620542e-05, 9.87924522633e-06, 8.61329590407e-06, 7.44736507841e-06, 5.79671950618e-06, 5.32694730282e-06, 4.8079532462e-06, 3.90463719668e-06, 3.49458855453e-06, 2.67698533207e-06, 2.17140882341e-06, 2.09668496609e-06, 1.56571582011e-06, 1.17197282634e-06, 9.48647368659e-07, 7.40407358535e-07, 7.09925245701e-07, 8.0637244082e-07],
        "median": [0.000481066846987, 0.000329960370436, 0.000202754948987, 0.000245647679549, 0.0002038822131, 0.00019330586656, 0.000172164902324, 7.67191886553e-05, 4.75451961393e-05, 3.18057973345e-05, 2.50360317295e-05, 2.0658444555e-05, 1.30150028781e-05, 1.11370418381e-05, 1.01597315734e-05, 9.39813435252e-06, 9.86939812719e-06, 7.52184178054e-06, 5.22491427546e-06, 4.43099497716e-06, 5.2468890317e-06, 5.07705999553e-06, 3.37346000379e-06, 2.62735397882e-06, 2.64164077635e-06, 2.30741989071e-06, 1.6205888187e-06, 1.38234145197e-06, 1.25855171973e-06, 1.10992925784e-06, 9.69130155681e-07, 7.19199817922e-07, 5.51011282823e-07, 5.13322447659e-07, 4.38618343424e-07, 3.2747581713e-07, 2.28746699804e-07, 1.48726059024e-07, 1.34674749575e-07, 1.08898341011e-07],
        "min": [8.62755162821e-24, 8.63653399291e-25, 1.77392433656e-24, 1.86545882562e-24, 5.17942167883e-24, 2.32304567952e-24, 4.08552009447e-24, 4.97439870171e-24, 4.37696554477e-24, 3.8538277023e-24, 4.32648791316e-24, 6.17273718688e-24, 6.90975336455e-24, 6.484904041e-24, 3.95840147048e-24, 5.19292816082e-24, 5.31148646069e-24, 8.03143074138e-24, 7.19452426273e-24, 3.50582289726e-24, 6.11491565468e-24, 7.03790776291e-24, 7.93460516501e-24, 5.95537011432e-24, 5.12057304973e-24, 5.92780691986e-24, 6.206010551e-24, 4.520161154e-24, 6.26865793979e-24, 8.06678669829e-24, 8.69928669463e-24, 9.35600550961e-24, 8.30160929053e-24, 5.99513738141e-24, 8.96285537825e-24, 6.08302082499e-24, 7.78728617982e-24, 9.19468897652e-24, 8.29487478498e-24, 6.62295036068e-24],
        "var": [2.48221967922e-05, 1.42843118738e-05, 8.17014552013e-06, 2.27065379477e-06, 9.07743299194e-07, 6.25910047347e-07, 4.15883533833e-07, 1.61160954804e-07, 5.57854633598e-08, 1.95220248855e-08, 1.92557401135e-08, 9.25251786299e-09, 7.63734941955e-09, 5.15632203602e-09, 6.78087896944e-09, 4.33674696154e-09, 2.6487165794e-09, 1.46764245201e-09, 1.0733650635e-09, 8.9847268514e-10, 5.40007816241e-10, 6.66823984918e-10, 3.35550004449e-10, 3.57498725068e-10, 2.21137885781e-10, 1.89523008398e-10, 1.15330342498e-10, 9.4164585851e-11, 1.40127673354e-10, 5.04731360873e-11, 3.71756410378e-11, 2.17393429647e-11, 1.30966982051e-11, 1.32398770766e-11, 7.75211492221e-12, 4.1436697823e-12, 2.84957083971e-12, 2.36659129793e-12, 1.68091842528e-12, 2.75542262618e-12]
    },
    "mfcc": {
        "mean": [-683.24029541, 125.130355835, 8.35062885284, 24.4773025513, 1.81716358662, 3.47614836693, -4.41642665863, -0.500664532185, -3.40198493004, 0.838967442513, 0.956742048264, 2.40555357933, 1.16682672501],
        "cov": [[12891.8535156, -879.35925293, -180.40574646, 36.8627815247, -216.633651733, 121.32635498, -103.889076233, -127.383895874, 23.7484817505, -129.677337646, 66.0599517822, -62.241973877, -34.4983596802], [-879.35925293, 1501.85205078, 92.1183929443, 106.872116089, 149.713821411, 29.4093379974, 45.5677871704, 88.3865585327, -12.8052711487, 52.0151481628, -18.6202220917, 49.8840293884, 6.15178966522], [-180.40574646, 92.1183929443, 886.510864258, 87.4824752808, 121.440925598, 80.3888320923, -24.9262256622, 108.761138916, 26.1738643646, 96.7341690063, 39.7610626221, 56.8152427673, 35.0882606506], [36.8627815247, 106.872116089, 87.4824752808, 361.418060303, 84.8207473755, 45.6585617065, 25.7811698914, 33.8167076111, 13.273522377, 48.8118057251, 3.12166762352, 15.5057935715, 13.6288471222], [-216.633651733, 149.713821411, 121.440925598, 84.8207473755, 271.190338135, 78.4821014404, -1.03652906418, 10.383058548, 17.4502277374, 8.89585590363, 11.7153453827, 21.4954891205, -3.06657218933], [121.32635498, 29.4093379974, 80.3888320923, 45.6585617065, 78.4821014404, 175.882781982, 36.5462188721, 36.0815048218, 13.4017210007, 21.4020442963, 17.532365799, 12.5839958191, 8.39844036102], [-103.889076233, 45.5677871704, -24.9262256622, 25.7811698914, -1.03652906418, 36.5462188721, 192.427993774, 68.1187591553, 64.0924606323, 11.9597892761, 23.9475708008, 2.41522932053, 17.3173122406], [-127.383895874, 88.3865585327, 108.761138916, 33.8167076111, 10.383058548, 36.0815048218, 68.1187591553, 144.341217041, 44.6408576965, 50.2763061523, 18.6995296478, 22.0308685303, 19.417257309], [23.7484817505, -12.8052711487, 26.1738643646, 13.273522377, 17.4502277374, 13.4017210007, 64.0924606323, 44.6408576965, 142.447799683, 27.4117336273, 28.0285701752, 20.2926311493, 12.1062364578], [-129.677337646, 52.0151481628, 96.7341690063, 48.8118057251, 8.89585590363, 21.4020442963, 11.9597892761, 50.2763061523, 27.4117336273, 116.089347839, 27.1221523285, 32.8225975037, 28.5982685089], [66.0599517822, -18.6202220917, 39.7610626221, 3.12166762352, 11.7153453827, 17.532365799, 23.9475708008, 18.6995296478, 28.0285701752, 27.1221523285, 78.8830413818, 24.1450881958, 10.8669109344], [-62.241973877, 49.8840293884, 56.8152427673, 15.5057935715, 21.4954891205, 12.5839958191, 2.41522932053, 22.0308685303, 20.2926311493, 32.8225975037, 24.1450881958, 85.2066802979, 35.9040870667], [-34.4983596802, 6.15178966522, 35.0882606506, 13.6288471222, -3.06657218933, 8.39844036102, 17.3173122406, 19.417257309, 12.1062364578, 28.5982685089, 10.8669109344, 35.9040870667, 66.3556900024]],
