{
"lowlevel": {
    "average_loudness": 0.921317994595,
    "barkbands_crest": {
        "dmean": 3.87079691887,
        "dmean2": 5.9708108902,
        "dvar": 12.6978721619,
        "dvar2": 26.6636734009,
        "max": 26.645401001,
        "mean": 12.4597415924,
        "median": 11.6749563217,
        "min": 2.09881043434,
        "var": 36.9199905396
    },
    "barkbands_flatness_db": {
        "dmean": 0.0379211306572,
        "dmean2": 0.0552040748298,
        "dvar": 0.00127249304205,
        "dvar2": 0.00276941875927,
        "max": 0.513599932194,
        "mean": 0.12825641036,
        "median": 0.119418099523,
        "min": 0.00997453555465,
        "var": 0.00387515197508
    },
    "barkbands_kurtosis": {
        "dmean": 8.17562103271,
        "dmean2": 12.9587860107,
        "dvar": 698.875915527,
        "dvar2": 1745.53515625,
        "max": 923.907592773,
        "mean": 8.8021068573,
        "median": 2.31633400917,
        "min": -1.89342987537,
        "var": 714.128479004
    },
    "barkbands_skewness": {
        "dmean": 1.13648700714,
        "dmean2": 1.66714787483,
        "dvar": 1.7231105566,
        "dvar2": 3.82158470154,
        "max": 26.2937316895,
        "mean": 2.09061932564,
        "median": 1.80047512054,
        "min": -2.64241433144,
        "var": 4.38783597946
    },
    "barkbands_spread": {
        "dmean": 10.3786754608,
        "dmean2": 16.495054245,
        "dvar": 102.31728363,
        "dvar2": 237.778030396,
        "max": 93.0419692993,
        "mean": 27.795633316,
        "median": 26.5213356018,
        "min": 0.261726289988,
        "var": 244.539855957
    },
    "dissonance": {
        "dmean": 0.0109627926722,
        "dmean2": 0.0183716006577,
        "dvar": 0.00015639506455,
        "dvar2": 0.000431869062595,
        "max": 0.500000119209,
        "mean": 0.480553269386,
        "median": 0.484201550484,
        "min": 0.0184483528137,
        "var": 0.000238422464463
    },
    "dynamic_complexity": 3.05737614632,
    "erbbands_crest": {
        "dmean": 2.28272128105,
        "dmean2": 3.70608520508,
        "dvar": 5.55577087402,
        "dvar2": 12.9474258423,
        "max": 28.6626243591,
        "mean": 7.0317773819,
        "median": 5.9914894104,
        "min": 2.13122844696,
        "var": 12.728263855
    },
    "erbbands_flatness_db": {
        "dmean": 0.0176224075258,
        "dmean2": 0.0260602273047,
        "dvar": 0.000316953723086,
        "dvar2": 0.000662494450808,
        "max": 0.333752512932,
        "mean": 0.124621227384,
        "median": 0.116964876652,
        "min": 0.0532871410251,
        "var": 0.00114351941738
    },
    "erbbands_kurtosis": {
        "dmean": 0.823261320591,
        "dmean2": 1.29184138775,
        "dvar": 1.48769664764,
        "dvar2": 3.38944768906,
        "max": 33.9059066772,
        "mean": -0.115248605609,
        "median": -0.522744894028,
        "min": -1.88707315922,
        "var": 2.42554283142
    },
    "erbbands_skewness": {
        "dmean": 0.381948441267,
        "dmean2": 0.587489902973,
        "dvar": 0.129659757018,
        "dvar2": 0.301457226276,
        "max": 3.42582249641,
        "mean": -0.356076002121,
        "median": -0.360166817904,
        "min": -4.96628284454,
        "var": 0.392872005701
    },
    "erbbands_spread": {
        "dmean": 12.785823822,
        "dmean2": 19.507932663,
        "dvar": 147.565673828,
        "dvar2": 328.520477295,
        "max": 160.394470215,
        "mean": 51.1026115417,
        "median": 49.8423118591,
        "min": 4.09659004211,
        "var": 404.322631836
    },
    "hfc": {
        "dmean": 10.1600561142,
        "dmean2": 15.9209671021,
        "dvar": 169.788894653,
        "dvar2": 412.218841553,
        "max": 128.98085022,
        "mean": 23.6708812714,
        "median": 20.0161495209,
        "min": 1.0833171554e-16,
        "var": 331.121734619
    },
    "melbands_crest": {
        "dmean": 4.89867448807,
        "dmean2": 7.79002523422,
        "dvar": 23.0539169312,
        "dvar2": 53.8458709717,
        "max": 37.695602417,
        "mean": 17.7667369843,
        "median": 17.7829093933,
        "min": 1.00405788422,
        "var": 52.262676239
    },
    "melbands_flatness_db": {
        "dmean": 0.0507553890347,
        "dmean2": 0.073347710073,
        "dvar": 0.00227822246961,
        "dvar2": 0.00476088514552,
        "max": 0.619278669357,
        "mean": 0.194545462728,
        "median": 0.19166380167,
        "min": 4.05547950777e-07,
        "var": 0.00751944398507
    },
    "melbands_kurtosis": {
        "dmean": 23.6238555908,
        "dmean2": 36.818813324,
        "dvar": 1936.25219727,
        "dvar2": 4604.52441406,
        "max": 921.067504883,
        "mean": 33.5560493469,
        "median": 15.944896698,
        "min": -1.91854703426,
        "var": 2918.22192383
    },
    "melbands_skewness": {
        "dmean": 1.66929280758,
        "dmean2": 2.45883274078,
        "dvar": 3.09440612793,
        "dvar2": 6.71221208572,
        "max": 26.5866966248,
        "mean": 4.19995880127,
        "median": 3.73006486893,
        "min": -1.62746405602,
        "var": 9.04105472565
    },
    "melbands_spread": {
        "dmean": 15.5726861954,
        "dmean2": 24.6598491669,
        "dvar": 379.025970459,
        "dvar2": 845.302490234,
        "max": 191.648193359,
        "mean": 28.8039970398,
        "median": 19.2380695343,
        "min": 0.337520241737,
        "var": 711.850952148
    },
    "pitch_salience": {
        "dmean": 0.115742683411,
        "dmean2": 0.174532204866,
        "dvar": 0.0113666271791,
        "dvar2": 0.0248585250229,
        "max": 0.997656881809,
        "mean": 0.483074098825,
        "median": 0.506068468094,
        "min": 0.0351650379598,
        "var": 0.0305107813329
    },
    "silence_rate_20dB": {
        "dmean": 0,
        "dmean2": 0,
        "dvar": 0,
        "dvar2": 0,
        "max": 1,
        "mean": 1,
        "median": 1,
        "min": 1,
        "var": 0
    },
    "silence_rate_30dB": {
        "dmean": 0.056892041117,
        "dmean2": 0.113793686032,
        "dvar": 0.0536541938782,
        "dvar2": 0.129202127457,
        "max": 1,
        "mean": 0.947923719883,
        "median": 1,
        "min": 0,
        "var": 0.0493619665504
    },
    "silence_rate_60dB": {
        "dmean": 0.0347767360508,
        "dmean2": 0.0695593431592,
        "dvar": 0.0335727035999,
        "dvar2": 0.0802488327026,
        "max": 1,
        "mean": 0.0805199220777,
        "median": 0,
        "min": 0,
        "var": 0.0740254074335
    },
    "spectral_centroid": {
        "dmean": 478.323455811,
        "dmean2": 720.073181152,
        "dvar": 214860.6875,
        "dvar2": 449472.375,
        "max": 11725.6005859,
        "mean": 1998.58117676,
        "median": 1994.38195801,
        "min": 143.658538818,
        "var": 803258.4375
    },
    "spectral_complexity": {
        "dmean": 7.30547809601,
        "dmean2": 11.301030159,
        "dvar": 59.7866439819,
        "dvar2": 132.581298828,
        "max": 59,
        "mean": 22.1049118042,
        "median": 21,
        "min": 0,
        "var": 166.629119873
    },
    "spectral_decrease": {
        "dmean": 5.23748333592e-09,
        "dmean2": 8.00812127721e-09,
        "dvar": 3.6260514325e-17,
        "dvar2": 8.55903764492e-17,
        "max": 1.54478913062e-28,
        "mean": -1.09885718302e-08,
        "median": -8.98964458429e-09,
        "min": -5.74318512747e-08,
        "var": 9.15445680822e-17
    },
    "spectral_energy": {
        "dmean": 0.0202298089862,
        "dmean2": 0.0309033468366,
        "dvar": 0.000525570998434,
        "dvar2": 0.0012431301875,
        "max": 0.219406530261,
        "mean": 0.0436204113066,
        "median": 0.0367681346834,
        "min": 1.00787668256e-20,
        "var": 0.00134578521829
    },
    "spectral_energyband_high": {
        "dmean": 0.000867082912009,
        "dmean2": 0.00138962129131,
        "dvar": 1.42848830365e-06,
        "dvar2": 3.49101674146e-06,
        "max": 0.0143885212019,
        "mean": 0.00158502277918,
        "median": 0.00105771259405,
        "min": 7.18979814655e-21,
        "var": 2.60151136899e-06
    },
    "spectral_energyband_low": {
        "dmean": 0.0171578228474,
        "dmean2": 0.0262288507074,
        "dvar": 0.000498072069604,
        "dvar2": 0.00119602552149,
        "max": 0.210835456848,
        "mean": 0.0297259371728,
        "median": 0.0164161082357,
        "min": 6.98594155078e-24,
        "var": 0.00115090247709
    },
    "spectral_energyband_middle_high": {
        "dmean": 0.00213990709744,
        "dmean2": 0.00346594816074,
        "dvar": 8.65206675371e-06,
        "dvar2": 2.22988765017e-05,
        "max": 0.0355694405735,
        "mean": 0.00445670355111,
        "median": 0.00345153035596,
        "min": 1.27526330024e-21,
        "var": 1.49727075041e-05
    },
    "spectral_energyband_middle_low": {
        "dmean": 0.00733113056049,
        "dmean2": 0.0115853454918,
        "dvar": 0.0001554217597,
        "dvar2": 0.000375590578187,
        "max": 0.133697316051,
        "mean": 0.00943797361106,
        "median": 0.00486563146114,
        "min": 1.76192259886e-22,
        "var": 0.000166650061146
    },
    "spectral_entropy": {
        "dmean": 0.186357662082,
        "dmean2": 0.285932779312,
        "dvar": 0.0398404821754,
        "dvar2": 0.0964251384139,
        "max": 9.82466411591,
        "mean": 7.84597063065,
        "median": 7.89423084259,
        "min": 5.66874742508,
        "var": 0.109180293977
    },
    "spectral_flux": {
        "dmean": 0.0460285842419,
        "dmean2": 0.076770119369,
        "dvar": 0.00194349733647,
        "dvar2": 0.00537992687896,
        "max": 0.437921792269,
        "mean": 0.114438652992,
        "median": 0.104635998607,
        "min": 6.47912279383e-11,
        "var": 0.00445854850113
    },
    "spectral_kurtosis": {
        "dmean": 1.00156402588,
        "dmean2": 1.68535578251,
        "dvar": 1.32761311531,
        "dvar2": 3.69624471664,
        "max": 19.5758838654,
        "mean": 3.08431315422,
        "median": 2.68938088417,
        "min": -1.24964058399,
        "var": 3.11892867088
    },
    "spectral_rms": {
        "dmean": 0.00153282808606,
        "dmean2": 0.00226965174079,
        "dvar": 2.35742504628e-06,
        "dvar2": 4.89993408337e-06,
        "max": 0.0146306240931,
        "mean": 0.00579927535728,
        "median": 0.00598926981911,
        "min": 3.13575229151e-12,
        "var": 8.92483330972e-06
    },
    "spectral_rolloff": {
        "dmean": 959.390197754,
        "dmean2": 1541.68676758,
        "dvar": 1457763.5,
        "dvar2": 3087631,
        "max": 19379.8828125,
        "mean": 1741.22167969,
        "median": 1033.59375,
        "min": 43.06640625,
        "var": 3735931.5
    },
    "spectral_skewness": {
        "dmean": 0.169846683741,
        "dmean2": 0.275392442942,
        "dvar": 0.0268849413842,
        "dvar2": 0.0702857226133,
        "max": 3.25068283081,
        "mean": 1.15259385109,
        "median": 1.12373101711,
        "min": -0.570995807648,
        "var": 0.102666087449
    },
    "spectral_spread": {
        "dmean": 472849.53125,
        "dmean2": 689642.75,
        "dvar": 363885395968,
        "dvar2": 815770107904,
        "max": 42358956,
        "mean": 4789656.5,
        "median": 4706223,
        "min": 1637265.5,
        "var": 4.53044024115e+12
    },
    "spectral_strongpeak": {
        "dmean": 0.411260545254,
        "dmean2": 0.720072090626,
        "dvar": 0.638559341431,
        "dvar2": 1.58667695522,
        "max": 19.6868686676,
        "mean": 0.609934151173,
        "median": 0.449368238449,
        "min": 0,
        "var": 0.616704344749
    },
    "zerocrossingrate": {
        "dmean": 0.0177447590977,
        "dmean2": 0.0208133701235,
        "dvar": 0.000267560506472,
        "dvar2": 0.000357361073839,
        "max": 0.630859375,
        "mean": 0.069421492517,
        "median": 0.06201171875,
        "min": 0.00244140625,
        "var": 0.00212317658588
    },
    "barkbands": {
        "dmean": [0.000668471620884, 0.0134272864088, 0.0054048076272, 0.00371130043641, 0.0033517149277, 0.00084810575936, 0.000339303980581, 0.000267259281827, 0.000340557278832, 0.00030825191061, 0.000343182095094, 0.000178187954589, 0.000275290251011, 0.000223202601774, 0.000277665967587, 0.000359716272214, 0.000297370454064, 0.000330269976985, 0.000368667417206, 0.000356073520379, 0.000267753610387, 0.000209319812711, 0.000131600158056, 8.28039846965e-05, 5.22328118677e-05, 2.81517441181e-05, 6.7154410317e-06],
        "dmean2": [0.000984832993709, 0.0202036667615, 0.00888933520764, 0.0063039008528, 0.00537381321192, 0.00136703124736, 0.000551496224944, 0.000431764725363, 0.000549290503841, 0.000489846919663, 0.000548812909983, 0.000297676800983, 0.000451379833976, 0.000385155522963, 0.000472132582217, 0.00061030453071, 0.000497695757076, 0.000542131252587, 0.000613798212726, 0.000587608199567, 0.000437759328634, 0.000341122358805, 0.00021027175535, 0.000129267893499, 8.19405249786e-05, 4.22266202804e-05, 1.11045656013e-05],
        "dvar": [1.87943453511e-06, 0.000390285567846, 0.000119313066534, 7.21184624126e-05, 4.09298336308e-05, 2.34723529502e-06, 6.09276298746e-07, 4.07190128726e-07, 5.22709001416e-07, 4.10448933508e-07, 6.12188443938e-07, 1.81069438554e-07, 4.26570863965e-07, 1.81706553803e-07, 2.50030126381e-07, 3.15655796612e-07, 3.11990248747e-07, 2.7555998372e-07, 3.73836400058e-07, 2.71383271411e-07, 1.42126722835e-07, 9.09003716743e-08, 3.96074000264e-08, 1.68594098682e-08, 7.10658998315e-09, 2.56178789293e-09, 1.70283939727e-10],
        "dvar2": [3.53862787961e-06, 0.00091301772045, 0.000305807363475, 0.000189518614206, 0.000105644299765, 5.90775425735e-06, 1.43284148635e-06, 1.01487091797e-06, 1.35040784244e-06, 1.05896970126e-06, 1.52401696596e-06, 4.42057341843e-07, 9.96688982013e-07, 4.65377581804e-07, 6.59448801343e-07, 7.96450592588e-07, 7.55729672619e-07, 6.82978736677e-07, 8.99422673228e-07, 6.75974376918e-07, 3.61946348448e-07, 2.18359502924e-07, 9.7191239945e-08, 3.84510059348e-08, 1.62765800837e-08, 5.00824581806e-09, 3.96465804631e-10],
        "max": [0.0265433769673, 0.201372921467, 0.123332120478, 0.113996185362, 0.084261059761, 0.0191532410681, 0.0251796711236, 0.0135482717305, 0.0159671753645, 0.0130631867796, 0.0189000330865, 0.0148289743811, 0.0262344665825, 0.0108808623627, 0.0073528974317, 0.00875623244792, 0.024976529181, 0.0101818162948, 0.0225959066302, 0.00614719372243, 0.0092013599351, 0.00439068442211, 0.00289659295231, 0.00174578174483, 0.00221025990322, 0.00100767367985, 0.000214888976188],
        "mean": [0.000981350778602, 0.0214141365141, 0.00582450488582, 0.00332132237963, 0.00372293009423, 0.0010437607998, 0.000416607770603, 0.000325325556332, 0.000476572691696, 0.00046279822709, 0.000530740479007, 0.000212814455153, 0.00038376939483, 0.000261919019977, 0.000345577456756, 0.000470680970466, 0.000431256135926, 0.000535548781045, 0.000611748371739, 0.000566628295928, 0.000464373471914, 0.000335582793923, 0.000206781493034, 0.000136652713991, 8.3087310486e-05, 4.58892136521e-05, 8.10565961729e-06],
        "median": [0.000143529163324, 0.00803690962493, 0.00158169143833, 0.000699320167769, 0.00140821817331, 0.000442483520601, 0.00017715600552, 0.000121133896755, 0.00020296376897, 0.000183669893886, 0.00014497122902, 9.34022100409e-05, 0.00015935965348, 0.000139197101817, 0.000183062395081, 0.000276484992355, 0.000249899167102, 0.000305445399135, 0.000386393279769, 0.000352809554897, 0.000302245898638, 0.000195408647414, 0.000113865200547, 8.0379890278e-05, 4.54512337456e-05, 2.43361464527e-05, 1.88226022146e-06],
        "min": [1.2404221437e-25, 2.05289237392e-24, 1.49280063817e-24, 2.19053775504e-24, 1.14327220745e-23, 1.37326420994e-23, 1.0719343325e-23, 8.5375007893e-24, 1.99536181306e-23, 2.09533273563e-23, 2.49387820227e-23, 3.84861064959e-23, 4.30037046408e-23, 2.67546246528e-23, 4.67237454779e-23, 7.13118456961e-23, 8.96092787552e-23, 9.74059949782e-23, 1.54703234444e-22, 1.44254399412e-22, 2.51225566369e-22, 3.25817855429e-22, 4.41587421565e-22, 6.21322802875e-22, 9.08447775588e-22, 1.42274096007e-21, 1.98905231422e-21],
        "var": [4.6858949645e-06, 0.000828528485727, 0.000125315593323, 5.75429112359e-05, 4.02824553021e-05, 2.87116586151e-06, 7.49013167933e-07, 4.5015269734e-07, 7.27183476101e-07, 6.67522385811e-07, 1.38760731261e-06, 2.5126229275e-07, 8.83908739979e-07, 2.07953732456e-07, 2.76099399343e-07, 3.91052651594e-07, 4.2278793444e-07, 4.75303664871e-07, 6.54362565911e-07, 4.10080446045e-07, 2.64383260173e-07, 1.57623361474e-07, 6.30742178487e-08, 2.98379880803e-08, 1.41151419442e-08, 4.64060878613e-09, 2.24001484028e-10]
    },
    "erbbands": {
        "dmean": [0.443018555641, 2.95697784424, 5.85229730606, 8.99232387543, 13.2189159393, 10.2315883636, 8.0744304657, 7.36678600311, 5.18226194382, 5.67773962021, 4.56729125977, 8.8626203537, 7.45711660385, 12.1793384552, 13.6507806778, 7.41198253632, 11.8187646866, 12.204916954, 13.1879987717, 15.01009655, 17.661649704, 14.8930835724, 19.0806713104, 17.3489723206, 18.015291214, 17.4451789856, 13.4252891541, 8.76880455017, 8.03424739838, 5.45905399323, 3.68603134155, 2.10489654541, 1.22582602501, 0.682131111622, 0.333887934685, 0.141606628895, 0.0465412065387, 0.0133618330583, 0.000877472164575, 3.17353478749e-05],
        "dmean2": [0.650552511215, 4.45907258987, 9.4822769165, 14.427441597, 22.148525238, 16.0184326172, 13.1768474579, 11.588104248, 8.27274608612, 9.15985107422, 7.49992895126, 14.237906456, 11.8884449005, 19.1377830505, 21.9541378021, 12.1245393753, 19.1571407318, 20.7629852295, 22.3730316162, 25.5592403412, 30.0065879822, 24.8714790344, 31.3780117035, 28.7266750336, 29.3358802795, 29.0507602692, 22.1815280914, 14.2657604218, 13.1069965363, 8.8457069397, 5.98366975784, 3.32594823837, 1.91381454468, 1.08601248264, 0.51834666729, 0.210058093071, 0.0710437297821, 0.0208473261446, 0.00144408806227, 4.92133767693e-05],
        "dvar": [0.527505040169, 19.7659358978, 112.783004761, 344.617675781, 773.878356934, 344.41003418, 253.220367432, 172.101119995, 116.046112061, 157.652862549, 121.52961731, 359.293029785, 226.16317749, 758.501159668, 1068.5760498, 322.749725342, 772.388427734, 549.936218262, 550.585632324, 565.466430664, 661.356567383, 652.58416748, 1020.94903564, 795.875671387, 1082.15722656, 633.934265137, 407.924987793, 141.215270996, 144.007232666, 71.5224075317, 31.1275424957, 10.2886772156, 4.52260112762, 1.1399589777, 0.332199335098, 0.0661536678672, 0.00695226993412, 0.000570685311686, 3.37096162184e-06, 1.39287115175e-09],
        "dvar2": [1.19474065304, 46.082485199, 290.007659912, 861.491394043, 2041.40270996, 839.612182617, 648.435180664, 395.502319336, 268.784088135, 376.564117432, 308.980987549, 924.555358887, 576.678222656, 1899.34851074, 2717.18701172, 754.680908203, 1694.18762207, 1390.6673584, 1433.17236328, 1507.05505371, 1683.55847168, 1625.40332031, 2591.14355469, 1835.48669434, 2645.58691406, 1604.42980957, 1021.66864014, 352.548675537, 349.005950928, 180.05657959, 76.1632614136, 24.1990642548, 10.3393440247, 2.66217184067, 0.743651330471, 0.125662535429, 0.0147078968585, 0.0012411599746, 7.95625601313e-06, 3.2122000615e-09],
        "max": [9.31121349335, 46.3784980774, 127.58656311, 228.965103149, 310.759429932, 260.757049561, 164.027587891, 214.284011841, 369.053924561, 297.024780273, 246.088180542, 448.360473633, 427.257354736, 517.135314941, 1065.91491699, 746.135253906, 985.210510254, 620.213745117, 371.520263672, 318.289642334, 351.929260254, 1022.68243408, 532.344238281, 1453.59533691, 1227.25756836, 298.404327393, 530.083618164, 210.172485352, 183.755493164, 169.633682251, 70.0590286255, 39.5478210449, 42.4556045532, 17.8866157532, 20.5502967834, 5.96119451523, 1.5214754343, 0.352612167597, 0.0339856669307, 0.000513237027917],
        "mean": [0.673513650894, 4.50757455826, 7.20635795593, 9.25916862488, 12.760799408, 11.9606800079, 9.03722190857, 9.5735502243, 6.57227134705, 7.37752437592, 5.56797218323, 12.634683609, 11.2276554108, 19.1498947144, 20.6143226624, 10.4000959396, 17.1918697357, 15.6592025757, 17.3110408783, 19.9520072937, 24.0164928436, 22.9833679199, 30.8798065186, 29.5345821381, 30.4830608368, 27.5768413544, 22.1142539978, 15.5108747482, 12.6073932648, 8.56393527985, 5.68030595779, 3.42614579201, 1.98687982559, 1.06962716579, 0.526531934738, 0.225075423717, 0.075176127255, 0.0198690444231, 0.00107929797377, 7.0598864113e-05],
        "median": [0.209191530943, 1.52939677238, 2.65043878555, 2.94576859474, 3.37516355515, 4.4011182785, 3.3292222023, 4.04076433182, 3.04722690582, 3.16228055954, 2.47647333145, 5.20676136017, 5.78324699402, 6.56534004211, 6.52200889587, 4.88144111633, 7.38719987869, 8.63892364502, 9.57830619812, 12.2809009552, 15.5723371506, 14.5647773743, 18.1485233307, 17.4638652802, 19.6064567566, 17.0107421875, 13.9044218063, 9.90536689758, 7.24397706985, 4.93039655685, 3.13946318626, 2.05948543549, 1.12549257278, 0.589662253857, 0.286309957504, 0.114048317075, 0.0409770533442, 0.0085638910532, 0.000298686150927, 6.502042379e-05],
        "min": [8.57606914559e-23, 4.58540585154e-22, 1.5016955111e-21, 9.04005900517e-21, 1.83076605334e-20, 2.23742355211e-20, 4.75392653379e-20, 1.05315814872e-19, 1.23925679057e-19, 3.23240909334e-19, 2.95017403436e-19, 5.04953697403e-19, 6.01306021598e-19, 1.15473317498e-18, 1.2490150144e-18, 1.49102252244e-18, 1.81322974035e-18, 2.02594295718e-18, 2.79119441843e-18, 4.47685078124e-18, 5.27360645009e-18, 4.79233953482e-18, 4.68999909507e-18, 6.47875690379e-18, 8.97353073612e-18, 8.0813941116e-18, 1.19885709817e-17, 9.34761572352e-18, 1.17660883482e-17, 1.14487843468e-17, 1.26471349622e-17, 1.14412164713e-17, 1.07521295261e-17, 8.29755543082e-18, 6.26356917616e-18, 4.98347491819e-18, 2.40756128521e-18, 1.03416508665e-18, 2.41007834412e-19, 2.70924640416e-20],
        "var": [1.0360301733, 40.5444335938, 138.496154785, 323.19128418, 653.86315918, 430.127868652, 265.074462891, 255.368972778, 142.726257324, 198.299926758, 118.85118866, 531.480651855, 342.939727783, 1559.00341797, 2004.48376465, 571.100036621, 1878.44812012, 662.962036133, 676.744567871, 599.795776367, 787.383789062, 893.287658691, 1673.12963867, 1670.20495605, 1740.84777832, 963.642578125, 655.796691895, 289.375732422, 242.813919067, 107.793571472, 47.869846344, 17.8061447144, 7.42375946045, 2.11634922028, 0.659559428692, 0.130751207471, 0.0116798086092, 0.000896531448234, 4.16519515056e-06, 3.00233371497e-09]
    },
    "gfcc": {
        "mean": [4.16962432861, 62.0778770447, -109.99672699, 54.4581832886, -45.1553649902, 16.333902359, -28.8519630432, 10.8977842331, -25.1619358063, 4.39500522614, -17.2732658386, 4.97783756256, -9.50369548798],
        "cov": [[19799.1816406, -222.769058228, -2.88704419136, 1415.66723633, -223.739151001, 291.376342773, -429.859069824, 138.175598145, -369.028289795, 87.8209762573, -293.402648926, 55.4694290161, -142.843917847], [-222.769058228, 1001.27514648, 218.184143066, 102.573562622, 191.162811279, 4.64797496796, 110.562431335, -19.4763870239, 70.0353317261, -53.9907188416, 37.3351402283, -68.7826156616, 31.1525840759], [-2.88704419136, 218.184143066, 772.413024902, 223.292922974, 223.668212891, 112.151191711, 126.010955811, 40.9307670593, 22.9690895081, -6.95351886749, 2.60516285896, -12.2001037598, -16.046672821], [1415.66723633, 102.573562622, 223.292922974, 528.355773926, 154.549407959, 182.823455811, 70.2977676392, 30.3759021759, 36.2134857178, 3.93439292908, 29.9612350464, -14.9481630325, 18.701789856], [-223.739151001, 191.162811279, 223.668212891, 154.549407959, 335.856536865, 131.7837677, 167.23475647, 51.2840156555, 60.3878936768, 33.5914916992, 50.2087440491, 8.18745231628, 15.3858623505], [291.376342773, 4.64797496796, 112.151191711, 182.823455811, 131.7837677, 232.263565063, 117.110969543, 55.9308280945, 38.6049880981, 25.3342266083, 37.1610298157, 6.82769680023, 24.2645683289], [-429.859069824, 110.562431335, 126.010955811, 70.2977676392, 167.23475647, 117.110969543, 222.046737671, 83.2954101562, 64.6404647827, 29.0471897125, 50.7827568054, 13.480635643, 35.0684661865], [138.175598145, -19.4763870239, 40.9307670593, 30.3759021759, 51.2840156555, 55.9308280945, 83.2954101562, 131.815856934, 64.9542388916, 38.7005767822, 15.6938343048, 16.9786109924, 18.4960899353], [-369.028289795, 70.0353317261, 22.9690895081, 36.2134857178, 60.3878936768, 38.6049880981, 64.6404647827, 64.9542388916, 132.847137451, 49.3471984863, 41.0668563843, 2.20577478409, 24.1372375488], [87.8209762573, -53.9907188416, -6.95351886749, 3.93439292908, 33.5914916992, 25.3342266083, 29.0471897125, 38.7005767822, 49.3471984863, 105.098327637, 51.8501930237, 25.5670528412, 9.12194442749], [-293.402648926, 37.3351402283, 2.60516285896, 29.9612350464, 50.2087440491, 37.1610298157, 50.7827568054, 15.6938343048, 41.0668563843, 51.8501930237, 104.169052124, 43.2013206482, 27.3337478638], [55.4694290161, -68.7826156616, -12.2001037598, -14.9481630325, 8.18745231628, 6.82769680023, 13.480635643, 16.9786109924, 2.20577478409, 25.5670528412, 43.2013206482, 86.6714859009, 34.6905555725], [-142.843917847, 31.1525840759, -16.046672821, 18.701789856, 15.3858623505, 24.2645683289, 35.0684661865, 18.4960899353, 24.1372375488, 9.12194442749, 27.3337478638, 34.6905555725, 82.1684570312]],
        "icov": [[0.000111825625936, -0.000132067289087, 9.10426970222e-05, -0.000414986541728, 0.000136734277476, -8.82227686816e-05, 0.00022103387164, -0.000356836622814, 0.000480173213873, -0.000514218700118, 0.000579797662795, -0.000459251546999, 0.000260193715803], [-0.000132067289087, 0.00172539625783, -0.000368509470718, 0.000445312209195, -0.000931111339014, 0.000926004606299, -0.000533618382178, 0.000873416196555, -0.00126569857821, 0.00196398678236, -0.00197939877398, 0.0023709803354, -0.00131380045786], [9.10426970222e-05, -0.000368509470718, 0.00189597543795, -0.000876945909113, -0.000635714735836, -6.20794089627e-05, -0.000272015284281, -0.000449550745543, 0.000606255489402, -0.00037608621642, 0.00118599331472, -0.000977401388809, 0.00110428221524], [-0.000414986541728, 0.000445312209195, -0.000876945909113, 0.00457787420601, -0.00117350998335, -0.00191219965927, 0.000502024719026, 0.00113826536108, -0.00195370311849, 0.00248036743142, -0.00293826824054, 0.00268789101392, -0.00164833688177], [0.000136734277476, -0.000931111339014, -0.000635714735836, -0.00117350998335, 0.00655234418809, -0.00127375521697, -0.00322283874266, 0.000650699075777, 3.2826403185e-05, -0.00199676840566, 0.00117548683193, -0.00196658703499, 0.00176315463614], [-8.82227686816e-05, 0.000926004606299, -6.20794089627e-05, -0.00191219965927, -0.00127375521697, 0.00855557899922, -0.00296047143638, -0.000626304245088, 0.000159457980772, 0.00041127789882, -0.00154646474402, 0.00161857157946, -0.00122625357471], [0.00022103387164, -0.000533618382178, -0.000272015284281, 0.000502024719026, -0.00322283874266, -0.00296047143638, 0.0115619748831, -0.00533008854836, 0.000838289503008, 0.00058245821856, -0.00202809553593, 0.000811772653833, -0.00181679811794], [-0.000356836622814, 0.000873416196555, -0.000449550745543, 0.00113826536108, 0.000650699075777, -0.000626304245088, -0.00533008854836, 0.0150117073208, -0.00688799563795, -0.00106515269727, 0.00268644536845, -0.00178326386958, -0.000338714860845], [0.000480173213873, -0.00126569857821, 0.000606255489402, -0.00195370311849, 3.2826403185e-05, 0.000159457980772, 0.000838289503008, -0.00688799563795, 0.0155123574659, -0.00599285494536, -0.000631969072856, 0.00191783485934, -0.00147380994167], [-0.000514218700118, 0.00196398678236, -0.00037608621642, 0.00248036743142, -0.00199676840566, 0.00041127789882, 0.00058245821856, -0.00106515269727, -0.00599285494536, 0.018880866468, -0.0101028876379, 0.00211593625136, 9.89038526313e-05], [0.000579797662795, -0.00197939877398, 0.00118599331472, -0.00293826824054, 0.00117548683193, -0.00154646474402, -0.00202809553593, 0.00268644536845, -0.000631969072856, -0.0101028876379, 0.022973427549, -0.0116293616593, 0.00173094507772], [-0.000459251546999, 0.0023709803354, -0.000977401388809, 0.00268789101392, -0.00196658703499, 0.00161857157946, 0.000811772653833, -0.00178326386958, 0.00191783485934, 0.00211593625136, -0.0116293616593, 0.0231499113142, -0.00925803277642], [0.000260193715803, -0.00131380045786, 0.00110428221524, -0.00164833688177, 0.00176315463614, -0.00122625357471, -0.00181679811794, -0.000338714860845, -0.00147380994167, 9.89038526313e-05, 0.00173094507772, -0.00925803277642, 0.0183497536927]]
    },
    "melbands": {
        "dmean": [0.00376292364672, 0.00315743521787, 0.00167342659552, 0.000825578870717, 0.000317863799864, 0.000160480936756, 7.78872999945e-05, 6.29446949461e-05, 3.49647598341e-05, 5.919805335e-05, 3.69459703506e-05, 4.93685001857e-05, 4.31074258813e-05, 2.63556139544e-05, 1.70950825122e-05, 3.14644057653e-05, 2.3250864615e-05, 2.0676981876e-05, 2.01566708711e-05, 2.75595157291e-05, 1.96543933271e-05, 1.54608078446e-05, 2.00476188184e-05, 1.54483313963e-05, 1.48209510371e-05, 1.56471051014e-05, 1.14920767373e-05, 1.26141894725e-05, 9.71456665866e-06, 6.59002262182e-06, 5.1224433264e-06, 4.92706658406e-06, 4.08780488215e-06, 2.79295522887e-06, 2.41445150095e-06, 1.66632707987e-06, 1.18585921882e-06, 9.34446461542e-07, 6.56911652186e-07, 5.99639975007e-07],
        "dmean2": [0.00563761172816, 0.00498520862311, 0.00264939735644, 0.0013282566797, 0.000508429657202, 0.000254226994002, 0.000124540558318, 0.000101635298051, 5.7849836594e-05, 9.4939081464e-05, 5.90618983551e-05, 7.7780947322e-05, 6.94611298968e-05, 4.30645122833e-05, 2.75221573247e-05, 5.17097905686e-05, 3.97397452616e-05, 3.53232353518e-05, 3.46616143361e-05, 4.66545789095e-05, 3.35109689331e-05, 2.59967928287e-05, 3.3573982364e-05, 2.53201706073e-05, 2.4704469979e-05, 2.63476285909e-05, 1.84941436601e-05, 2.13432886085e-05, 1.61318093888e-05, 1.08792328319e-05, 8.4209450506e-06, 7.98974269856e-06, 6.86725161358e-06, 4.51193363915e-06, 3.99730924983e-06, 2.67069231086e-06, 1.87850321254e-06, 1.47492767155e-06, 1.03355523606e-06, 9.74658519226e-07],
        "dvar": [3.31415321853e-05, 2.28230037465e-05, 1.05526369225e-05, 2.537501814e-06, 3.33567470534e-07, 7.99916861638e-08, 2.72826063963e-08, 1.96967615551e-08, 7.34426741644e-09, 1.62306061924e-08, 5.65491697913e-09, 1.26347510232e-08, 9.54805212672e-09, 3.39751782263e-09, 1.8388102152e-09, 5.39406297406e-09, 2.14611795002e-09, 1.35739419704e-09, 1.57479773666e-09, 2.13001505323e-09, 8.39431746336e-10, 6.32048857696e-10, 1.40648903635e-09, 6.55169307695e-10, 6.79967415707e-10, 7.6604128596e-10, 4.25195184617e-10, 3.65438540539e-10, 2.65542976496e-10, 9.64422292027e-11, 5.32531206632e-11, 5.98937149876e-11, 3.78710569848e-11, 2.02890985262e-11, 1.38217484333e-11, 7.22928574642e-12, 3.44587487884e-12, 2.5378358269e-12, 1.17257939469e-12, 9.29840297641e-13],
        "dvar2": [7.61843257351e-05, 5.66127891943e-05, 2.54354999925e-05, 6.54743007544e-06, 8.29229861665e-07, 1.88358441733e-07, 6.33049666021e-08, 4.74239527648e-08, 1.8727060791e-08, 4.14598382292e-08, 1.44650620371e-08, 3.18433066582e-08, 2.44611211286e-08, 8.48735570713e-09, 3.67974006821e-09, 1.33257067603e-08, 5.3214277429e-09, 3.53274676179e-09, 4.19673718e-09, 5.37523048294e-09, 2.17253748325e-09, 1.60497504176e-09, 3.47819950619e-09, 1.61422430978e-09, 1.55864665619e-09, 1.97754657094e-09, 1.01959785059e-09, 9.47471989754e-10, 6.5927008297e-10, 2.49457010604e-10, 1.3361285689e-10, 1.43852707524e-10, 9.60262425131e-11, 5.14136788698e-11, 3.47690765068e-11, 1.76781488753e-11, 8.17331445579e-12, 5.94760395448e-12, 2.66367657098e-12, 2.26454553894e-12],
        "max": [0.0649767145514, 0.0592710189521, 0.0414015464485, 0.0205014124513, 0.007424402982, 0.0041384017095, 0.00571949034929, 0.00278311921284, 0.00211261189543, 0.00301620457321, 0.0021191847045, 0.00218324991874, 0.00282732304186, 0.00175319681875, 0.00153802009299, 0.00335737201385, 0.00135780195706, 0.000637435819954, 0.000799563538749, 0.000800442707259, 0.000460885028588, 0.000719372066669, 0.00164708937518, 0.000443976168754, 0.00143112195656, 0.000755136134103, 0.000767591700424, 0.000242060195887, 0.000530242570676, 0.000282980821794, 0.000136879767524, 0.00014570375788, 0.000119807496958, 9.95067239273e-05, 4.92360049975e-05, 4.19822317781e-05, 2.74759113381e-05, 2.96051948681e-05, 1.52633256221e-05, 1.52213033289e-05],
        "mean": [0.00604391982779, 0.00467177247629, 0.00178885867354, 0.000895360775758, 0.000372139271349, 0.000204828305868, 9.8293494375e-05, 8.10137571534e-05, 4.05333048548e-05, 8.39759595692e-05, 5.39450447832e-05, 7.53606145736e-05, 6.43027378828e-05, 3.65950581909e-05, 2.51703477261e-05, 4.12910558225e-05, 2.75115780823e-05, 2.6301080652e-05, 2.38326465478e-05, 3.59963669325e-05, 2.54643637163e-05, 2.23796996579e-05, 2.96796952171e-05, 2.45363444265e-05, 2.33625287365e-05, 2.37440654018e-05, 1.8783919586e-05, 1.82400199265e-05, 1.48763456309e-05, 1.06913194031e-05, 8.47441970109e-06, 7.48184857002e-06, 5.82742632105e-06, 4.23657547799e-06, 3.44801878782e-06, 2.59270200331e-06, 1.87793318673e-06, 1.44749208175e-06, 1.06259597032e-06, 8.66863217652e-07],
        "median": [0.00217898120172, 0.00203016982414, 0.000603830907494, 0.000316667836159, 0.000139781550388, 8.61914668349e-05, 4.41679621872e-05, 3.37026249326e-05, 1.6632326151e-05, 3.39632533723e-05, 2.69116007985e-05, 2.27785640163e-05, 1.95199681912e-05, 1.41994805745e-05, 1.06353527372e-05, 1.74045198946e-05, 1.38674295158e-05, 1.43868237501e-05, 1.25268161355e-05, 1.9611148673e-05, 1.59205173986e-05, 1.35589707497e-05, 1.57483555085e-05, 1.38873328979e-05, 1.26880213429e-05, 1.3416022739e-05, 1.13586565931e-05, 1.06359366328e-05, 8.61766966409e-06, 6.77459320286e-06, 4.99917450725e-06, 4.15980912294e-06, 3.19186074194e-06, 2.34243543673e-06, 1.77336778506e-06, 1.46427692016e-06, 1.10770997708e-06, 8.10997846656e-07, 6.20022547082e-07, 4.39753080173e-07],
        "min": [1.00974748071e-24, 8.03114487791e-25, 2.00245457979e-24, 2.76853219599e-24, 1.81085446541e-24, 2.36727513832e-24, 1.82261421214e-24, 2.99608563221e-24, 1.9150708796e-24, 2.77904534528e-24, 2.72909625048e-24, 4.19007414113e-24, 3.93001628296e-24, 4.11639019384e-24, 4.01333695506e-24, 4.75492142623e-24, 3.09441852455e-24, 3.43016521999e-24, 3.88412706081e-24, 4.20657987228e-24, 5.11485735804e-24, 5.20819853579e-24, 2.95697627511e-24, 4.2446676545e-24, 5.05646390168e-24, 4.89880373889e-24, 4.76183658093e-24, 4.10639217073e-24, 6.42795222795e-24, 5.33120167244e-24, 4.44140838097e-24, 6.57083702599e-24, 5.66772421258e-24, 6.48693772442e-24, 7.3377190831e-24, 6.35512025045e-24, 7.30254298648e-24, 7.40407806245e-24, 6.79654866921e-24, 5.88244781224e-24],
        "var": [6.96124479873e-05, 3.99382479372e-05, 1.06343086372e-05, 2.51431038123e-06, 3.83866080256e-07, 1.1249161247e-07, 3.38825856261e-08, 2.45160816092e-08, 7.09524217157e-09, 2.42253594962e-08, 8.40154790183e-09, 2.50882212782e-08, 1.80261032767e-08, 5.51254997205e-09, 6.16152462385e-09, 7.91088261565e-09, 2.69414446308e-09, 1.66488545172e-09, 1.51793533298e-09, 2.70085576126e-09, 9.40823974283e-10, 8.5170126507e-10, 2.06943018277e-09, 1.06797781729e-09, 1.34533839624e-09, 1.25142807228e-09, 6.52465748097e-10, 4.80595896413e-10, 3.83960724326e-10, 1.58070917466e-10, 9.96346546933e-11, 9.97832164118e-11, 5.20247490921e-11, 3.01194139074e-11, 1.92557619155e-11, 1.07911240707e-11, 5.83962305595e-12, 3.99849554508e-12, 2.04829339254e-12, 1.57893674264e-12]
    },
    "mfcc": {
        "mean": [-632.024414062, 86.0849304199, 0.273414582014, 41.8302154541, 9.36280918121, 13.8779687881, 7.07018375397, 8.30120754242, 3.12140011787, 2.46976828575, -2.31755185127, -0.979841172695, -0.668510496616],
        "cov": [[9468.45117188, 590.644958496, 455.35647583, 610.227294922, 152.845016479, 213.302825928, 110.561965942, 124.438980103, 20.0949020386, 18.9410400391, -125.211402893, -120.515899658, -92.6219177246], [590.644958496, 945.387756348, 100.598220825, 173.210891724, 90.8676681519, 46.0279502869, 77.377571106, 53.4591674805, 52.0256614685, 24.4403591156, 19.1882762909, 7.43572807312, -6.26282024384], [455.35647583, 100.598220825, 514.632263184, 187.137878418, 134.844207764, 101.611999512, 76.4117889404, 62.6689453125, 30.7573566437, 38.6927986145, 18.9994659424, 4.55826854706, -16.6491985321], [610.227294922, 173.210891724, 187.137878418, 315.830413818, 142.681015015, 129.803192139, 93.5161514282, 76.7592086792, 46.0003738403, 42.7082633972, 31.2743396759, 17.866765976, -0.495031625032], [152.845016479, 90.8676681519, 134.844207764, 142.681015015, 192.547958374, 128.244140625, 85.3697967529, 64.689125061, 40.9570846558, 40.8990592957, 38.9634780884, 27.7188339233, 8.68398952484], [213.302825928, 46.0279502869, 101.611999512, 129.803192139, 128.244140625, 210.193191528, 128.473495483, 75.8923187256, 45.4556694031, 46.2637519836, 34.9741592407, 33.1144371033, 16.9473743439], [110.561965942, 77.377571106, 76.4117889404, 93.5161514282, 85.3697967529, 128.473495483, 184.76890564, 89.2808074951, 54.9726371765, 43.0356216431, 30.7071990967, 33.5101623535, 27.6155090332], [124.438980103, 53.4591674805, 62.6689453125, 76.7592086792, 64.689125061, 75.8923187256, 89.2808074951, 132.520385742, 70.2270431519, 38.7538871765, 25.3015365601, 22.3536338806, 16.1572494507], [20.0949020386, 52.0256614685, 30.7573566437, 46.0003738403, 40.9570846558, 45.4556694031, 54.9726371765, 70.2270431519, 116.436500549, 68.4640426636, 26.0240917206, 18.1109771729, 16.709985733], [18.9410400391, 24.4403591156, 38.6927986145, 42.7082633972, 40.8990592957, 46.2637519836, 43.0356216431, 38.7538871765, 68.4640426636, 106.644065857, 48.9735183716, 21.9527072906, 14.9968385696], [-125.211402893, 19.1882762909, 18.9994659424, 31.2743396759, 38.9634780884, 34.9741592407, 30.7071990967, 25.3015365601, 26.0240917206, 48.9735183716, 101.451454163, 51.3937339783, 15.3352413177], [-120.515899658, 7.43572807312, 4.55826854706, 17.866765976, 27.7188339233, 33.1144371033, 33.5101623535, 22.3536338806, 18.1109771729, 21.9527072906, 51.3937339783, 82.0419921875, 43.9729156494], [-92.6219177246, -6.26282024384, -16.6491985321, -0.495031625032, 8.68398952484, 16.9473743439, 27.6155090332, 16.1572494507, 16.709985733, 14.9968385696, 15.3352413177, 43.9729156494, 80.7229919434]],
