{
"lowlevel": {
    "average_loudness": 0.863680481911,
    "barkbands_crest": {
        "dmean": 2.51077771187,
        "dmean2": 3.99584126472,
        "dvar": 5.09618425369,
        "dvar2": 12.2161893845,
        "max": 25.3765411377,
        "mean": 10.6871728897,
        "median": 9.7941942215,
        "min": 2.52081751823,
        "var": 17.8520259857
    },
    "barkbands_flatness_db": {
        "dmean": 0.0257745925337,
        "dmean2": 0.0378637462854,
        "dvar": 0.000585787405726,
        "dvar2": 0.00121409574058,
        "max": 0.427829414606,
        "mean": 0.166527032852,
        "median": 0.16195872426,
        "min": 0.0337394401431,
        "var": 0.00393919181079
    },
    "barkbands_kurtosis": {
        "dmean": 1.9970818758,
        "dmean2": 3.12185359001,
        "dvar": 9.85839366913,
        "dvar2": 21.5128078461,
        "max": 145.371292114,
        "mean": 3.34037899971,
        "median": 1.89373111725,
        "min": -1.82250463963,
        "var": 43.244430542
    },
    "barkbands_skewness": {
        "dmean": 0.437702864408,
        "dmean2": 0.665623664856,
        "dvar": 0.178313270211,
        "dvar2": 0.408148944378,
        "max": 10.7382411957,
        "mean": 1.26916062832,
        "median": 1.19116735458,
        "min": -2.23433017731,
        "var": 0.915063858032
    },
    "barkbands_spread": {
        "dmean": 3.93667721748,
        "dmean2": 6.04130887985,
        "dvar": 24.5228939056,
        "dvar2": 53.644657135,
        "max": 96.4450759888,
        "mean": 14.9429349899,
        "median": 13.0382623672,
        "min": 0.799145996571,
        "var": 92.0111999512
    },
    "dissonance": {
        "dmean": 0.0262482613325,
        "dmean2": 0.0443135909736,
        "dvar": 0.000660723424517,
        "dvar2": 0.0017554408405,
        "max": 0.499996870756,
        "mean": 0.445667922497,
        "median": 0.453090310097,
        "min": 0.112462624907,
        "var": 0.00138647493441
    },
    "dynamic_complexity": 3.75744485855,
    "erbbands_crest": {
        "dmean": 2.82760167122,
        "dmean2": 4.42179250717,
        "dvar": 7.46234369278,
        "dvar2": 17.2078304291,
        "max": 30.8546123505,
        "mean": 11.6291236877,
        "median": 10.6792106628,
        "min": 2.27624416351,
        "var": 28.1674461365
    },
    "erbbands_flatness_db": {
        "dmean": 0.0241853259504,
        "dmean2": 0.0337192714214,
        "dvar": 0.000589018105529,
        "dvar2": 0.00113533437252,
        "max": 0.454973846674,
        "mean": 0.201822191477,
        "median": 0.199218481779,
        "min": 0.0372202247381,
        "var": 0.00425043236464
    },
    "erbbands_kurtosis": {
        "dmean": 1.1448289156,
        "dmean2": 1.78333067894,
        "dvar": 2.97182440758,
        "dvar2": 6.54733467102,
        "max": 36.9564819336,
        "mean": 1.21639847755,
        "median": 0.309752225876,
        "min": -1.74827122688,
        "var": 9.36872291565
    },
    "erbbands_skewness": {
        "dmean": 0.372622638941,
        "dmean2": 0.559388577938,
        "dvar": 0.114437587559,
        "dvar2": 0.263385802507,
        "max": 5.39558792114,
        "mean": 0.612725377083,
        "median": 0.556776285172,
        "min": -1.92406058311,
        "var": 0.600824713707
    },
    "erbbands_spread": {
        "dmean": 5.99251508713,
        "dmean2": 8.98242759705,
        "dvar": 46.1272468567,
        "dvar2": 98.6973571777,
        "max": 124.951065063,
        "mean": 26.1845207214,
        "median": 23.3258953094,
        "min": 1.95765674114,
        "var": 215.14151001
    },
    "hfc": {
        "dmean": 5.4471783638,
        "dmean2": 7.52291631699,
        "dvar": 67.8273010254,
        "dvar2": 127.915885925,
        "max": 130.506286621,
        "mean": 15.7071790695,
        "median": 11.0876073837,
        "min": 1.00266022971e-16,
        "var": 227.79838562
    },
    "melbands_crest": {
        "dmean": 3.15537881851,
        "dmean2": 4.97563362122,
        "dvar": 7.75364303589,
        "dvar2": 18.7353916168,
        "max": 34.0633621216,
        "mean": 13.9893226624,
        "median": 12.9362735748,
        "min": 1.62604022026,
        "var": 29.8078041077
    },
    "melbands_flatness_db": {
        "dmean": 0.0290818065405,
        "dmean2": 0.0425477102399,
        "dvar": 0.000767169927713,
        "dvar2": 0.00160210276954,
        "max": 0.565215706825,
        "mean": 0.229702189565,
        "median": 0.223124369979,
        "min": 0.00355997215956,
        "var": 0.0060551171191
    },
    "melbands_kurtosis": {
        "dmean": 3.80790495872,
        "dmean2": 5.91905260086,
        "dvar": 59.1553573608,
        "dvar2": 149.712356567,
        "max": 487.604705811,
        "mean": 7.71073579788,
        "median": 4.46121835709,
        "min": -1.68660902977,
        "var": 310.259490967
    },
    "melbands_skewness": {
        "dmean": 0.544532954693,
        "dmean2": 0.822626292706,
        "dvar": 0.305287957191,
        "dvar2": 0.712441027164,
        "max": 18.1760063171,
        "mean": 1.80053734779,
        "median": 1.64409601688,
        "min": -1.39427483082,
        "var": 1.75976836681
    },
    "melbands_spread": {
        "dmean": 4.5145111084,
        "dmean2": 7.03819894791,
        "dvar": 28.7374019623,
        "dvar2": 66.0047073364,
        "max": 161.765609741,
        "mean": 17.976442337,
        "median": 15.8327827454,
        "min": 0.853738307953,
        "var": 181.044647217
    },
    "pitch_salience": {
        "dmean": 0.0664118602872,
        "dmean2": 0.106071524322,
        "dvar": 0.00360148819163,
        "dvar2": 0.00900385621935,
        "max": 0.952438652515,
        "mean": 0.520231544971,
        "median": 0.519922196865,
        "min": 0.131379574537,
        "var": 0.0119825163856
    },
    "silence_rate_20dB": {
        "dmean": 0,
        "dmean2": 0,
        "dvar": 0,
        "dvar2": 0,
        "max": 1,
        "mean": 1,
        "median": 1,
        "min": 1,
        "var": 0
    },
    "silence_rate_30dB": {
        "dmean": 0.0155610153452,
        "dmean2": 0.0311262793839,
        "dvar": 0.0153195634484,
        "dvar2": 0.038347389549,
        "max": 1,
        "mean": 0.987443685532,
        "median": 1,
        "min": 0,
        "var": 0.012399604544
    },
    "silence_rate_60dB": {
        "dmean": 0.0223860219121,
        "dmean2": 0.0447781570256,
        "dvar": 0.0218870937824,
        "dvar2": 0.0495955906808,
        "max": 1,
        "mean": 0.0985396504402,
        "median": 0,
        "min": 0,
        "var": 0.0888244360685
    },
    "spectral_centroid": {
        "dmean": 173.357971191,
        "dmean2": 268.478942871,
        "dvar": 51666.9648438,
        "dvar2": 102486.523438,
        "max": 11748.1367188,
        "mean": 1014.00091553,
        "median": 891.903808594,
        "min": 202.731704712,
        "var": 788771.375
    },
    "spectral_complexity": {
        "dmean": 3.16352725029,
        "dmean2": 4.7107167244,
        "dvar": 13.8204917908,
        "dvar2": 25.9756298065,
        "max": 54,
        "mean": 15.4083528519,
        "median": 14,
        "min": 0,
        "var": 68.4960708618
    },
    "spectral_decrease": {
        "dmean": 2.18568985133e-09,
        "dmean2": 3.17708215292e-09,
        "dvar": 1.36203567935e-17,
        "dvar2": 2.96862978834e-17,
        "max": 1.23194925565e-28,
        "mean": -6.10794304023e-09,
        "median": -4.40136638247e-09,
        "min": -6.01156955327e-08,
        "var": 3.73674771992e-17
    },
    "spectral_energy": {
        "dmean": 0.00865910388529,
        "dmean2": 0.0125396652147,
        "dvar": 0.000208337194636,
        "dvar2": 0.000450129969977,
        "max": 0.232073247433,
        "mean": 0.0244774445891,
        "median": 0.0177094750106,
        "min": 9.96313602323e-21,
        "var": 0.000584674358834
    },
    "spectral_energyband_high": {
        "dmean": 0.000236398045672,
        "dmean2": 0.000329864735249,
        "dvar": 1.93407871052e-07,
        "dvar2": 4.09715482874e-07,
        "max": 0.00945162121207,
        "mean": 0.000341792678228,
        "median": 7.46753721614e-05,
        "min": 6.89154218239e-21,
        "var": 3.48953591356e-07
    },
    "spectral_energyband_low": {
        "dmean": 0.00396201713011,
        "dmean2": 0.0061772428453,
        "dvar": 9.45013234741e-05,
        "dvar2": 0.000221353082452,
        "max": 0.172460958362,
        "mean": 0.00657946243882,
        "median": 0.00161763082724,
        "min": 3.00286372232e-23,
        "var": 0.000168899889104
    },
    "spectral_energyband_middle_high": {
        "dmean": 0.00201463513076,
        "dmean2": 0.0028866417706,
        "dvar": 1.30147718664e-05,
        "dvar2": 2.70914551947e-05,
        "max": 0.0644046440721,
        "mean": 0.00556490523741,
        "median": 0.00317749474198,
        "min": 1.23986598809e-21,
        "var": 5.22197879036e-05
    },
    "spectral_energyband_middle_low": {
        "dmean": 0.00517660193145,
        "dmean2": 0.00769722554833,
        "dvar": 8.73921817401e-05,
        "dvar2": 0.000208126817597,
        "max": 0.154879629612,
        "mean": 0.0125879794359,
        "median": 0.00824409443885,
        "min": 1.64634374774e-22,
        "var": 0.00019131184672
    },
    "spectral_entropy": {
        "dmean": 0.216666504741,
        "dmean2": 0.313107192516,
        "dvar": 0.0517644844949,
        "dvar2": 0.104791253805,
        "max": 9.81368732452,
        "mean": 7.21298837662,
        "median": 7.24347162247,
        "min": 4.88947868347,
        "var": 0.387907505035
    },
    "spectral_flux": {
        "dmean": 0.0225871056318,
        "dmean2": 0.0358433015645,
        "dvar": 0.000979258678854,
        "dvar2": 0.00211814488284,
        "max": 0.422203212976,
        "mean": 0.0673617720604,
        "median": 0.0559054911137,
        "min": 6.38458175217e-11,
        "var": 0.00243233679794
    },
    "spectral_kurtosis": {
        "dmean": 4.32678842545,
        "dmean2": 7.07823371887,
        "dvar": 46.7250289917,
        "dvar2": 127.79863739,
        "max": 161.717834473,
        "mean": 10.5511417389,
        "median": 6.33609485626,
        "min": -1.24959027767,
        "var": 208.342529297
    },
    "spectral_rms": {
        "dmean": 0.000760918308515,
        "dmean2": 0.00107433577068,
        "dvar": 9.22917649859e-07,
        "dvar2": 1.87672230822e-06,
        "max": 0.0150470240042,
        "mean": 0.00434379419312,
        "median": 0.00415662536398,
        "min": 3.11771268524e-12,
        "var": 5.01186332258e-06
    },
    "spectral_rolloff": {
        "dmean": 285.133850098,
        "dmean2": 479.355651855,
        "dvar": 332962.125,
        "dvar2": 738680.5625,
        "max": 19250.6835938,
        "mean": 1218.82788086,
        "median": 904.39453125,
        "min": 43.06640625,
        "var": 3048717.75
    },
    "spectral_skewness": {
        "dmean": 0.380334049463,
        "dmean2": 0.614389538765,
        "dvar": 0.201416030526,
        "dvar2": 0.567519307137,
        "max": 9.90842437744,
        "mean": 2.18659377098,
        "median": 1.95149374008,
        "min": -0.0677173733711,
        "var": 1.03363037109
    },
    "spectral_spread": {
        "dmean": 663201.375,
        "dmean2": 899655.0625,
        "dvar": 790762422272,
        "dvar2": 1.40174190182e+12,
        "max": 43199188,
        "mean": 3907352.5,
        "median": 3438666.25,
        "min": 585342.6875,
        "var": 1.1109801132e+13
    },
    "spectral_strongpeak": {
        "dmean": 0.602923452854,
        "dmean2": 0.997638523579,
        "dvar": 0.852781832218,
        "dvar2": 2.05085349083,
        "max": 11.4356927872,
        "mean": 1.25659167767,
        "median": 0.748566269875,
        "min": 0,
        "var": 1.90332901478
    },
    "zerocrossingrate": {
        "dmean": 0.00794046930969,
        "dmean2": 0.00947812199593,
        "dvar": 0.000114458911412,
        "dvar2": 0.000151727901539,
        "max": 0.8701171875,
        "mean": 0.0496814027429,
        "median": 0.04150390625,
        "min": 0.00439453125,
        "var": 0.00277267186902
    },
    "barkbands": {
        "dmean": [4.20863507316e-05, 0.00225356174633, 0.00179971242324, 0.00105665053707, 0.00171836349182, 0.0013149761362, 0.00141672487371, 0.000637480407022, 0.00137656973675, 0.000873500306625, 0.000408423395129, 0.000402494653827, 0.000260073051322, 0.000376969459467, 0.000194316788111, 0.000184398129932, 0.000123508521938, 0.000127727776999, 7.35801659175e-05, 5.3848769312e-05, 5.48704483663e-05, 4.73169457109e-05, 4.42786404165e-05, 3.95441384171e-05, 3.07886657538e-05, 1.22495348478e-05, 8.74266277151e-07],
        "dmean2": [6.89015432727e-05, 0.00355803733692, 0.00289328000508, 0.0018166025402, 0.00279166735709, 0.00194737839047, 0.00218062172644, 0.000957605720032, 0.00204686797224, 0.00123099668417, 0.000631203874946, 0.000590066250879, 0.0004268323828, 0.000581289001275, 0.000317454978358, 0.000308787071845, 0.000197488407139, 0.000203435673029, 0.000115773269499, 8.41171640786e-05, 8.70593285072e-05, 6.81137025822e-05, 6.49427747703e-05, 5.55375081603e-05, 4.31548942288e-05, 1.88104168046e-05, 1.50036544255e-06],
        "dvar": [2.36851516178e-08, 2.9853252272e-05, 3.10523937515e-05, 1.85735243576e-05, 2.16666376218e-05, 5.63005369258e-06, 6.54930408928e-06, 2.88721207653e-06, 1.19416736197e-05, 4.46711828772e-06, 1.64201208008e-06, 2.26683528126e-06, 7.87327223861e-07, 1.19593369163e-06, 3.60165159918e-07, 9.64932951319e-08, 5.13923019696e-08, 2.32039397474e-07, 2.41191084882e-08, 1.39165496904e-08, 3.87632681509e-08, 7.30333971077e-09, 6.9902457156e-09, 6.11864381383e-09, 3.89293797198e-09, 1.08254649689e-09, 1.18014426356e-11],
        "dvar2": [6.19162889848e-08, 7.55043074605e-05, 7.76659944677e-05, 5.22540176462e-05, 5.68092000321e-05, 1.19786936921e-05, 1.64334778674e-05, 5.96525887886e-06, 2.50336288445e-05, 8.6931122496e-06, 3.55423412657e-06, 3.99212467528e-06, 1.93123128156e-06, 2.74977492154e-06, 9.4920636684e-07, 2.65266749011e-07, 1.24357157461e-07, 5.86079238474e-07, 5.93018150141e-08, 3.59342244849e-08, 1.0888659574e-07, 1.42560994121e-08, 1.505422631e-08, 1.21569945222e-08, 8.44103364983e-09, 2.77329204046e-09, 3.20975225565e-11],
        "max": [0.00408754684031, 0.0902697518468, 0.117420874536, 0.0902615115047, 0.118560105562, 0.0746981054544, 0.0754369422793, 0.0484124943614, 0.0697176456451, 0.0527887046337, 0.0418509505689, 0.0441811122, 0.0293673258275, 0.041359230876, 0.0215464569628, 0.00790163967758, 0.00326398364268, 0.0105914268643, 0.00236319424585, 0.00180619896855, 0.0078291380778, 0.00129211740568, 0.000897328427527, 0.00118453451432, 0.00060682365438, 0.000509787292685, 9.7943120636e-05],
        "mean": [5.42377820238e-05, 0.00369615433738, 0.00227036513388, 0.00113650574349, 0.00248840148561, 0.0027847555466, 0.00254659517668, 0.00110840261914, 0.00238874577917, 0.00189976068214, 0.000748505990487, 0.000695476715919, 0.00044711609371, 0.000741671945434, 0.000311926269205, 0.000312022661092, 0.000192010367755, 0.000168408252648, 0.000105193583295, 8.29441996757e-05, 7.547417772e-05, 6.84226615704e-05, 5.44321883353e-05, 5.10338395543e-05, 3.58587603841e-05, 1.23235176943e-05, 7.00825182776e-07],
        "median": [5.81648509979e-06, 0.000592023483478, 0.000391619774746, 0.000283139408566, 0.000874043791555, 0.00112605607137, 0.00107821007259, 0.000243782924372, 0.000692415283993, 0.000466156285256, 0.000182275020052, 0.000184337608516, 0.00015482888557, 0.0002189786901, 0.000135677153594, 0.000189115540707, 8.61045919009e-05, 5.43696187378e-05, 3.90432833228e-05, 2.51851488429e-05, 1.98550333153e-05, 1.32932636916e-05, 8.66684513312e-06, 7.34485729481e-06, 3.96221230403e-06, 9.73200712906e-07, 4.59201601188e-08],
        "min": [6.02152714528e-25, 2.393087456e-24, 2.06190925128e-24, 6.31077877339e-25, 1.57903068846e-23, 7.75851957805e-24, 5.28636597403e-24, 1.0454114878e-23, 2.05953422775e-23, 2.25684159301e-23, 3.21547088706e-23, 1.7943969731e-23, 1.61743669717e-23, 4.19389696107e-23, 3.871915494e-23, 5.42694272283e-23, 5.08823708902e-23, 1.24221724797e-22, 1.29418172461e-22, 1.93343383386e-22, 2.98191820311e-22, 3.46820412439e-22, 4.13312324315e-22, 5.62986879722e-22, 9.51118057123e-22, 1.23557418086e-21, 1.84705432205e-21],
        "var": [3.0064700951e-08, 5.8919107687e-05, 3.40238402714e-05, 1.33866451506e-05, 2.75731235888e-05, 2.40635617956e-05, 1.42655271702e-05, 6.82864811097e-06, 2.48361775448e-05, 2.02106712095e-05, 4.55131839772e-06, 5.43585474588e-06, 1.81003656508e-06, 2.7367950679e-06, 4.36067892906e-07, 1.67054750477e-07, 8.87747759748e-08, 2.06584658713e-07, 3.14313552963e-08, 2.23535145949e-08, 3.4076315103e-08, 1.4868302145e-08, 1.05717763432e-08, 9.81650050136e-09, 5.35002531166e-09, 1.02554142956e-09, 8.67797760734e-12]
    },
    "erbbands": {
        "dmean": [0.0378769673407, 0.609019100666, 1.98253679276, 2.86934733391, 4.12036800385, 6.34940242767, 7.90100908279, 12.6927089691, 21.3302516937, 15.4376468658, 14.694940567, 24.7829399109, 27.3321533203, 28.9907016754, 16.0086631775, 13.9601306915, 13.2093849182, 18.0667819977, 10.7532911301, 9.05585670471, 10.5060892105, 6.9880065918, 7.46119356155, 4.74253034592, 2.81195163727, 2.62904977798, 2.79068446159, 1.61899209023, 1.72425758839, 1.5760153532, 1.16543066502, 0.907073915005, 0.65376073122, 0.407412588596, 0.190981209278, 0.0709278583527, 0.0189306419343, 0.00286153075285, 0.000130363638164, 1.18908401419e-05],
        "dmean2": [0.059622079134, 0.964124798775, 3.11091303825, 4.82918214798, 6.81834936142, 10.326212883, 12.4076089859, 18.7193641663, 33.0483207703, 22.9418544769, 21.9644012451, 37.5849952698, 40.3668823242, 40.455280304, 24.397228241, 20.694475174, 21.0450191498, 27.7626743317, 17.1504535675, 14.8660440445, 17.5581302643, 11.1679430008, 11.7684755325, 7.46961116791, 4.39347171783, 4.13768100739, 4.46855211258, 2.47434258461, 2.46465086937, 2.29252529144, 1.68957543373, 1.3233140707, 0.912494242191, 0.569694638252, 0.274694114923, 0.105959698558, 0.0297052133828, 0.00458423653618, 0.000220853384235, 1.73422304215e-05],
        "dvar": [0.0116055067629, 2.11997151375, 26.8134441376, 136.175415039, 180.656707764, 373.44229126, 493.764221191, 514.26550293, 1517.67749023, 1062.00646973, 1574.47424316, 4130.45849609, 4640.44335938, 5376.19042969, 2153.33325195, 3488.44824219, 1919.98803711, 3936.53076172, 562.992248535, 472.352783203, 352.367034912, 166.830123901, 868.574645996, 117.148033142, 24.2881736755, 40.3878898621, 88.6933517456, 16.1371192932, 10.351805687, 9.17234706879, 4.83482980728, 3.53229689598, 1.71161282063, 0.701977431774, 0.153692707419, 0.0293526072055, 0.00323487259448, 9.04843036551e-05, 2.63289877012e-07, 3.97613691971e-10],
        "dvar2": [0.0299952868372, 5.33482599258, 63.1403465271, 369.754547119, 483.941589355, 987.127807617, 1118.9810791, 1059.86743164, 3921.95019531, 2336.77368164, 3163.35253906, 9399.60839844, 9574.01953125, 9786.38378906, 4821.32568359, 5988.18066406, 4511.34521484, 9264.796875, 1378.86694336, 1239.86108398, 975.981140137, 415.279876709, 2204.23999023, 281.505340576, 56.9663505554, 107.484977722, 247.902770996, 41.0905189514, 20.1568031311, 20.0506420135, 10.106511116, 7.68334341049, 3.41134309769, 1.46848905087, 0.343959957361, 0.0714225247502, 0.00853410828859, 0.000245307106525, 7.28993484245e-07, 8.70039207346e-10],
        "max": [2.48573088646, 22.886844635, 102.123809814, 239.677124023, 327.497955322, 514.818054199, 885.948913574, 877.64074707, 1274.59484863, 787.936523438, 985.510192871, 1622.90942383, 1679.2878418, 2041.32763672, 1401.8692627, 2285.86303711, 1438.46484375, 2395.29760742, 616.466552734, 593.182495117, 532.956298828, 208.26348877, 667.086669922, 178.191467285, 63.4783554077, 106.053115845, 345.826171875, 135.390106201, 48.9765968323, 41.7664642334, 25.4333171844, 35.9546051025, 14.366853714, 9.70248603821, 4.28012275696, 2.33549594879, 0.937163829803, 0.305640637875, 0.00894786044955, 0.000326258130372],
        "mean": [0.0597329214215, 0.975318849087, 2.82735657692, 3.232629776, 5.67297315598, 8.46138763428, 12.836979866, 27.5305843353, 37.4874610901, 31.3492221832, 26.1806335449, 40.1488876343, 57.1837387085, 65.8638305664, 32.6366462708, 25.6624565125, 25.3093891144, 35.9187736511, 19.1495170593, 16.4776706696, 17.4330596924, 11.6249275208, 10.2288331985, 6.65771389008, 4.5263094902, 3.93633270264, 3.76519370079, 2.42026686668, 2.46574664116, 2.04399657249, 1.46636402607, 1.12858629227, 0.826439678669, 0.481374800205, 0.215922340751, 0.0749637782574, 0.0182274337858, 0.00270662643015, 0.000115865921543, 3.14534845529e-05],
        "median": [0.00744062149897, 0.168308377266, 0.566500604153, 0.845997810364, 2.0993874073, 2.00200724602, 3.86283278465, 11.6125555038, 20.2320384979, 10.963517189, 6.51380395889, 12.5843868256, 21.7877140045, 18.3233795166, 11.0553646088, 7.73503446579, 8.89663696289, 8.90830421448, 9.96311855316, 7.58419036865, 10.4870653152, 5.47593307495, 3.60939955711, 2.37536811829, 1.81921124458, 1.23326170444, 0.99379503727, 0.640143573284, 0.465126186609, 0.330135196447, 0.228198468685, 0.16909378767, 0.111836872995, 0.0550228394568, 0.0218922775239, 0.0061418232508, 0.00140973413363, 0.000227379685384, 1.90602204384e-05, 2.26264783123e-05],
        "min": [1.05890945009e-22, 5.37378410011e-22, 6.5516622313e-21, 7.68848708173e-21, 1.99892896382e-20, 4.01366709398e-20, 8.12691187031e-20, 6.91227662766e-20, 1.38316385743e-19, 1.89932029451e-19, 3.20577361913e-19, 5.90248426266e-19, 6.03666174681e-19, 8.12515579172e-19, 8.86046507255e-19, 1.127485949e-18, 1.09899516037e-18, 3.06788840128e-18, 2.33208105432e-18, 3.68354693708e-18, 4.83509112401e-18, 3.37826641944e-18, 7.89402943105e-18, 6.20558340163e-18, 8.19426621491e-18, 9.34800118969e-18, 9.897915824e-18, 8.86702130609e-18, 1.08803855345e-17, 1.26731729536e-17, 1.19607876392e-17, 1.18043115371e-17, 7.88647644488e-18, 8.04415361325e-18, 6.91728050168e-18, 4.08782939352e-18, 2.11826065624e-18, 9.29461598693e-19, 2.24008678288e-19, 2.86710752328e-20],
        "var": [0.0210802927613, 4.11657047272, 39.2371177673, 104.366760254, 225.345123291, 423.288208008, 1145.23254395, 2516.99584961, 2714.33666992, 3882.84692383, 3758.73339844, 7217.66552734, 11221.8935547, 26404.8027344, 5916.42578125, 8260.22753906, 4904.98876953, 8152.03125, 941.972167969, 991.616516113, 565.574951172, 299.561187744, 760.977478027, 141.103103638, 46.6880912781, 52.3211708069, 83.5391616821, 22.0838756561, 20.3020763397, 14.7556905746, 7.56096935272, 5.00999641418, 2.68353128433, 0.995720207691, 0.197149112821, 0.0309341624379, 0.00278839864768, 7.73428982939e-05, 1.84856801866e-07, 9.97539273406e-10]
    },
    "gfcc": {
        "mean": [-60.8684921265, 119.730300903, -129.329940796, 10.5190458298, -58.6191062927, 7.3198184967, -39.0656776428, 5.32298898697, -16.9672412872, 0.203594848514, -12.7746276855, -0.0557516254485, -5.22158288956],
        "cov": [[29087.0566406, -918.478759766, -1771.26452637, 1112.04406738, -1767.19055176, 1018.84460449, -672.584472656, 776.590637207, -670.030395508, 147.321792603, -536.549499512, 209.310806274, -138.190383911], [-918.478759766, 2104.45458984, -239.806900024, -269.99597168, 519.942871094, -300.49798584, 231.503952026, -187.072463989, 321.217468262, -58.3479232788, 254.21736145, -72.0960464478, 130.137863159], [-1771.26452637, -239.806900024, 880.826538086, 238.098342896, 167.515884399, 161.10635376, 63.7012443542, 74.7815246582, -45.4550285339, 23.6190757751, -46.9668083191, 4.23512077332, -48.7658081055], [1112.04406738, -269.99597168, 238.098342896, 444.773162842, -13.7510166168, 164.162445068, -23.5030975342, 93.7378158569, -60.483631134, 28.9908237457, -26.5190868378, -2.24055242538, -33.148891449], [-1767.19055176, 519.942871094, 167.515884399, -13.7510166168, 388.564971924, -29.6917934418, 139.697006226, -47.7882156372, 119.285171509, 0.301810920238, 103.267112732, -12.7965764999, 16.9316711426], [1018.84460449, -300.49798584, 161.10635376, 164.162445068, -29.6917934418, 248.021362305, 28.7038249969, 109.634254456, -62.0910072327, 23.9946231842, -43.2994232178, 30.4028263092, -21.348154068], [-672.584472656, 231.503952026, 63.7012443542, -23.5030975342, 139.697006226, 28.7038249969, 190.841461182, 32.6831550598, 53.2910003662, -28.876947403, 18.4594173431, -2.17031335831, 35.9296913147], [776.590637207, -187.072463989, 74.7815246582, 93.7378158569, -47.7882156372, 109.634254456, 32.6831550598, 156.148040771, 8.86341381073, 21.039068222, -40.2704696655, 22.0530509949, 0.15318390727], [-670.030395508, 321.217468262, -45.4550285339, -60.483631134, 119.285171509, -62.0910072327, 53.2910003662, 8.86341381073, 183.526321411, 53.2439956665, 90.1333465576, -13.2140607834, 25.2308769226], [147.321792603, -58.3479232788, 23.6190757751, 28.9908237457, 0.301810920238, 23.9946231842, -28.876947403, 21.039068222, 53.2439956665, 112.657546997, 55.7374839783, 9.23368549347, -25.0365219116], [-536.549499512, 254.21736145, -46.9668083191, -26.5190868378, 103.267112732, -43.2994232178, 18.4594173431, -40.2704696655, 90.1333465576, 55.7374839783, 161.538497925, 30.8497104645, 16.1521492004], [209.310806274, -72.0960464478, 4.23512077332, -2.24055242538, -12.7965764999, 30.4028263092, -2.17031335831, 22.0530509949, -13.2140607834, 9.23368549347, 30.8497104645, 98.3479232788, 56.537815094], [-138.190383911, 130.137863159, -48.7658081055, -33.148891449, 16.9316711426, -21.348154068, 35.9296913147, 0.15318390727, 25.2308769226, -25.0365219116, 16.1521492004, 56.537815094, 127.404006958]],
        "icov": [[0.000193202489754, -0.00052320107352, 0.000507084303536, -0.000465560966404, 0.000681068864651, -0.000700301607139, 0.000383299135137, -0.000572697783355, 0.000488325254992, -0.00056639011018, 0.000750779174268, -0.000826987321489, 0.0005654823035], [-0.00052320107352, 0.00267226994038, -0.00111606833525, 0.00134854891803, -0.00285521312617, 0.00227169296704, -0.00133854220621, 0.00181414640974, -0.0020656788256, 0.00246960110962, -0.00313522410579, 0.0035698201973, -0.00253031728789], [0.000507084303536, -0.00111606833525, 0.00316439312883, -0.00183797988575, 0.000252027617535, -0.00195679999888, 0.000770856684539, -0.00165981531609, 0.00174927862827, -0.00217246403918, 0.00295671680942, -0.00260221469216, 0.00185284472536], [-0.000465560966404, 0.00134854891803, -0.00183797988575, 0.00491024134681, -0.00220479047857, 7.38621747587e-05, 0.00062728341436, -0.000765020551626, 0.000480150833027, 0.00130243902095, -0.00356627674773, 0.00460792379454, -0.00261085294187], [0.000681068864651, -0.00285521312617, 0.000252027617535, -0.00220479047857, 0.00959693826735, -0.00328272930346, -0.00185514637269, 0.0011909888126, -0.00136917701457, -0.00075413408922, 0.00144458981231, -0.00437289243564, 0.00375465163961], [-0.000700301607139, 0.00227169296704, -0.00195679999888, 7.38621747587e-05, -0.00328272930346, 0.0117651773617, -0.00374354980886, -0.00214145705104, 0.00184388225898, -0.000688645348419, -0.00222567422315, 0.00122006819583, -0.00110357417725], [0.000383299135137, -0.00133854220621, 0.000770856684539, 0.00062728341436, -0.00185514637269, -0.00374354980886, 0.0112923989072, -0.00503495242447, 0.000585958478041, 0.00234576780349, 0.000136449758429, 0.00115884270053, -0.00150463520549], [-0.000572697783355, 0.00181414640974, -0.00165981531609, -0.000765020551626, 0.0011909888126, -0.00214145705104, -0.00503495242447, 0.0173602793366, -0.00924314279109, 0.00122631643899, 0.00352584128268, -0.00347164948471, 0.000738406612072], [0.000488325254992, -0.0020656788256, 0.00174927862827, 0.000480150833027, -0.00136917701457, 0.00184388225898, 0.000585958478041, -0.00924314279109, 0.0182210355997, -0.00886471010745, -0.00325974076986, 0.00495763681829, -0.00336631084792], [-0.00056639011018, 0.00246960110962, -0.00217246403918, 0.00130243902095, -0.00075413408922, -0.000688645348419, 0.00234576780349, 0.00122631643899, -0.00886471010745, 0.0201065316796, -0.00831322092563, 0.00154296483379, 0.00176818307955], [0.000750779174268, -0.00313522410579, 0.00295671680942, -0.00356627674773, 0.00144458981231, -0.00222567422315, 0.000136449758429, 0.00352584128268, -0.00325974076986, -0.00831322092563, 0.0198743026704, -0.0133825810626, 0.00604404462501], [-0.000826987321489, 0.0035698201973, -0.00260221469216, 0.00460792379454, -0.00437289243564, 0.00122006819583, 0.00115884270053, -0.00347164948471, 0.00495763681829, 0.00154296483379, -0.0133825810626, 0.0281691253185, -0.0153601048514], [0.0005654823035, -0.00253031728789, 0.00185284472536, -0.00261085294187, 0.00375465163961, -0.00110357417725, -0.00150463520549, 0.000738406612072, -0.00336631084792, 0.00176818307955, 0.00604404462501, -0.0153601048514, 0.0178806446493]]
    },
    "melbands": {
        "dmean": [0.000479405687656, 0.000953718903475, 0.000519475026522, 0.000360234174877, 0.000285148300463, 0.000273647339782, 0.00031881412724, 0.000160923096701, 0.000127235252876, 0.000174594984856, 0.000140987001942, 0.000126912083942, 6.00913881499e-05, 4.89567210025e-05, 3.24325446854e-05, 3.15049292112e-05, 3.25249311572e-05, 1.85688913916e-05, 1.48113203977e-05, 1.11994513645e-05, 1.29023337649e-05, 7.70346287027e-06, 6.76544050293e-06, 6.75102955938e-06, 3.7784518554e-06, 2.68543180937e-06, 1.77053493644e-06, 1.80556639862e-06, 1.907306455e-06, 1.30577632262e-06, 8.93235096555e-07, 9.95006530502e-07, 1.01108435047e-06, 8.69025654993e-07, 6.67033248192e-07, 6.60776436234e-07, 5.20337152921e-07, 4.80823985072e-07, 3.8358948018e-07, 3.49283340029e-07],
        "dmean2": [0.00075565156294, 0.00147816794924, 0.000867420632858, 0.000583103566896, 0.000456438981928, 0.000405143917305, 0.00049238052452, 0.00023887786665, 0.000191412909771, 0.000262223824393, 0.00020832104201, 0.00017641930026, 9.28932568058e-05, 7.18558003427e-05, 5.03119917994e-05, 4.96668180858e-05, 5.02794646309e-05, 2.97628375847e-05, 2.43291815423e-05, 1.86384004337e-05, 2.1723260943e-05, 1.24427169794e-05, 1.0748331988e-05, 1.08166213977e-05, 6.03602575211e-06, 4.2725446292e-06, 2.84617203761e-06, 2.87151260636e-06, 3.07005871036e-06, 2.09423569686e-06, 1.37665131206e-06, 1.45254989548e-06, 1.50751520778e-06, 1.30366663598e-06, 9.80201207312e-07, 9.98097334559e-07, 7.64613616866e-07, 6.86012924689e-07, 5.36447089416e-07, 5.04957085923e-07],
        "dvar": [1.45130832152e-06, 5.23062772118e-06, 3.83153155781e-06, 8.65501760927e-07, 7.04094247794e-07, 2.2853613757e-07, 3.13307566557e-07, 1.20153970329e-07, 1.22283722703e-07, 1.9203282875e-07, 1.22327591612e-07, 1.03766716109e-07, 3.71572923541e-08, 3.57298688414e-08, 1.46487968422e-08, 9.05350017177e-09, 1.18754046596e-08, 1.55457990925e-09, 3.14603165741e-09, 4.0474132379e-10, 5.70210267892e-10, 2.26250546076e-10, 2.77093875622e-10, 9.59470392026e-10, 8.01650343329e-11, 2.82545618846e-11, 1.44615127165e-11, 1.99598896439e-11, 2.5557214331e-11, 5.38751231127e-11, 2.8637879828e-12, 3.65958782375e-12, 3.71966997134e-12, 3.13781747981e-12, 1.64220319201e-12, 2.11102858284e-12, 1.16387390177e-12, 9.58474835958e-13, 5.83088156751e-13, 5.87188067266e-13],
        "dvar2": [3.74706860384e-06, 1.19774931591e-05, 1.03150887298e-05, 2.25116696129e-06, 1.72422949163e-06, 4.79231744066e-07, 8.05070897059e-07, 2.63185910399e-07, 2.5426237471e-07, 4.17700903199e-07, 2.53539980122e-07, 1.89113805504e-07, 8.20330328111e-08, 6.34623376072e-08, 2.9661610057e-08, 2.17570583771e-08, 2.7922938628e-08, 3.65279873016e-09, 8.41609448798e-09, 1.05892228319e-09, 1.58520030435e-09, 5.70503477793e-10, 6.66749599976e-10, 2.43914910492e-09, 1.95655547319e-10, 6.90401139036e-11, 3.75167223676e-11, 5.32609477355e-11, 6.83280862446e-11, 1.56999122036e-10, 6.47318353433e-12, 7.61413068012e-12, 7.7565402018e-12, 7.35470798846e-12, 3.51432468196e-12, 4.84523358935e-12, 2.53864420804e-12, 2.00258884996e-12, 1.14091667971e-12, 1.30768204425e-12],
        "max": [0.023999793455, 0.0404584333301, 0.0386913344264, 0.0199226774275, 0.025151103735, 0.0176944825798, 0.0177002009004, 0.00740789389238, 0.00975002348423, 0.00889297109097, 0.00846399646252, 0.00893855281174, 0.00648123631254, 0.00470379833132, 0.00363309588283, 0.00295510655269, 0.00413489062339, 0.00135467015207, 0.00209386320785, 0.000582966022193, 0.000695573282428, 0.000253875216004, 0.000293082382996, 0.000703546742443, 0.00013315511751, 0.000104003294837, 6.32040682831e-05, 8.0954785517e-05, 0.000128108775243, 0.000322820851579, 2.44529837801e-05, 2.64568352577e-05, 2.75587062788e-05, 2.68382245849e-05, 2.00173271878e-05, 1.52461616381e-05, 2.2879210519e-05, 1.03693473648e-05, 8.42009558255e-06, 9.78092793957e-06],
        "mean": [0.000783575756941, 0.00149091379717, 0.000640972226392, 0.000506172596943, 0.000438302609837, 0.000590727955569, 0.000573205354158, 0.000321037747199, 0.000210795929888, 0.000291627802653, 0.000293254910503, 0.000282416353002, 0.000117332820082, 8.2168764493e-05, 5.74359874008e-05, 5.97431062488e-05, 6.29484056844e-05, 3.06306319544e-05, 2.35851694015e-05, 1.96672554011e-05, 1.97910794668e-05, 1.16247256301e-05, 9.94128276943e-06, 8.40083612275e-06, 5.05835987497e-06, 3.81830523111e-06, 2.76674745692e-06, 2.50741072705e-06, 2.51696360465e-06, 1.72973739154e-06, 1.29541808747e-06, 1.36179414767e-06, 1.36919561555e-06, 1.0444647387e-06, 8.28194799851e-07, 7.85269662629e-07, 6.450775345e-07, 5.98369069849e-07, 4.75201147765e-07, 3.92260602666e-07],
        "median": [0.000114177673822, 0.000319875049172, 0.000216295738937, 0.00017655393458, 0.00012235288159, 0.00025683423155, 0.000319549959386, 0.000101007419289, 4.3644780817e-05, 8.67383059813e-05, 0.000105933693703, 7.04993217369e-05, 3.23920503433e-05, 2.07804150705e-05, 1.54514509632e-05, 1.7772330466e-05, 1.52532747961e-05, 1.35805485115e-05, 9.84973485174e-06, 1.0374199519e-05, 1.06593988676e-05, 4.53279972135e-06, 3.90454442822e-06, 2.47854109148e-06, 1.66427355452e-06, 1.4078402728e-06, 9.34692081955e-07, 7.28412203443e-07, 6.49662467822e-07, 4.2528040467e-07, 3.25794758282e-07, 2.60945370201e-07, 2.26400260317e-07, 1.62583987162e-07, 1.29518724634e-07, 1.14861698819e-07, 9.29503585212e-08, 7.77779334271e-08, 6.25254443776e-08, 4.03971505136e-08],
        "min": [1.19510721229e-24, 2.4586776904e-24, 1.53556833772e-24, 1.89297666058e-24, 2.6448031101e-24, 1.52650324123e-24, 2.00660773524e-24, 1.80645360763e-24, 2.14931484236e-24, 3.06467255196e-24, 2.54330609666e-24, 2.56271089164e-24, 3.66324876836e-24, 3.78344789892e-24, 2.86379286954e-24, 3.10035253349e-24, 5.0066548297e-24, 3.03502597585e-24, 3.6626689556e-24, 3.72496490685e-24, 4.66444144699e-24, 3.02543875206e-24, 5.10419274746e-24, 3.47863598945e-24, 5.01319882534e-24, 3.73837357009e-24, 4.88517656118e-24, 5.85209638891e-24, 5.69889526238e-24, 6.19940423535e-24, 3.71334104141e-24, 5.96450670133e-24, 5.9770298682e-24, 6.11516532916e-24, 6.26796216447e-24, 6.6648278307e-24, 5.82266359411e-24, 4.45423644258e-24, 6.1029687507e-24, 7.14463906566e-24],
        "var": [2.83161489278e-06, 9.33185037866e-06, 3.19843024954e-06, 1.16450962651e-06, 1.20290701489e-06, 1.07433538687e-06, 5.75880164888e-07, 4.06297715472e-07, 2.71925159723e-07, 3.68134209339e-07, 2.99876262488e-07, 5.07743777689e-07, 1.03297267628e-07, 8.34907325498e-08, 3.83233142998e-08, 1.89108888549e-08, 2.46282709782e-08, 3.0131570572e-09, 3.50318285491e-09, 1.0144630691e-09, 8.86787754339e-10, 3.77776532279e-10, 3.54532403435e-10, 7.99945054641e-10, 9.21031514944e-11, 3.95599906999e-11, 2.59375767392e-11, 2.32232809372e-11, 2.90147229159e-11, 3.57787549587e-11, 5.46994654432e-12, 6.50835461913e-12, 6.6492067928e-12, 4.27066715325e-12, 2.48771532887e-12, 2.62621500068e-12, 1.64915574686e-12, 1.43919696039e-12, 9.06251419394e-13, 7.37423631273e-13]
    },
    "mfcc": {
        "mean": [-687.380249023, 147.022399902, -10.641283989, 7.0498290062, -1.0888684988, -1.13824081421, -7.94499969482, -0.0238700322807, 0.0198933295906, -0.515871524811, -3.69191122055, -1.12869381905, -0.00386521872133],
        "cov": [[12961.3916016, -214.48286438, 132.571350098, 86.2325134277, -205.504730225, 29.7920894623, 96.4615402222, 277.169128418, 75.0783233643, 95.4934005737, -25.2215118408, -195.158370972, -304.015533447], [-214.48286438, 1989.97070312, -393.1222229, 76.7060623169, 88.7652282715, 50.3381118774, -4.36928224564, 12.9381847382, 40.0462150574, 11.677567482, 3.92718458176, 57.6371383667, 88.7306594849], [132.571350098, -393.1222229, 651.989990234, 120.927230835, 122.228248596, 76.1241073608, 85.4268875122, 46.2904968262, 31.4996738434, 45.5564651489, 32.5297203064, -1.08658957481, -2.12331104279], [86.2325134277, 76.7060623169, 120.927230835, 261.360198975, 103.632408142, 65.5244750977, 59.3258171082, 34.5229988098, 16.0010452271, 33.8856811523, 24.8059272766, 15.0610103607, 6.99092006683], [-205.504730225, 88.7652282715, 122.228248596, 103.632408142, 185.932266235, 74.4551773071, 40.5881690979, 13.3110466003, 1.57248258591, 20.1810264587, 44.1786193848, 41.3819847107, 38.2657012939], [29.7920894623, 50.3381118774, 76.1241073608, 65.5244750977, 74.4551773071, 120.970092773, 73.6067810059, 29.6118221283, 8.70304107666, 18.9962482452, 21.6732749939, 17.0217285156, 16.2365055084], [96.4615402222, -4.36928224564, 85.4268875122, 59.3258171082, 40.5881690979, 73.6067810059, 136.353302002, 83.5288925171, 31.4026374817, 14.0538682938, 10.0956888199, -7.02035284042, -3.21924185753], [277.169128418, 12.9381847382, 46.2904968262, 34.5229988098, 13.3110466003, 29.6118221283, 83.5288925171, 136.612182617, 72.9733428955, 22.7076282501, -4.76047086716, -19.4379024506, -14.2240943909], [75.0783233643, 40.0462150574, 31.4996738434, 16.0010452271, 1.57248258591, 8.70304107666, 31.4026374817, 72.9733428955, 125.082130432, 47.8978004456, -11.026257515, -15.6322231293, -8.15857124329], [95.4934005737, 11.677567482, 45.5564651489, 33.8856811523, 20.1810264587, 18.9962482452, 14.0538682938, 22.7076282501, 47.8978004456, 93.0482406616, 51.7283172607, 15.444773674, -2.53871893883], [-25.2215118408, 3.92718458176, 32.5297203064, 24.8059272766, 44.1786193848, 21.6732749939, 10.0956888199, -4.76047086716, -11.026257515, 51.7283172607, 125.370246887, 71.7873001099, 16.4569606781], [-195.158370972, 57.6371383667, -1.08658957481, 15.0610103607, 41.3819847107, 17.0217285156, -7.02035284042, -19.4379024506, -15.6322231293, 15.444773674, 71.7873001099, 111.825027466, 56.5638504028], [-304.015533447, 88.7306594849, -2.12331104279, 6.99092006683, 38.2657012939, 16.2365055084, -3.21924185753, -14.2240943909, -8.15857124329, -2.53871893883, 16.4569606781, 56.5638504028, 102.584381104]],
