{
"lowlevel": {
    "average_loudness": 0.867026686668,
    "barkbands_crest": {
        "dmean": 2.50623416901,
        "dmean2": 3.95226192474,
        "dvar": 5.06312227249,
        "dvar2": 12.2449016571,
        "max": 26.5434322357,
        "mean": 11.1340723038,
        "median": 10.6603527069,
        "min": 2.54711079597,
        "var": 15.8784179688
    },
    "barkbands_flatness_db": {
        "dmean": 0.0256747622043,
        "dmean2": 0.0351048707962,
        "dvar": 0.000637202640064,
        "dvar2": 0.00116566102952,
        "max": 0.592119812965,
        "mean": 0.17315274477,
        "median": 0.157072305679,
        "min": 0.0147273279727,
        "var": 0.00740275951102
    },
    "barkbands_kurtosis": {
        "dmean": 6.03402280807,
        "dmean2": 8.92175197601,
        "dvar": 168.443191528,
        "dvar2": 376.140960693,
        "max": 728.222106934,
        "mean": 13.3035831451,
        "median": 5.83285999298,
        "min": -1.77072751522,
        "var": 624.611755371
    },
    "barkbands_skewness": {
        "dmean": 0.646497607231,
        "dmean2": 0.952923476696,
        "dvar": 0.517949104309,
        "dvar2": 1.11346995831,
        "max": 23.7361946106,
        "mean": 2.64980483055,
        "median": 2.2567088604,
        "min": -2.77072739601,
        "var": 2.78303170204
    },
    "barkbands_spread": {
        "dmean": 6.82724428177,
        "dmean2": 9.63448238373,
        "dvar": 85.6812057495,
        "dvar2": 164.904388428,
        "max": 88.7346954346,
        "mean": 19.657995224,
        "median": 14.2155742645,
        "min": 0.296057879925,
        "var": 292.339538574
    },
    "dissonance": {
        "dmean": 0.018023442477,
        "dmean2": 0.030099645257,
        "dvar": 0.000264859438175,
        "dvar2": 0.000747083278839,
        "max": 0.499978512526,
        "mean": 0.461680054665,
        "median": 0.4662745893,
        "min": 0.298467218876,
        "var": 0.000587479327805
    },
    "dynamic_complexity": 2.99200415611,
    "erbbands_crest": {
        "dmean": 2.24027585983,
        "dmean2": 3.53654694557,
        "dvar": 4.64868164062,
        "dvar2": 11.1150846481,
        "max": 26.454202652,
        "mean": 8.35043239594,
        "median": 7.12547397614,
        "min": 1.92180430889,
        "var": 20.4530525208
    },
    "erbbands_flatness_db": {
        "dmean": 0.0147454822436,
        "dmean2": 0.020705293864,
        "dvar": 0.000240250839852,
        "dvar2": 0.000443323544459,
        "max": 0.431914746761,
        "mean": 0.145139098167,
        "median": 0.13167385757,
        "min": 0.0602485574782,
        "var": 0.00336582795717
    },
    "erbbands_kurtosis": {
        "dmean": 0.853748619556,
        "dmean2": 1.33272433281,
        "dvar": 2.54656982422,
        "dvar2": 6.35971641541,
        "max": 71.6574325562,
        "mean": 0.479544848204,
        "median": -0.49752831459,
        "min": -1.75203156471,
        "var": 12.9038763046
    },
    "erbbands_skewness": {
        "dmean": 0.35523635149,
        "dmean2": 0.533556044102,
        "dvar": 0.110689871013,
        "dvar2": 0.250815778971,
        "max": 5.80899524689,
        "mean": 0.63814920187,
        "median": 0.540847063065,
        "min": -1.89624452591,
        "var": 0.754686653614
    },
    "erbbands_spread": {
        "dmean": 10.2737092972,
        "dmean2": 15.0106868744,
        "dvar": 114.481178284,
        "dvar2": 225.889541626,
        "max": 151.786712646,
        "mean": 54.8291358948,
        "median": 50.8691673279,
        "min": 1.16024446487,
        "var": 643.946960449
    },
    "hfc": {
        "dmean": 8.8588809967,
        "dmean2": 11.8718776703,
        "dvar": 243.563796997,
        "dvar2": 446.767730713,
        "max": 184.158370972,
        "mean": 20.2896251678,
        "median": 10.5843648911,
        "min": 1.0873651788e-16,
        "var": 625.812561035
    },
    "melbands_crest": {
        "dmean": 3.06278634071,
        "dmean2": 4.89545583725,
        "dvar": 7.5551609993,
        "dvar2": 18.283411026,
        "max": 32.0745582581,
        "mean": 16.6763095856,
        "median": 16.3851089478,
        "min": 1.642131567,
        "var": 27.4612197876
    },
    "melbands_flatness_db": {
        "dmean": 0.0303371232003,
        "dmean2": 0.0409577265382,
        "dvar": 0.000859694089741,
        "dvar2": 0.0016121804947,
        "max": 0.757180273533,
        "mean": 0.249461442232,
        "median": 0.230850964785,
        "min": 0.00447212811559,
        "var": 0.0106146223843
    },
    "melbands_kurtosis": {
        "dmean": 13.414607048,
        "dmean2": 20.526922226,
        "dvar": 408.365875244,
        "dvar2": 946.70111084,
        "max": 427.992523193,
        "mean": 35.7495727539,
        "median": 20.717716217,
        "min": -1.46352291107,
        "var": 1769.53613281
    },
    "melbands_skewness": {
        "dmean": 0.848316550255,
        "dmean2": 1.30402576923,
        "dvar": 0.715879201889,
        "dvar2": 1.65125215054,
        "max": 13.5091295242,
        "mean": 4.23743343353,
        "median": 3.75219869614,
        "min": -0.316531002522,
        "var": 4.21903324127
    },
    "melbands_spread": {
        "dmean": 5.54299068451,
        "dmean2": 8.23752498627,
        "dvar": 75.2568969727,
        "dvar2": 167.059494019,
        "max": 164.521957397,
        "mean": 14.4850292206,
        "median": 11.036690712,
        "min": 0.298867583275,
        "var": 202.024490356
    },
    "pitch_salience": {
        "dmean": 0.0816412568092,
        "dmean2": 0.130564466119,
        "dvar": 0.00525877857581,
        "dvar2": 0.012500773184,
        "max": 0.914658904076,
        "mean": 0.512255609035,
        "median": 0.51945567131,
        "min": 0.0609883405268,
        "var": 0.0173363070935
    },
    "silence_rate_20dB": {
        "dmean": 0,
        "dmean2": 0,
        "dvar": 0,
        "dvar2": 0,
        "max": 1,
        "mean": 1,
        "median": 1,
        "min": 1,
        "var": 0
    },
    "silence_rate_30dB": {
        "dmean": 0.0158730167896,
        "dmean2": 0.0317501612008,
        "dvar": 0.0156209450215,
        "dvar2": 0.0395899936557,
        "max": 1,
        "mean": 0.985690116882,
        "median": 1,
        "min": 0,
        "var": 0.014105678536
    },
    "silence_rate_60dB": {
        "dmean": 0.00884725432843,
        "dmean2": 0.0176968127489,
        "dvar": 0.00876972638071,
        "dvar2": 0.0215494241565,
        "max": 1,
        "mean": 0.0493040196598,
        "median": 0,
        "min": 0,
        "var": 0.0468824394047
    },
    "spectral_centroid": {
        "dmean": 262.649139404,
        "dmean2": 389.260467529,
        "dvar": 102766.375,
        "dvar2": 219083.171875,
        "max": 11550.2441406,
        "mean": 1030.99987793,
        "median": 879.813232422,
        "min": 117.141578674,
        "var": 546278.9375
    },
    "spectral_complexity": {
        "dmean": 4.02107715607,
        "dmean2": 5.65178918839,
        "dvar": 28.0990982056,
        "dvar2": 43.9562797546,
        "max": 62,
        "mean": 15.1891508102,
        "median": 12,
        "min": 0,
        "var": 112.978874207
    },
    "spectral_decrease": {
        "dmean": 2.68636335399e-09,
        "dmean2": 4.22830925828e-09,
        "dvar": 1.49249868828e-17,
        "dvar2": 3.7400382444e-17,
        "max": 1.68890522453e-20,
        "mean": -8.54052917276e-09,
        "median": -7.13646919337e-09,
        "min": -5.66746649611e-08,
        "var": 4.30296045928e-17
    },
    "spectral_energy": {
        "dmean": 0.0106398947537,
        "dmean2": 0.0166642516851,
        "dvar": 0.000235325060203,
        "dvar2": 0.000582003733143,
        "max": 0.217608705163,
        "mean": 0.0340742319822,
        "median": 0.0281732492149,
        "min": 1.00352857212e-20,
        "var": 0.000683742051478
    },
    "spectral_energyband_high": {
        "dmean": 0.000925697444472,
        "dmean2": 0.00121571926866,
        "dvar": 2.91760557047e-06,
        "dvar2": 5.32157264388e-06,
        "max": 0.019993185997,
        "mean": 0.0015022053849,
        "median": 0.000347889610566,
        "min": 7.13086960585e-21,
        "var": 6.87105011821e-06
    },
    "spectral_energyband_low": {
        "dmean": 0.00678897788748,
        "dmean2": 0.0104582170025,
        "dvar": 0.000101705772977,
        "dvar2": 0.0002559714776,
        "max": 0.17574621737,
        "mean": 0.0193331353366,
        "median": 0.0153297726065,
        "min": 1.82429196151e-23,
        "var": 0.000302510336041
    },
    "spectral_energyband_middle_high": {
        "dmean": 0.000964655308053,
        "dmean2": 0.00140524085145,
        "dvar": 2.91089259008e-06,
        "dvar2": 6.27379540674e-06,
        "max": 0.031979393214,
        "mean": 0.0024994877167,
        "median": 0.0014737371821,
        "min": 1.16053419746e-21,
        "var": 8.85479221324e-06
    },
    "spectral_energyband_middle_low": {
        "dmean": 0.00566196069121,
        "dmean2": 0.00925066508353,
        "dvar": 8.02539652796e-05,
        "dvar2": 0.000213526174775,
        "max": 0.13184723258,
        "mean": 0.0134679572657,
        "median": 0.0105274710804,
        "min": 2.1181127351e-22,
        "var": 0.000141118522151
    },
    "spectral_entropy": {
        "dmean": 0.20561248064,
        "dmean2": 0.284754991531,
        "dvar": 0.0471582971513,
        "dvar2": 0.0883772596717,
        "max": 9.81119251251,
        "mean": 7.44081163406,
        "median": 7.52051591873,
        "min": 3.97560429573,
        "var": 0.477633923292
    },
    "spectral_flux": {
        "dmean": 0.0252960231155,
        "dmean2": 0.0398786999285,
        "dvar": 0.000967104162555,
        "dvar2": 0.00204878835939,
        "max": 0.361659139395,
        "mean": 0.0783552750945,
        "median": 0.0654042512178,
        "min": 6.36978456092e-11,
        "var": 0.00227325316519
    },
    "spectral_kurtosis": {
        "dmean": 2.27214789391,
        "dmean2": 3.88802933693,
        "dvar": 25.7681808472,
        "dvar2": 76.2528305054,
        "max": 146.269729614,
        "mean": 5.38771295547,
        "median": 2.30674266815,
        "min": -1.28191256523,
        "var": 144.369110107
    },
    "spectral_rms": {
        "dmean": 0.000849895994179,
        "dmean2": 0.00130057497881,
        "dvar": 9.97068696051e-07,
        "dvar2": 2.2903768695e-06,
        "max": 0.0145705584437,
        "mean": 0.00532694440335,
        "median": 0.00524271838367,
        "min": 3.12898101526e-12,
        "var": 4.86678618472e-06
    },
    "spectral_rolloff": {
        "dmean": 560.07824707,
        "dmean2": 894.894836426,
        "dvar": 1342900,
        "dvar2": 2889942,
        "max": 19272.2167969,
        "mean": 1022.97125244,
        "median": 452.197265625,
        "min": 86.1328125,
        "var": 2569149
    },
    "spectral_skewness": {
        "dmean": 0.266181647778,
        "dmean2": 0.421448200941,
        "dvar": 0.113928556442,
        "dvar2": 0.326621741056,
        "max": 9.96684837341,
        "mean": 1.52693045139,
        "median": 1.30563259125,
        "min": -0.0631476193666,
        "var": 1.02261781693
    },
    "spectral_spread": {
        "dmean": 572973.5,
        "dmean2": 809572.125,
        "dvar": 624734371840,
        "dvar2": 1.15836059648e+12,
        "max": 43317432,
        "mean": 5084236,
        "median": 5115250,
        "min": 556074,
        "var": 4.93986932326e+12
    },
    "spectral_strongpeak": {
        "dmean": 0.224883362651,
        "dmean2": 0.381312698126,
        "dvar": 0.101883806288,
        "dvar2": 0.265238881111,
        "max": 4.08620834351,
        "mean": 0.553599953651,
        "median": 0.466979265213,
        "min": 0,
        "var": 0.179325565696
    },
    "zerocrossingrate": {
        "dmean": 0.012339615263,
        "dmean2": 0.0134874274954,
        "dvar": 0.000243572503678,
        "dvar2": 0.000259499269305,
        "max": 0.7822265625,
        "mean": 0.0500727444887,
        "median": 0.03955078125,
        "min": 0.0029296875,
        "var": 0.00181177188642
    },
    "barkbands": {
        "dmean": [0.000315402779961, 0.00375701370649, 0.00340379518457, 0.00179272075184, 0.00309204054065, 0.00156782695558, 0.00083921517944, 0.000443859928055, 0.000325809291098, 0.000281526445178, 0.000170558618265, 0.00018776669458, 0.000159571616678, 0.000157119866344, 9.54906354309e-05, 0.000143950906931, 0.000101595367596, 9.32867042138e-05, 0.000142176082591, 0.000137802431709, 0.000168990562088, 0.000238206703216, 0.000196183143998, 0.000195054759388, 9.47450098465e-05, 3.92943293264e-05, 1.88682099633e-06],
        "dmean2": [0.000455044850241, 0.00562286097556, 0.00541209708899, 0.00294366828166, 0.0053154649213, 0.0025271079503, 0.00127904408146, 0.000695768801961, 0.000500158697832, 0.000448065984529, 0.000259084947174, 0.000300261308439, 0.000253696081927, 0.000246659154072, 0.000150142368511, 0.00024003215367, 0.000166546160472, 0.000139004754601, 0.000209038640605, 0.000201933944481, 0.000247134623351, 0.000333642849, 0.000273418816505, 0.000264759641141, 0.000135295878863, 5.53245117771e-05, 3.14311932925e-06],
        "dvar": [4.66249133524e-07, 4.38707211288e-05, 3.79143311875e-05, 8.14600571175e-06, 3.1631308957e-05, 9.42292808759e-06, 2.59032663052e-06, 6.72992428008e-07, 4.4152508849e-07, 3.94455412334e-07, 1.63380306617e-07, 2.24076018185e-07, 1.20232655831e-07, 1.27147032458e-07, 3.7791114238e-08, 1.92342781702e-07, 5.2754611346e-08, 2.82189294154e-08, 9.77130696356e-08, 6.53901182091e-08, 1.18736018351e-07, 1.97430665594e-07, 1.4433429385e-07, 1.45340948166e-07, 4.71467309637e-08, 7.05014002733e-09, 3.48554934915e-11],
        "dvar2": [7.94128709458e-07, 9.98625328066e-05, 0.000103916390799, 2.15800646401e-05, 8.80452716956e-05, 2.49651711783e-05, 5.84957433603e-06, 1.69513702986e-06, 1.08696042389e-06, 9.45421277265e-07, 3.22820966403e-07, 5.82672498695e-07, 3.05363755615e-07, 2.87949433186e-07, 8.98675125427e-08, 5.3659977084e-07, 1.43070579384e-07, 6.07883379189e-08, 2.23248790121e-07, 1.39770037322e-07, 2.60807837549e-07, 3.72218437406e-07, 2.81056458107e-07, 2.8901391147e-07, 9.99062592655e-08, 1.39184654913e-08, 8.87589932108e-11],
        "max": [0.0112445652485, 0.104972288013, 0.14543749392, 0.0425951518118, 0.0846487879753, 0.0595108643174, 0.0421627573669, 0.0131023153663, 0.0165139771998, 0.0157795716077, 0.0121035398915, 0.0239181313664, 0.00552259059623, 0.00796562619507, 0.00594960385934, 0.0070175183937, 0.00311646237969, 0.00356931588612, 0.00504182325676, 0.00567199941725, 0.00447909533978, 0.00636502727866, 0.00512781878933, 0.00588685553521, 0.00382229033858, 0.000929262023419, 6.99353549862e-05],
        "mean": [0.000600487575866, 0.00877602118999, 0.0072630555369, 0.00371633493342, 0.00436365325004, 0.00258297775872, 0.00148644053843, 0.000667881919071, 0.000591818941757, 0.000409797008615, 0.00030874327058, 0.000305961730191, 0.000252148252912, 0.000235958985286, 0.000158214956173, 0.000201517206733, 0.000161820382345, 0.000166936515598, 0.000225022493396, 0.000225076684728, 0.000259972264757, 0.000354309275281, 0.000285739544779, 0.000280854845187, 0.000142806617077, 4.90746824653e-05, 1.62548246863e-06],
        "median": [6.64078324917e-05, 0.00370964501053, 0.00331482314505, 0.00159227277618, 0.00224841572344, 0.00109799217898, 0.000585061963648, 0.000316082674544, 0.000209493853617, 0.000153262692038, 7.24457931938e-05, 0.00010016268061, 0.000100600882433, 6.9634472311e-05, 6.08367772656e-05, 7.6485783211e-05, 5.44399481441e-05, 7.30479659978e-05, 9.12274917937e-05, 7.88122124504e-05, 7.33377455617e-05, 7.18759984011e-05, 5.99029845034e-05, 3.98508127546e-05, 1.25525966723e-05, 2.18158425014e-06, 1.51314498709e-08],
        "min": [3.8544765404e-24, 5.82906598922e-24, 2.34475000403e-24, 9.56006232933e-25, 8.01284202301e-24, 1.77080813877e-23, 1.1932147547e-23, 1.64012417903e-23, 3.1566067174e-23, 4.40418329703e-23, 4.17623341877e-23, 3.97278871567e-23, 3.61587490999e-23, 4.58049938915e-23, 4.02511701496e-23, 7.5139916301e-23, 1.06297176821e-22, 1.21031369348e-22, 1.07070424591e-22, 1.97291423958e-22, 2.97916463679e-22, 4.51999678694e-22, 4.82019105178e-22, 6.15146514236e-22, 9.07096235976e-22, 1.35394269658e-21, 2.04245817225e-21],
        "var": [1.85664384844e-06, 0.000136048940476, 9.04870976228e-05, 2.44974235102e-05, 3.84085287806e-05, 1.80945444299e-05, 7.55312430556e-06, 1.06061611405e-06, 9.47725595779e-07, 5.72257704334e-07, 5.42250234048e-07, 4.19932149498e-07, 2.19096577325e-07, 2.57398738768e-07, 7.13675873953e-08, 1.7248531492e-07, 8.15878280491e-08, 6.8232154149e-08, 1.55855218509e-07, 1.51228718437e-07, 2.18274095687e-07, 4.22962273205e-07, 2.75765415836e-07, 2.86744693767e-07, 8.96780747439e-08, 1.12180718048e-08, 3.07607758709e-11]
    },
    "erbbands": {
        "dmean": [0.104468300939, 0.905300617218, 3.27539873123, 5.38682222366, 8.46962547302, 10.0250339508, 12.0836286545, 13.1254272461, 13.3938913345, 10.6674308777, 8.23829936981, 6.58139944077, 7.01369810104, 8.17524051666, 6.19345903397, 6.26475000381, 7.65674352646, 6.66834545135, 5.76855278015, 5.79099321365, 8.48320102692, 5.99769067764, 4.67376089096, 6.73616933823, 6.48674631119, 6.30977630615, 6.77723646164, 6.98245716095, 8.51007938385, 7.00951051712, 5.86754846573, 4.70774126053, 2.88014101982, 1.33684909344, 0.571933805943, 0.248552128673, 0.0510210841894, 0.0069878725335, 0.000257017643889, 1.90525188373e-05],
        "dmean2": [0.155083179474, 1.34902703762, 5.14694499969, 8.69293117523, 14.8083868027, 17.457862854, 19.2014369965, 21.1952381134, 20.2293109894, 16.8151798248, 12.9393987656, 10.3253726959, 10.9361581802, 13.0731058121, 9.62234687805, 9.99811935425, 12.1064319611, 10.2146205902, 9.18370246887, 9.11600208282, 14.3199949265, 9.80657863617, 7.03322935104, 9.87145805359, 9.42193412781, 9.21349239349, 9.93458557129, 10.0436306, 12.3898096085, 9.62847042084, 8.20269298553, 6.53831386566, 4.05287122726, 1.85588550568, 0.854548454285, 0.356740504503, 0.0714216381311, 0.0102300457656, 0.000407036190154, 2.82547098323e-05],
        "dvar": [0.0414439551532, 2.67639994621, 32.4919242859, 83.5625991821, 236.418670654, 380.540893555, 516.586669922, 830.995300293, 720.742248535, 481.039367676, 223.200088501, 215.852325439, 212.179412842, 369.570861816, 191.269775391, 200.87071228, 318.909973145, 213.90284729, 178.896636963, 162.226531982, 920.469055176, 189.671234131, 69.215675354, 199.80821228, 182.856674194, 133.077392578, 188.394607544, 223.747543335, 272.339569092, 182.77722168, 128.227783203, 84.3597183228, 35.4468727112, 9.20979404449, 1.65394842625, 0.293453156948, 0.0122735816985, 0.000272219913313, 5.65055700008e-07, 9.71010938322e-10],
        "dvar2": [0.0882613435388, 5.97557830811, 85.5847015381, 220.825042725, 661.903381348, 1078.80358887, 1346.79260254, 2193.04614258, 1566.30541992, 1225.62060547, 570.596191406, 557.765441895, 521.453308105, 893.105834961, 419.199157715, 513.089172363, 804.799133301, 464.790985107, 420.590454102, 411.972351074, 2590.78466797, 514.034118652, 149.836791992, 435.260955811, 414.203857422, 286.526855469, 429.098846436, 474.972961426, 552.15057373, 335.640350342, 256.935974121, 177.545959473, 71.5998382568, 19.3738174438, 3.5082321167, 0.606188714504, 0.0230923704803, 0.000564204878174, 1.43110867157e-06, 2.16828710542e-09],
        "max": [3.41751813889, 26.1162414551, 110.20501709, 184.589309692, 176.757873535, 341.043640137, 446.935394287, 678.13885498, 757.639465332, 388.352416992, 252.368453979, 471.013916016, 450.786254883, 529.958496094, 410.049987793, 684.201049805, 305.602142334, 255.517303467, 329.86819458, 467.233703613, 502.476287842, 209.08996582, 171.366348267, 219.398986816, 192.882125854, 220.438598633, 253.594955444, 200.611755371, 218.572250366, 209.186035156, 106.742919922, 120.327835083, 86.71509552, 59.5100135803, 20.8596630096, 5.02964258194, 1.59296500683, 0.195535778999, 0.011556214653, 0.000443096971139],
        "mean": [0.23150652647, 2.06717157364, 7.28870391846, 13.0708036423, 11.0326461792, 13.5408773422, 20.6256256104, 21.5996799469, 25.0093269348, 16.3310394287, 13.8940229416, 11.6735038757, 12.0111284256, 13.5011968613, 11.7182435989, 11.046998024, 12.6132135391, 10.7021198273, 9.2609834671, 10.0111484528, 11.434012413, 9.88615131378, 8.86088848114, 11.1991195679, 10.7325973511, 10.4613389969, 11.0839948654, 10.3708209991, 12.5339288712, 10.0802822113, 8.50096988678, 6.59505844116, 4.03959035873, 1.94641518593, 0.883166134357, 0.31408816576, 0.0696492791176, 0.00831628963351, 0.000278019724647, 5.0546725106e-05],
        "median": [0.0664563849568, 0.900192081928, 3.9358932972, 5.77995491028, 6.53370285034, 6.75145578384, 8.07451629639, 9.46940231323, 8.90115737915, 7.97535705566, 6.80475997925, 4.4859957695, 5.44133090973, 5.5406126976, 3.93996930122, 4.55290222168, 4.96217155457, 3.72626638412, 3.64357447624, 4.21558332443, 4.31336402893, 3.66300988197, 4.0020442009, 4.58960962296, 4.69617938995, 3.74929738045, 3.29143357277, 2.52368688583, 2.6641497612, 2.0870256424, 1.72236585617, 0.959840297699, 0.540287017822, 0.21088950336, 0.0602369494736, 0.0163950864226, 0.00299908104353, 0.000287751812721, 2.56474577327e-05, 3.64272418665e-05],
        "min": [1.2221519082e-22, 1.45006881839e-21, 2.9178838517e-21, 7.92210178908e-21, 9.02848574673e-21, 3.502652683e-20, 6.9114151966e-20, 1.35369735756e-19, 2.07230650806e-19, 2.28676846225e-19, 4.42880409875e-19, 6.94022835303e-19, 1.2985458657e-18, 9.72253099346e-19, 1.53039973171e-18, 1.88846161026e-18, 2.19175813521e-18, 4.16962845711e-18, 3.07810056632e-18, 3.69077732282e-18, 4.80481507282e-18, 5.53174139513e-18, 9.03117198992e-18, 5.75144263377e-18, 6.28844787385e-18, 1.10490054752e-17, 1.24633511466e-17, 1.12880987225e-17, 1.49477707456e-17, 1.14752185576e-17, 1.21643038484e-17, 1.28936645633e-17, 1.0036658001e-17, 8.93136024131e-18, 7.12867808775e-18, 4.77068849587e-18, 2.37163166133e-18, 1.27486347797e-18, 3.04007434978e-19, 2.79929874633e-20],
        "var": [0.135683909059, 8.03405952454, 88.967628479, 311.979980469, 227.587219238, 416.970947266, 1082.34899902, 1483.39489746, 2333.86938477, 691.246459961, 399.143737793, 371.735168457, 365.162567139, 568.548583984, 559.657958984, 394.353179932, 585.351867676, 457.935699463, 327.746612549, 276.96194458, 733.04510498, 294.386962891, 173.863342285, 366.904418945, 306.177001953, 304.937133789, 382.346313477, 397.18637085, 549.917053223, 366.257904053, 235.930770874, 152.80329895, 66.4195861816, 17.4288749695, 3.47519874573, 0.440942674875, 0.022258175537, 0.000389893393731, 5.57975340598e-07, 2.21916152121e-09]
    },
    "gfcc": {
        "mean": [-19.4232578278, 110.976142883, -96.7272567749, 51.712677002, -62.2887496948, 14.2655448914, -35.6117553711, 4.50932121277, -20.944770813, -2.11390638351, -10.0573959351, -4.39394521713, -8.56288814545],
        "cov": [[12622.3916016, -4050.23876953, -188.082427979, 596.883544922, -1481.18969727, 1165.5657959, -865.551635742, 369.58694458, -310.691986084, 811.805908203, -547.41229248, 744.845031738, -385.03515625], [-4050.23876953, 2657.25756836, -318.955596924, -317.142150879, 711.125427246, -621.371154785, 462.27923584, -240.655944824, 202.297042847, -451.555786133, 337.643157959, -390.095214844, 224.129425049], [-188.082427979, -318.955596924, 717.692810059, 145.991531372, 5.92364311218, 184.111633301, 13.784614563, 35.9273529053, 32.2667388916, 50.5138931274, -86.3236923218, -9.22276306152, -55.5311660767], [596.883544922, -317.142150879, 145.991531372, 233.436080933, -86.7694778442, 120.726493835, -41.7127838135, 23.4949874878, 4.65765380859, 59.890838623, -39.3145103455, 11.8656492233, -35.7454376221], [-1481.18969727, 711.125427246, 5.92364311218, -86.7694778442, 342.25579834, -175.657516479, 162.365921021, -37.1323242188, 57.9012260437, -107.950866699, 104.013900757, -95.1738204956, 74.6102752686], [1165.5657959, -621.371154785, 184.111633301, 120.726493835, -175.657516479, 276.540161133, -81.9215240479, 53.3485488892, -10.5084171295, 111.0078125, -90.6763381958, 89.7603683472, -56.1788063049], [-865.551635742, 462.27923584, 13.784614563, -41.7127838135, 162.365921021, -81.9215240479, 181.865707397, -0.437148183584, 54.2621688843, -72.9166564941, 73.070274353, -68.2913742065, 38.3036956787], [369.58694458, -240.655944824, 35.9273529053, 23.4949874878, -37.1323242188, 53.3485488892, -0.437148183584, 116.36164093, 4.94264221191, 65.9563827515, -5.29726934433, 57.9347877502, -13.8216094971], [-310.691986084, 202.297042847, 32.2667388916, 4.65765380859, 57.9012260437, -10.5084171295, 54.2621688843, 4.94264221191, 96.606590271, -4.14775276184, 32.9539299011, -26.6530570984, 14.3357467651], [811.805908203, -451.555786133, 50.5138931274, 59.890838623, -107.950866699, 111.0078125, -72.9166564941, 65.9563827515, -4.14775276184, 153.292388916, -24.4413261414, 79.4860229492, -32.1236305237], [-547.41229248, 337.643157959, -86.3236923218, -39.3145103455, 104.013900757, -90.6763381958, 73.070274353, -5.29726934433, 32.9539299011, -24.4413261414, 114.806297302, -15.7342309952, 42.6038818359], [744.845031738, -390.095214844, -9.22276306152, 11.8656492233, -95.1738204956, 89.7603683472, -68.2913742065, 57.9347877502, -26.6530570984, 79.4860229492, -15.7342309952, 141.465515137, 4.89876508713], [-385.03515625, 224.129425049, -55.5311660767, -35.7454376221, 74.6102752686, -56.1788063049, 38.3036956787, -13.8216094971, 14.3357467651, -32.1236305237, 42.6038818359, 4.89876508713, 85.6859130859]],
        "icov": [[0.000314193952363, -0.000430436251918, 0.000358827644959, -0.000446240534075, 0.00052917690482, -0.000701122742612, 0.00021382374689, -0.000267314375378, 0.000557339109946, -0.000919276615605, 0.000946660351474, -0.00106347282417, 0.000677204690874], [-0.000430436251918, 0.00533251976594, -0.000109285057988, 0.00198873737827, -0.00245854258537, 0.00276848627254, -0.00201947847381, 0.00283894175664, -0.00514914095402, 0.00611636508256, -0.00620734971017, 0.00628757476807, -0.00392573978752], [0.000358827644959, -0.000109285057988, 0.00268193450756, -0.00118812092114, -0.000892241485417, -0.0021063988097, -0.000385391671443, -0.000219684399781, -8.96497658687e-05, -0.000919182843063, 0.00232185493223, -0.000560465559829, 0.00122144352645], [-0.000446240534075, 0.00198873737827, -0.00118812092114, 0.00733526423573, -0.000388978252886, -0.000722947763279, 0.000135167574626, 0.0005477257655, -0.00225054775365, 0.00189454003703, -0.00402807211503, 0.00531979743391, -0.00223903823644], [0.00052917690482, -0.00245854258537, -0.000892241485417, -0.000388978252886, 0.00961724389344, 0.000757779926062, -0.0022331548389, -0.00118430762086, 0.00182962685358, -0.00274006580003, 0.0010727357585, -0.00216551730409, -0.000744780933019], [-0.000701122742612, 0.00276848627254, -0.0021063988097, -0.000722947763279, 0.000757779926062, 0.0129106845707, -0.0036537097767, 0.00287092779763, -0.00465277675539, 0.00120262405835, 0.000561481807381, -0.00082226091763, -0.00116038299166], [0.00021382374689, -0.00201947847381, -0.000385391671443, 0.000135167574626, -0.0022331548389, -0.0036537097767, 0.0152397453785, -0.00630654627457, -0.000459234666778, 0.0023948168382, -0.0032849679701, 0.00221830047667, 0.000250143668381], [-0.000267314375378, 0.00283894175664, -0.000219684399781, 0.0005477257655, -0.00118430762086, 0.00287092779763, -0.00630654627457, 0.0162610113621, -0.0034615767654, -0.00200900132768, -0.00153308548033, -0.00286007951945, 0.000566509319469], [0.000557339109946, -0.00514914095402, -8.96497658687e-05, -0.00225054775365, 0.00182962685358, -0.00465277675539, -0.000459234666778, -0.0034615767654, 0.0192627795041, -0.00818491354585, 0.00323503813706, -0.00306154880673, 0.00225463649258], [-0.000919276615605, 0.00611636508256, -0.000919182843063, 0.00189454003703, -0.00274006580003, 0.00120262405835, 0.0023948168382, -0.00200900132768, -0.00818491354585, 0.0227482113987, -0.0116459317505, 0.00533666182309, -0.00277200038545], [0.000946660351474, -0.00620734971017, 0.00232185493223, -0.00402807211503, 0.0010727357585, 0.000561481807381, -0.0032849679701, -0.00153308548033, 0.00323503813706, -0.0116459317505, 0.0270325057209, -0.0121597358957, 0.00331713911146], [-0.00106347282417, 0.00628757476807, -0.000560465559829, 0.00531979743391, -0.00216551730409, -0.00082226091763, 0.00221830047667, -0.00286007951945, -0.00306154880673, 0.00533666182309, -0.0121597358957, 0.0263330508024, -0.0124223278835], [0.000677204690874, -0.00392573978752, 0.00122144352645, -0.00223903823644, -0.000744780933019, -0.00116038299166, 0.000250143668381, 0.000566509319469, 0.00225463649258, -0.00277200038545, 0.00331713911146, -0.0124223278835, 0.0223514530808]]
    },
    "melbands": {
        "dmean": [0.000964984297752, 0.00149136362597, 0.000934903044254, 0.000688223226462, 0.000416965573095, 0.000296650599921, 0.000186543984455, 0.000114854243293, 6.81673554936e-05, 3.93237023673e-05, 3.70716152247e-05, 3.57649078069e-05, 2.32132351812e-05, 1.90958726307e-05, 2.16773205466e-05, 1.42488916026e-05, 1.28767205752e-05, 1.13576843432e-05, 7.38991184335e-06, 7.99715235189e-06, 1.07079586087e-05, 6.54114046483e-06, 4.75180195281e-06, 4.85288819618e-06, 5.78138133278e-06, 5.46505407328e-06, 4.34315597886e-06, 4.47253569291e-06, 4.81888082504e-06, 3.72731324205e-06, 4.56994030174e-06, 5.05896832692e-06, 4.75347451356e-06, 3.55245424544e-06, 3.64153629562e-06, 3.06039078168e-06, 3.05388539346e-06, 2.23564757107e-06, 1.46989987115e-06, 1.06979007342e-06],
        "dmean2": [0.00143361359369, 0.00230147782713, 0.00152819568757, 0.00120603619143, 0.000666484935209, 0.000476285844343, 0.00028196774656, 0.000180372167961, 0.000107469953946, 6.12158473814e-05, 5.78593244427e-05, 5.73797369725e-05, 3.54544245056e-05, 3.07475202135e-05, 3.43717947544e-05, 2.22970338655e-05, 1.98331745196e-05, 1.82629119081e-05, 1.17502941066e-05, 1.27961320686e-05, 1.83272768481e-05, 1.08117428681e-05, 7.45900342736e-06, 7.32165472073e-06, 8.66521077114e-06, 8.09541506896e-06, 6.4190262492e-06, 6.68949041938e-06, 7.20966818335e-06, 5.51815992367e-06, 6.83337339069e-06, 7.616520179e-06, 6.83699772708e-06, 4.93423976877e-06, 5.20903586221e-06, 4.49386197943e-06, 4.33003015132e-06, 3.24142411046e-06, 2.02769706448e-06, 1.54487327109e-06],
        "dvar": [3.01066279462e-06, 5.92854121351e-06, 2.33818013839e-06, 1.60807405791e-06, 6.2549742097e-07, 3.72958311345e-07, 1.31290789795e-07, 5.20380467606e-08, 1.506727898e-08, 7.33132310415e-09, 5.93644600144e-09, 6.94272817015e-09, 3.00923530538e-09, 3.9287559872e-09, 2.18570850308e-09, 8.92794671525e-10, 7.91877619033e-10, 8.0303436123e-10, 2.26534943581e-10, 2.55821086537e-10, 1.73134495629e-09, 2.41838826742e-10, 8.7786451719e-11, 9.35343816288e-11, 1.48581563719e-10, 1.40398428994e-10, 6.29991475654e-11, 7.49101544684e-11, 1.01805876229e-10, 6.03198394011e-11, 1.19543833166e-10, 1.01820156473e-10, 8.32496155345e-11, 4.8777051842e-11, 4.96639777914e-11, 4.30560587183e-11, 3.78107510579e-11, 2.20468174966e-11, 1.11662614918e-11, 7.44256045682e-12],
        "dvar2": [6.74027842251e-06, 1.50072964971e-05, 6.2316680669e-06, 4.49744675279e-06, 1.63873539805e-06, 9.77883132691e-07, 2.86659485482e-07, 1.32487215865e-07, 3.85025877847e-08, 1.85346031856e-08, 1.44438123684e-08, 1.67211560154e-08, 5.88284310155e-09, 1.02130002233e-08, 5.30859223247e-09, 2.21301643677e-09, 1.71232705792e-09, 1.9203338919e-09, 5.73586400598e-10, 6.61516730283e-10, 4.89229190492e-09, 6.6247951569e-10, 2.21712467829e-10, 2.03978375857e-10, 3.32863736574e-10, 3.23818055703e-10, 1.35471481255e-10, 1.70624639417e-10, 2.42345365997e-10, 1.37993630411e-10, 2.76902445417e-10, 2.2044700787e-10, 1.64859306762e-10, 8.9623794497e-11, 9.85179854363e-11, 9.57330326123e-11, 8.16525805303e-11, 4.86512080622e-11, 2.05373999057e-11, 1.73719389568e-11],
        "max": [0.0268995016813, 0.0410314165056, 0.027534622699, 0.0199204515666, 0.0154036125168, 0.0138640375808, 0.00982209295034, 0.00404201867059, 0.00227517471649, 0.00270109460689, 0.00223272433504, 0.00231959088705, 0.00187008094508, 0.00349129200913, 0.0011103200959, 0.000528576900251, 0.000580570136663, 0.000752614927478, 0.000507652235683, 0.000396483868826, 0.000705189944711, 0.000287840026431, 0.000186263612704, 0.000287836097414, 0.000185972035979, 0.000180377654033, 0.000170466766576, 0.000178651302122, 0.000228439617786, 0.000155690475367, 0.000163889752002, 0.000167811886058, 0.000127092294861, 0.000125138554722, 6.83261314407e-05, 8.63272580318e-05, 9.67552550719e-05, 7.84178264439e-05, 5.48190146219e-05, 5.77998907829e-05],
        "mean": [0.00228282646276, 0.00357042974792, 0.00212951237336, 0.00087484944379, 0.000719162810128, 0.000501994858496, 0.000346550572431, 0.00016836055147, 0.000114544222015, 7.0274429163e-05, 6.15816898062e-05, 5.72876888327e-05, 4.34504727309e-05, 3.01893505821e-05, 3.51038070221e-05, 2.23773367907e-05, 1.96730070456e-05, 1.6235784642e-05, 1.22178898891e-05, 1.31741217047e-05, 1.2898211935e-05, 1.00022525658e-05, 8.32061414258e-06, 8.23755544843e-06, 9.09109621716e-06, 8.51591994433e-06, 7.03676460034e-06, 6.892971669e-06, 7.45788338463e-06, 5.61312117497e-06, 6.17637851974e-06, 7.07253911969e-06, 6.9050147431e-06, 4.96870143252e-06, 5.27464862898e-06, 3.9547076085e-06, 4.20981859861e-06, 3.03686465486e-06, 2.01189891413e-06, 1.50659570863e-06],
        "median": [0.000843214220367, 0.00228384882212, 0.00115769449621, 0.00045327382395, 0.000294285098789, 0.000221196969505, 0.000128510699142, 7.6921962318e-05, 5.18624110555e-05, 2.51668443525e-05, 2.56148287008e-05, 2.2768841518e-05, 1.20579798022e-05, 9.86914528767e-06, 9.98894302029e-06, 7.9028413893e-06, 6.11609948464e-06, 5.36620655112e-06, 4.55201779914e-06, 5.51120638193e-06, 4.14598298448e-06, 3.44479758496e-06, 3.25632345266e-06, 3.36901393894e-06, 3.54258827429e-06, 3.47093191522e-06, 2.85257897303e-06, 2.19298340198e-06, 2.14633746509e-06, 1.53795099322e-06, 1.30533658194e-06, 1.42505484746e-06, 1.31357626287e-06, 9.47569560594e-07, 1.00967508843e-06, 6.82841573507e-07, 5.41042709301e-07, 3.69700302372e-07, 2.30980447213e-07, 1.42853451734e-07],
        "min": [1.55766827598e-24, 1.60006994406e-24, 1.71844887669e-24, 1.41411935566e-24, 2.52132113488e-24, 3.81184452493e-24, 2.80215699765e-24, 1.90414278948e-24, 3.4501352338e-24, 4.13090957324e-24, 6.59821917687e-24, 3.33919496369e-24, 5.95154256121e-24, 3.5043197228e-24, 5.59576353194e-24, 4.00722801621e-24, 6.75679717933e-24, 5.03920283622e-24, 3.35214135444e-24, 5.27080372052e-24, 4.89524282076e-24, 5.05539183971e-24, 7.00974542859e-24, 5.82383939129e-24, 4.10439753593e-24, 3.70865323548e-24, 5.3229142942e-24, 6.11851601585e-24, 6.94666495517e-24, 6.20519684098e-24, 6.35974691965e-24, 6.88374935367e-24, 5.58714562098e-24, 6.57918554095e-24, 6.85250099549e-24, 7.52130042638e-24, 7.65225212551e-24, 6.78427714896e-24, 5.80689268689e-24, 7.45410131017e-24],
        "var": [9.7273314168e-06, 1.70415223693e-05, 6.50147376291e-06, 1.60079946454e-06, 1.27831458485e-06, 7.13016333975e-07, 4.14564880202e-07, 7.4475259737e-08, 2.88115948877e-08, 1.37805624689e-08, 1.02746771091e-08, 1.02865351792e-08, 1.03349542258e-08, 6.95148649754e-09, 4.55524151732e-09, 1.7357565385e-09, 1.72246228392e-09, 1.36605926571e-09, 4.06951861098e-10, 4.51488874065e-10, 1.28033939006e-09, 3.53767792838e-10, 1.75996175966e-10, 2.25321872271e-10, 2.60444638078e-10, 2.20508944437e-10, 1.32032579314e-10, 1.52697632316e-10, 1.85876175562e-10, 1.09309082619e-10, 1.68921696075e-10, 1.9408169516e-10, 1.62908200818e-10, 9.60365328928e-11, 9.26333662554e-11, 6.57815885097e-11, 6.47149833721e-11, 3.85444454132e-11, 2.10712922805e-11, 1.18853104442e-11]
    },
    "mfcc": {
        "mean": [-658.423156738, 124.490753174, 27.5730571747, 35.074180603, 5.37328624725, 9.17258930206, 0.405520439148, 4.7823805809, -3.87524104118, 2.67610216141, -2.52110767365, -0.418956518173, -0.29450955987],
        "cov": [[9577.17285156, -2934.86303711, 25.4724464417, -367.233032227, -387.050567627, 242.676559448, -316.682617188, -178.832214355, -21.6506938934, -45.9465141296, 93.157623291, 175.483657837, -66.5681152344], [-2934.86303711, 1966.96594238, -404.124603271, 155.465866089, 83.0881958008, -130.424087524, 130.856307983, 81.89112854, -12.5882501602, 12.8994789124, -42.9369049072, -55.7324066162, 16.0868625641], [25.4724464417, -404.124603271, 604.6640625, 24.9651260376, 85.1827087402, 128.560470581, 15.7025852203, 15.2716503143, 74.2939529419, 53.8464736938, 33.4851837158, 12.0029401779, -0.841485500336], [-367.233032227, 155.465866089, 24.9651260376, 158.769729614, 32.8223876953, 16.059753418, 28.6254405975, 13.3023204803, 6.34638118744, 16.95794487, 10.7559814453, 12.2230319977, 0.599551796913], [-387.050567627, 83.0881958008, 85.1827087402, 32.8223876953, 116.768417358, 23.9120788574, 16.3643074036, 10.7681503296, 17.8489055634, 13.9196243286, 5.92828369141, -8.78595066071, 10.7570571899], [242.676559448, -130.424087524, 128.560470581, 16.059753418, 23.9120788574, 125.032737732, 6.68696117401, -8.25625705719, 28.8319282532, 16.9633426666, 9.72834777832, 10.1115064621, -13.5206279755], [-316.682617188, 130.856307983, 15.7025852203, 28.6254405975, 16.3643074036, 6.68696117401, 87.3530197144, 34.3199653625, 8.63044834137, 15.5085344315, 5.9013876915, 0.389285176992, 10.1001873016], [-178.832214355, 81.89112854, 15.2716503143, 13.3023204803, 10.7681503296, -8.25625705719, 34.3199653625, 80.759552002, 25.0880088806, 5.25591754913, 2.62012386322, 6.56118345261, 14.7561826706], [-21.6506938934, -12.5882501602, 74.2939529419, 6.34638118744, 17.8489055634, 28.8319282532, 8.63044834137, 25.0880088806, 72.2490234375, 25.5137443542, 10.9036436081, 4.75756072998, 1.07584571838], [-45.9465141296, 12.8994789124, 53.8464736938, 16.95794487, 13.9196243286, 16.9633426666, 15.5085344315, 5.25591754913, 25.5137443542, 73.1538009644, 34.2839813232, 7.59223222733, 0.542013645172], [93.157623291, -42.9369049072, 33.4851837158, 10.7559814453, 5.92828369141, 9.72834777832, 5.9013876915, 2.62012386322, 10.9036436081, 34.2839813232, 73.3248825073, 32.4009170532, -2.66848468781], [175.483657837, -55.7324066162, 12.0029401779, 12.2230319977, -8.78595066071, 10.1115064621, 0.389285176992, 6.56118345261, 4.75756072998, 7.59223222733, 32.4009170532, 68.4474029541, 23.0137481689], [-66.5681152344, 16.0868625641, -0.841485500336, 0.599551796913, 10.7570571899, -13.5206279755, 10.1001873016, 14.7561826706, 1.07584571838, 0.542013645172, -2.66848468781, 23.0137481689, 68.6222000122]],
