{
"lowlevel": {
    "average_loudness": 0.957714021206,
    "barkbands_crest": {
        "dmean": 3.11144256592,
        "dmean2": 5.02718353271,
        "dvar": 8.09748268127,
        "dvar2": 20.6625385284,
        "max": 26.5207500458,
        "mean": 11.1762838364,
        "median": 10.7796440125,
        "min": 1.83378648758,
        "var": 21.5344390869
    },
    "barkbands_flatness_db": {
        "dmean": 0.0363063886762,
        "dmean2": 0.0543425567448,
        "dvar": 0.00138344056904,
        "dvar2": 0.00317909382284,
        "max": 0.581549584866,
        "mean": 0.122990034521,
        "median": 0.103543683887,
        "min": 0.0156441349536,
        "var": 0.00608268706128
    },
    "barkbands_kurtosis": {
        "dmean": 10.6932926178,
        "dmean2": 16.19008255,
        "dvar": 792.480163574,
        "dvar2": 1676.94580078,
        "max": 1540.12902832,
        "mean": 14.9369688034,
        "median": 2.89979982376,
        "min": -1.92404806614,
        "var": 2760.96435547
    },
    "barkbands_skewness": {
        "dmean": 1.09499180317,
        "dmean2": 1.65193331242,
        "dvar": 1.55158698559,
        "dvar2": 3.60487627983,
        "max": 33.3288574219,
        "mean": 2.51772522926,
        "median": 1.89024412632,
        "min": -2.552079916,
        "var": 5.95209503174
    },
    "barkbands_spread": {
        "dmean": 13.9486055374,
        "dmean2": 21.2656593323,
        "dvar": 246.354446411,
        "dvar2": 582.973815918,
        "max": 126.463539124,
        "mean": 31.5869617462,
        "median": 28.1477775574,
        "min": 0.123246021569,
        "var": 491.242462158
    },
    "dissonance": {
        "dmean": 0.0142744146287,
        "dmean2": 0.0238779913634,
        "dvar": 0.000204912983463,
        "dvar2": 0.000548572686967,
        "max": 0.500000059605,
        "mean": 0.476381987333,
        "median": 0.48137909174,
        "min": 0.319471955299,
        "var": 0.000356232572813
    },
    "dynamic_complexity": 2.87250423431,
    "erbbands_crest": {
        "dmean": 2.41060519218,
        "dmean2": 3.83957648277,
        "dvar": 5.9634103775,
        "dvar2": 13.8130207062,
        "max": 28.9377651215,
        "mean": 6.97647380829,
        "median": 5.71578264236,
        "min": 2.09427523613,
        "var": 14.9136972427
    },
    "erbbands_flatness_db": {
        "dmean": 0.0161892063916,
        "dmean2": 0.0247191898525,
        "dvar": 0.000256352563156,
        "dvar2": 0.000576038379222,
        "max": 0.395809531212,
        "mean": 0.0996642634273,
        "median": 0.0926461741328,
        "min": 0.0469747707248,
        "var": 0.00104748585727
    },
    "erbbands_kurtosis": {
        "dmean": 0.942286014557,
        "dmean2": 1.5411952734,
        "dvar": 1.89202558994,
        "dvar2": 4.7822842598,
        "max": 24.3456764221,
        "mean": -0.063970439136,
        "median": -0.45817565918,
        "min": -1.86368918419,
        "var": 2.62753891945
    },
    "erbbands_skewness": {
        "dmean": 0.510676026344,
        "dmean2": 0.79207020998,
        "dvar": 0.278797805309,
        "dvar2": 0.693103373051,
        "max": 4.59622621536,
        "mean": 0.042488977313,
        "median": 0.0123522253707,
        "min": -2.60981750488,
        "var": 0.627225637436
    },
    "erbbands_spread": {
        "dmean": 15.2174549103,
        "dmean2": 23.9626693726,
        "dvar": 229.954849243,
        "dvar2": 586.504821777,
        "max": 161.641830444,
        "mean": 60.5976104736,
        "median": 58.2117767334,
        "min": 7.54443788528,
        "var": 569.52154541
    },
    "hfc": {
        "dmean": 21.492893219,
        "dmean2": 33.5486106873,
        "dvar": 940.19152832,
        "dvar2": 2381.31933594,
        "max": 210.372802734,
        "mean": 30.2389030457,
        "median": 18.5063552856,
        "min": 1.1393319736e-16,
        "var": 1050.84204102
    },
    "melbands_crest": {
        "dmean": 3.72647762299,
        "dmean2": 5.90588665009,
        "dvar": 11.8867464066,
        "dvar2": 29.0889034271,
        "max": 37.0696411133,
        "mean": 18.5779304504,
        "median": 18.5857391357,
        "min": 2.0342438221,
        "var": 42.7345428467
    },
    "melbands_flatness_db": {
        "dmean": 0.0487985573709,
        "dmean2": 0.0729952454567,
        "dvar": 0.00238524097949,
        "dvar2": 0.00563792791218,
        "max": 0.751290082932,
        "mean": 0.206670984626,
        "median": 0.190410479903,
        "min": 0.00552828935906,
        "var": 0.010148123838
    },
    "melbands_kurtosis": {
        "dmean": 29.0680141449,
        "dmean2": 45.4477043152,
        "dvar": 2915.88476562,
        "dvar2": 6647.99169922,
        "max": 1114.47790527,
        "mean": 47.0959091187,
        "median": 18.5622653961,
        "min": -1.47766911983,
        "var": 6445.33789062
    },
    "melbands_skewness": {
        "dmean": 1.52021789551,
        "dmean2": 2.36048603058,
        "dvar": 3.25359106064,
        "dvar2": 7.81196117401,
        "max": 26.2359714508,
        "mean": 4.76379680634,
        "median": 3.89674854279,
        "min": -1.60904681683,
        "var": 10.0803861618
    },
    "melbands_spread": {
        "dmean": 13.1275758743,
        "dmean2": 21.2319259644,
        "dvar": 336.998474121,
        "dvar2": 879.167297363,
        "max": 193.242218018,
        "mean": 24.5774059296,
        "median": 17.9650344849,
        "min": 0.230335310102,
        "var": 588.948242188
    },
    "pitch_salience": {
        "dmean": 0.0975144654512,
        "dmean2": 0.155256167054,
        "dvar": 0.00811676122248,
        "dvar2": 0.0192499086261,
        "max": 0.946537256241,
        "mean": 0.506419599056,
        "median": 0.51359641552,
        "min": 0.0265724565834,
        "var": 0.0208069570363
    },
    "silence_rate_20dB": {
        "dmean": 0,
        "dmean2": 0,
        "dvar": 0,
        "dvar2": 0,
        "max": 1,
        "mean": 1,
        "median": 1,
        "min": 1,
        "var": 0
    },
    "silence_rate_30dB": {
        "dmean": 0.0224097780883,
        "dmean2": 0.04482607916,
        "dvar": 0.0219086203724,
        "dvar2": 0.055917814374,
        "max": 1,
        "mean": 0.983558833599,
        "median": 1,
        "min": 0,
        "var": 0.0161690134555
    },
    "silence_rate_60dB": {
        "dmean": 0.00727590220049,
        "dmean2": 0.0145539222285,
        "dvar": 0.00722337793559,
        "dvar2": 0.01783660613,
        "max": 1,
        "mean": 0.0372471995652,
        "median": 0,
        "min": 0,
        "var": 0.0358608439565
    },
    "spectral_centroid": {
        "dmean": 552.052185059,
        "dmean2": 867.31439209,
        "dvar": 347589.3125,
        "dvar2": 882337.9375,
        "max": 11243.171875,
        "mean": 1630.79589844,
        "median": 1569.59094238,
        "min": 114.00226593,
        "var": 799238.3125
    },
    "spectral_complexity": {
        "dmean": 7.81024456024,
        "dmean2": 11.681851387,
        "dvar": 71.3975067139,
        "dvar2": 153.371109009,
        "max": 59,
        "mean": 19.8799648285,
        "median": 17,
        "min": 0,
        "var": 179.331283569
    },
    "spectral_decrease": {
        "dmean": 3.95263777264e-09,
        "dmean2": 6.02192873345e-09,
        "dvar": 2.37461666665e-17,
        "dvar2": 5.42587005222e-17,
        "max": 5.78375600302e-29,
        "mean": -8.50941805908e-09,
        "median": -6.80817890952e-09,
        "min": -5.43848344137e-08,
        "var": 4.30975955304e-17
    },
    "spectral_energy": {
        "dmean": 0.0161288492382,
        "dmean2": 0.0245538372546,
        "dvar": 0.000365896092262,
        "dvar2": 0.000834223872516,
        "max": 0.20777232945,
        "mean": 0.0348592922091,
        "median": 0.0282451380044,
        "min": 1.03305189219e-20,
        "var": 0.000669448752888
    },
    "spectral_energyband_high": {
        "dmean": 0.00224295980297,
        "dmean2": 0.00356762646697,
        "dvar": 1.14860240501e-05,
        "dvar2": 2.9091084798e-05,
        "max": 0.0215938556939,
        "mean": 0.00257903779857,
        "median": 0.00108121044468,
        "min": 7.46277501884e-21,
        "var": 1.17750287245e-05
    },
    "spectral_energyband_low": {
        "dmean": 0.0113058965653,
        "dmean2": 0.0174453761429,
        "dvar": 0.000269167765509,
        "dvar2": 0.000653404858895,
        "max": 0.196121126413,
        "mean": 0.0211696662009,
        "median": 0.0153586603701,
        "min": 3.48898221576e-23,
        "var": 0.000424275465775
    },
    "spectral_energyband_middle_high": {
        "dmean": 0.00204013101757,
        "dmean2": 0.00329561647959,
        "dvar": 7.80225218477e-06,
        "dvar2": 2.00571867026e-05,
        "max": 0.0301240496337,
        "mean": 0.00380890956149,
        "median": 0.0026788841933,
        "min": 1.49236539442e-21,
        "var": 1.52131542563e-05
    },
    "spectral_energyband_middle_low": {
        "dmean": 0.00613636150956,
        "dmean2": 0.0101293623447,
        "dvar": 0.000150192994624,
        "dvar2": 0.000368000997696,
        "max": 0.11524438113,
        "mean": 0.00843381043524,
        "median": 0.00473324721679,
        "min": 3.03631805113e-22,
        "var": 0.000144715508213
    },
    "spectral_entropy": {
        "dmean": 0.263779580593,
        "dmean2": 0.39187848568,
        "dvar": 0.077830798924,
        "dvar2": 0.188371241093,
        "max": 9.81650447845,
        "mean": 7.94241905212,
        "median": 8.04912853241,
        "min": 4.75534772873,
        "var": 0.233054623008
    },
    "spectral_flux": {
        "dmean": 0.0371923074126,
        "dmean2": 0.053829267621,
        "dvar": 0.0015894821845,
        "dvar2": 0.00306536769494,
        "max": 0.359344035387,
        "mean": 0.102046787739,
        "median": 0.0866947546601,
        "min": 6.65527424837e-11,
        "var": 0.00373850041069
    },
    "spectral_kurtosis": {
        "dmean": 1.56717717648,
        "dmean2": 2.52493476868,
        "dvar": 36.2935447693,
        "dvar2": 81.1317977905,
        "max": 308.174438477,
        "mean": 3.29161405563,
        "median": 2.17452383041,
        "min": -1.22649240494,
        "var": 89.6358108521
    },
    "spectral_rms": {
        "dmean": 0.0012700696243,
        "dmean2": 0.00188623287249,
        "dvar": 1.66996198914e-06,
        "dvar2": 3.6392355014e-06,
        "max": 0.0142374401912,
        "mean": 0.00543139688671,
        "median": 0.00524940295145,
        "min": 3.1746740653e-12,
        "var": 4.50896004622e-06
    },
    "spectral_rolloff": {
        "dmean": 1332.08984375,
        "dmean2": 2210.41186523,
        "dvar": 3790649,
        "dvar2": 8686113,
        "max": 19186.0839844,
        "mean": 1981.94421387,
        "median": 839.794921875,
        "min": 64.599609375,
        "var": 6709521
    },
    "spectral_skewness": {
        "dmean": 0.282671362162,
        "dmean2": 0.431370198727,
        "dvar": 0.177769884467,
        "dvar2": 0.433899194002,
        "max": 14.4185962677,
        "mean": 1.32819449902,
        "median": 1.23203980923,
        "min": -0.0676627531648,
        "var": 0.514282166958
    },
    "spectral_spread": {
        "dmean": 901303.9375,
        "dmean2": 1396854.375,
        "dvar": 951498506240,
        "dvar2": 2.23032455987e+12,
        "max": 41312344,
        "mean": 6408194.5,
        "median": 6248949,
        "min": 375794.46875,
        "var": 3.1472507945e+12
    },
    "spectral_strongpeak": {
        "dmean": 0.263086795807,
        "dmean2": 0.448578208685,
        "dvar": 0.212198376656,
        "dvar2": 0.582398176193,
        "max": 5.68839406967,
        "mean": 0.511264026165,
        "median": 0.409860819578,
        "min": 0,
        "var": 0.257361471653
    },
    "zerocrossingrate": {
        "dmean": 0.0221074447036,
        "dmean2": 0.0256614498794,
        "dvar": 0.00045476667583,
        "dvar2": 0.000605030800216,
        "max": 0.79541015625,
        "mean": 0.077226370573,
        "median": 0.06640625,
        "min": 0.00244140625,
        "var": 0.00353610189632
    },
    "barkbands": {
        "dmean": [0.00117781653535, 0.00594002660364, 0.00607825536281, 0.00232596951537, 0.00263893115334, 0.000962977414019, 0.000815107952803, 0.000485135504277, 0.000419950374635, 0.000513224047609, 0.000340271333698, 0.000328060385073, 0.000190851293155, 0.000195948814508, 0.000212502418435, 0.000191013212316, 0.000262813526206, 0.000266403338173, 0.000264695612714, 0.000401316123316, 0.00044760023593, 0.000385647901567, 0.000370150461094, 0.000419524614699, 0.00026931706816, 0.000201218266739, 2.50274133577e-05],
        "dmean2": [0.00176931696478, 0.00944752898067, 0.00981170032173, 0.0039922692813, 0.00440796324983, 0.00169238739181, 0.00139574869536, 0.000817423861008, 0.000715750153176, 0.000845600909088, 0.000557827472221, 0.000529557466507, 0.000313602300594, 0.000325630331645, 0.000354083662387, 0.000318044243613, 0.000443628523499, 0.000457020942122, 0.000454419496236, 0.000685850915033, 0.000757090805564, 0.000619167578407, 0.000598627957515, 0.000654736824799, 0.000423564604716, 0.000317047728458, 4.04374623031e-05],
        "dvar": [4.52674066764e-06, 6.99181182426e-05, 0.000148966690176, 3.83499718737e-05, 3.60303019988e-05, 5.75160902372e-06, 3.25184282701e-06, 1.39207838856e-06, 7.67443452787e-07, 8.87763405899e-07, 5.85398936437e-07, 3.82646049957e-07, 1.20309977092e-07, 1.22849669992e-07, 1.47877472045e-07, 1.18867234278e-07, 1.89397496797e-07, 2.03211044436e-07, 1.79125606792e-07, 4.64596439542e-07, 5.75785350065e-07, 2.76864852822e-07, 3.58607110229e-07, 6.53949939533e-07, 2.26648054991e-07, 1.14199856682e-07, 2.92116619782e-09],
        "dvar2": [1.09519423859e-05, 0.000178740316187, 0.000389014516259, 9.93373396341e-05, 9.17027937248e-05, 1.62902506418e-05, 8.69061841513e-06, 3.76600587515e-06, 2.03333047466e-06, 2.18707464228e-06, 1.41681152854e-06, 9.20428647078e-07, 2.83785595911e-07, 3.1360971775e-07, 3.81603825872e-07, 2.93397675932e-07, 4.80746564335e-07, 5.5351233641e-07, 4.94647338201e-07, 1.27525811422e-06, 1.52777874973e-06, 6.9068147468e-07, 9.02353178844e-07, 1.68764665887e-06, 5.74460329972e-07, 2.88635646939e-07, 7.1250796374e-09],
        "max": [0.0244997628033, 0.089480958879, 0.141315236688, 0.0795498788357, 0.047923412174, 0.02629083395, 0.0238014739007, 0.0130757391453, 0.0122713604942, 0.0148875629529, 0.0115975467488, 0.0215509589761, 0.00792100373656, 0.00634201103821, 0.00906581152231, 0.0053577022627, 0.00744369672611, 0.00619916059077, 0.00376000627875, 0.00562077667564, 0.00765217095613, 0.00383014627732, 0.00417133094743, 0.00711135333404, 0.00412397878245, 0.00243134610355, 0.000771499355324],
        "mean": [0.00147694349289, 0.0100159160793, 0.00862370245159, 0.00236887298524, 0.00265462580137, 0.0010938141495, 0.00114580790978, 0.000539898814168, 0.000519987428561, 0.000685624603648, 0.000462423631689, 0.000476196262753, 0.000280883366941, 0.000272442499408, 0.00028018138255, 0.00024224210938, 0.000346406537574, 0.000318372884067, 0.000310199306114, 0.000443278026069, 0.000469174206955, 0.000453512213426, 0.000390852452256, 0.00045789431897, 0.000297662278172, 0.000206599856028, 2.57891806541e-05],
        "median": [0.000327022484271, 0.00686870887876, 0.00448052212596, 0.000815158477053, 0.000942418817431, 0.000443186669145, 0.000356472533895, 0.000157725939061, 0.000198153022211, 0.00023663500906, 0.000120137134218, 0.000203836301807, 0.000147151105921, 0.000139001713251, 0.000138149160193, 0.000125252030557, 0.000149649407831, 0.000137682785862, 0.000154082954396, 0.000207859324291, 0.000182795018191, 0.000178275819053, 0.000140254036523, 0.000139045252581, 0.000104996215669, 7.45238576201e-05, 6.86993962518e-06],
        "min": [2.75430863944e-24, 1.79926519152e-23, 5.14338414609e-24, 2.39263977744e-24, 1.45260342216e-23, 4.01745181131e-23, 1.40100466144e-23, 1.5577729381e-23, 2.5066624821e-23, 3.73774540015e-23, 6.97671740021e-23, 4.54693966852e-23, 2.80819430793e-23, 6.38446524503e-23, 4.70238912751e-23, 1.38705501317e-22, 1.50772839113e-22, 1.59595093446e-22, 2.11753314322e-22, 3.15399666066e-22, 3.28266908819e-22, 3.70833388881e-22, 6.23026187072e-22, 5.47529295434e-22, 1.24177379454e-21, 1.30925262821e-21, 2.32168554921e-21],
        "var": [6.30635986454e-06, 0.000111770983494, 0.00016375326959, 3.00236661133e-05, 2.96035759675e-05, 4.60505088995e-06, 4.94188407174e-06, 1.2413395325e-06, 8.92767332061e-07, 1.46099068843e-06, 1.10348980797e-06, 7.40460052384e-07, 2.08988183203e-07, 1.615122045e-07, 2.16628777139e-07, 1.51596807996e-07, 2.77563913187e-07, 2.27741040248e-07, 1.85202310377e-07, 3.91790223375e-07, 4.89210606247e-07, 3.44970885635e-07, 3.41738513043e-07, 6.14590305759e-07, 2.20914628812e-07, 1.11034033523e-07, 2.90162627259e-09]
    },
    "erbbands": {
        "dmean": [0.161505416036, 1.48083043098, 6.40405225754, 6.76151227951, 8.15692710876, 8.9990530014, 11.3467969894, 7.283015728, 11.0980396271, 10.7444963455, 12.7603750229, 8.60164165497, 12.2684259415, 16.4517326355, 9.68068027496, 12.4650802612, 9.61229324341, 8.5101108551, 10.2336473465, 9.84140491486, 11.1877069473, 14.6719446182, 13.5844163895, 12.8623342514, 15.2129011154, 18.7555999756, 17.4055213928, 19.4417362213, 14.3912343979, 10.841003418, 10.7550086975, 9.36822509766, 6.81964969635, 3.01316285133, 2.01574540138, 1.13445186615, 0.311413019896, 0.0591633506119, 0.00405261386186, 8.60013024067e-05],
        "dmean2": [0.257027000189, 2.37610816956, 10.2251501083, 10.9198827744, 14.5005187988, 15.5061559677, 19.6414051056, 12.7073698044, 18.7630996704, 18.8406238556, 21.4161472321, 14.8022918701, 20.0091514587, 27.2986297607, 16.1128864288, 20.2579879761, 15.5980920792, 13.9602060318, 16.8985767365, 16.2301445007, 18.7220115662, 24.553981781, 23.1311779022, 21.7971019745, 26.1345176697, 32.0320396423, 29.1539421082, 33.2185401917, 23.2116012573, 17.3607063293, 17.5422725677, 14.9425954819, 10.6285362244, 4.67925548553, 3.24271130562, 1.84958422184, 0.491327792406, 0.0919483676553, 0.0064959153533, 0.000134225469083],
        "dvar": [0.0699444934726, 4.55724573135, 137.40927124, 211.976547241, 622.58972168, 449.091827393, 943.844055176, 313.44519043, 540.829345703, 777.234619141, 944.463500977, 366.130493164, 511.350616455, 1128.22583008, 342.941131592, 614.423828125, 235.559082031, 222.934646606, 293.926391602, 263.960479736, 444.444915771, 631.257263184, 576.11907959, 395.28225708, 663.172607422, 1124.56005859, 702.33605957, 1257.89538574, 416.914031982, 227.110809326, 367.667114258, 322.375427246, 180.643844604, 26.5192375183, 14.7673511505, 3.61125254631, 0.301829576492, 0.0127205010504, 6.96260758559e-05, 2.10002006895e-08],
        "dvar2": [0.169804438949, 11.7969408035, 349.11038208, 503.110076904, 1737.47399902, 1196.51184082, 2529.86132812, 878.58001709, 1387.05322266, 2146.37451172, 2542.80444336, 1003.26727295, 1240.69165039, 2813.83203125, 804.045776367, 1515.37744141, 579.599060059, 539.131286621, 750.302062988, 666.913818359, 1144.7277832, 1598.12438965, 1570.76660156, 1052.99414062, 1833.12402344, 3102.1159668, 1829.7175293, 3394.64135742, 1043.91687012, 559.207519531, 959.851501465, 856.55859375, 456.519714355, 63.9793815613, 38.5821762085, 9.61786842346, 0.746641457081, 0.029513431713, 0.000167143865838, 4.98085199752e-08],
        "max": [3.09301543236, 21.1888866425, 138.171234131, 176.865447998, 285.463531494, 184.712631226, 265.352264404, 211.961547852, 397.71697998, 363.956726074, 334.582580566, 276.652130127, 323.308624268, 679.924194336, 544.147766113, 841.994262695, 264.199188232, 388.155700684, 248.463043213, 331.430999756, 334.127044678, 480.226715088, 388.291107178, 211.312606812, 235.930709839, 323.202545166, 212.843139648, 387.009277344, 164.569839478, 100.154266357, 134.667510986, 159.05255127, 117.490272522, 43.7082023621, 31.0817375183, 14.7357387543, 3.82250905037, 1.16755759716, 0.113558724523, 0.0016354683321],
        "mean": [0.236507549882, 2.48978185654, 10.0434379578, 8.51587772369, 7.60636568069, 8.49307537079, 10.6438331604, 8.84053897858, 16.5525112152, 11.9333810806, 15.0707054138, 10.5353727341, 17.2008094788, 23.0681762695, 13.9047641754, 18.5206813812, 15.4470596313, 12.9437084198, 14.4146003723, 14.2894926071, 14.2372407913, 20.2530002594, 16.5650424957, 16.4009513855, 17.5481147766, 20.6009025574, 19.1401519775, 19.8885383606, 16.5488548279, 12.4942169189, 11.047832489, 9.88562583923, 7.35230207443, 3.54804801941, 2.04980516434, 1.08888077736, 0.323574244976, 0.0669170096517, 0.00416698586196, 0.000119134871056],
        "median": [0.12132756412, 1.74873745441, 5.56056833267, 4.24407243729, 3.13585996628, 2.99187588692, 2.77550816536, 3.55024719238, 5.28030633926, 3.90577912331, 4.39383935928, 4.29336547852, 6.62325048447, 7.89499807358, 5.64393568039, 8.28154182434, 8.797498703, 7.21146821976, 8.2916431427, 8.31925582886, 7.9530377388, 8.97283744812, 7.58827972412, 8.65670681, 7.88916110992, 9.38503360748, 8.36529445648, 7.00539922714, 6.48667955399, 4.81591033936, 3.97477912903, 3.31062602997, 2.02079844475, 1.23895764351, 0.698846340179, 0.347489923239, 0.122932337224, 0.0253812689334, 0.00120742095169, 6.96216520737e-05],
        "min": [5.05803072144e-22, 3.97026297238e-21, 5.75440713923e-21, 8.91075225773e-21, 5.77978752843e-20, 3.81276334088e-20, 2.24516463786e-19, 2.72395616346e-19, 1.98667224741e-19, 2.69917796821e-19, 3.86842309646e-19, 7.10982416005e-19, 8.29778683459e-19, 1.15876330232e-18, 3.22519085682e-18, 1.80617347613e-18, 1.66882375433e-18, 2.42041194962e-18, 3.75254579429e-18, 5.86881708115e-18, 6.45560949512e-18, 8.54517939181e-18, 7.38555158235e-18, 1.12049372924e-17, 1.14900035839e-17, 1.24244281628e-17, 1.38037336363e-17, 1.48108508475e-17, 1.28468684745e-17, 1.89105267082e-17, 1.37779396633e-17, 1.25370148888e-17, 9.7870314357e-18, 1.2571199782e-17, 8.42138602288e-18, 5.16445211005e-18, 2.47550982984e-18, 1.09898357984e-18, 2.95607545105e-19, 3.43827218195e-20],
        "var": [0.114018641412, 6.8062005043, 176.412994385, 214.088699341, 392.922149658, 331.27923584, 739.039550781, 267.042785645, 1129.97546387, 645.633300781, 948.610412598, 374.929412842, 867.046386719, 2143.08178711, 727.952392578, 1133.33789062, 444.516326904, 389.310028076, 382.024047852, 411.58493042, 472.552337646, 982.215393066, 621.414672852, 472.733551025, 676.891967773, 915.542419434, 670.974853516, 1005.41931152, 482.114715576, 267.67401123, 313.675140381, 283.139007568, 170.790283203, 29.2159194946, 12.7255306244, 3.19498324394, 0.293081730604, 0.0135996770114, 7.09280138835e-05, 2.28014798154e-08]
    },
    "gfcc": {
        "mean": [13.2799863815, 55.0982208252, -81.3532485962, 43.7836227417, -49.1055221558, 24.2955513, -29.7610912323, 13.669875145, -25.3762054443, 6.82753515244, -19.6954536438, 3.37962055206, -15.7625293732],
        "cov": [[20447.0703125, -861.203735352, -697.362365723, 190.788574219, -1141.24499512, 207.577392578, -814.931884766, 225.733169556, -279.076446533, 300.430206299, -304.231933594, 138.050872803, -311.612731934], [-861.203735352, 1554.7713623, 236.193206787, -50.029800415, 214.906448364, -69.4269180298, 163.25378418, -42.7192497253, 115.880531311, -44.9041976929, 92.6314544678, -62.8125419617, 40.2672996521], [-697.362365723, 236.193206787, 666.598937988, 125.465843201, 87.4644775391, 61.2905960083, 51.610244751, 20.975435257, 44.5021858215, -6.83742237091, 17.2885112762, -39.4950714111, 15.580824852], [190.788574219, -50.029800415, 125.465843201, 373.987304688, -14.8206100464, 45.740776062, 22.7474269867, 4.62449073792, 16.5831890106, 1.04749965668, -5.01047372818, -31.1640396118, 16.3629055023], [-1141.24499512, 214.906448364, 87.4644775391, -14.8206100464, 269.217102051, 55.4631843567, 91.9015274048, 5.27439928055, 39.330997467, -18.6820278168, 22.1705150604, -2.21924829483, 20.3049678802], [207.577392578, -69.4269180298, 61.2905960083, 45.740776062, 55.4631843567, 143.486328125, 26.7974052429, 31.9829769135, 6.95238637924, 10.2312068939, -3.28782725334, -9.18441200256, -3.95916724205], [-814.931884766, 163.25378418, 51.610244751, 22.7474269867, 91.9015274048, 26.7974052429, 159.140975952, 20.4872722626, 48.6749343872, -19.1628742218, 30.2561893463, -3.85467863083, 25.0307064056], [225.733169556, -42.7192497253, 20.975435257, 4.62449073792, 5.27439928055, 31.9829769135, 20.4872722626, 80.4783706665, 35.9142227173, 20.1252765656, -0.914746403694, 6.94774150848, -4.48972845078], [-279.076446533, 115.880531311, 44.5021858215, 16.5831890106, 39.330997467, 6.95238637924, 48.6749343872, 35.9142227173, 93.1388092041, 27.5371208191, 28.409538269, -7.18191194534, 10.0207462311], [300.430206299, -44.9041976929, -6.83742237091, 1.04749965668, -18.6820278168, 10.2312068939, -19.1628742218, 20.1252765656, 27.5371208191, 73.1378707886, 22.2751350403, 16.455991745, -5.46609258652], [-304.231933594, 92.6314544678, 17.2885112762, -5.01047372818, 22.1705150604, -3.28782725334, 30.2561893463, -0.914746403694, 28.409538269, 22.2751350403, 68.5355834961, 22.748714447, 17.5031166077], [138.050872803, -62.8125419617, -39.4950714111, -31.1640396118, -2.21924829483, -9.18441200256, -3.85467863083, 6.94774150848, -7.18191194534, 16.455991745, 22.748714447, 66.2125167847, 21.4579944611], [-311.612731934, 40.2672996521, 15.580824852, 16.3629055023, 20.3049678802, -3.95916724205, 25.0307064056, -4.48972845078, 10.0207462311, -5.46609258652, 17.5031166077, 21.4579944611, 54.1579971313]],
        "icov": [[0.000117735988169, -0.000165475823451, 9.56542644417e-05, -0.000135747162858, 0.000446612655651, -0.000429259351222, 0.000358997640433, -0.000287494447548, 0.000117420844617, -0.000243641581619, 0.000513094302732, -0.000659588898998, 0.000474569504149], [-0.000165475823451, 0.00126810616348, -0.00037307018647, 0.000448763283202, -0.00113777292427, 0.00131941610016, -0.000837069121189, 0.000904993095901, -0.000901932129636, 0.000824620656203, -0.00188825593796, 0.00219035265036, -0.000945766107179], [9.56542644417e-05, -0.00037307018647, 0.00192519265693, -0.000631303759292, 4.68939360871e-05, -0.000871628057212, 0.000567054259591, -0.000778375426307, 4.1572155169e-05, -2.78510615317e-05, -2.02839855774e-05, 0.000337915960699, -8.11119607533e-05], [-0.000135747162858, 0.000448763283202, -0.000631303759292, 0.00345342187211, 0.000136382644996, -0.000365661311662, -0.000882063352037, 0.000833572819829, -0.000531777564902, -8.15627281554e-05, -0.000490148144308, 0.00267820828594, -0.00239014509134], [0.000446612655651, -0.00113777292427, 4.68939360871e-05, 0.000136382644996, 0.00743982894346, -0.00424439506605, -0.000566760776564, 0.000419077638071, -0.00136294984259, 0.000476202694699, 0.00247838697396, -0.00398230738938, 0.0016351188533], [-0.000429259351222, 0.00131941610016, -0.000871628057212, -0.000365661311662, -0.00424439506605, 0.0117100216448, -0.00257113249972, -0.00292835384607, 0.00273357704282, -0.00169498764444, -0.00233300589025, 0.00515181524679, -0.00166077481117], [0.000358997640433, -0.000837069121189, 0.000567054259591, -0.000882063352037, -0.000566760776564, -0.00257113249972, 0.0121975028887, -0.00314605841413, -0.00344936572947, 0.00462707085535, -0.0022614155896, -0.00148944254033, -0.000656160933431], [-0.000287494447548, 0.000904993095901, -0.000778375426307, 0.000833572819829, 0.000419077638071, -0.00292835384607, -0.00314605841413, 0.0210384465754, -0.00993880722672, -0.000798300898168, 0.00439607724547, -0.00464581977576, 0.00265033589676], [0.000117420844617, -0.000901932129636, 4.1572155169e-05, -0.000531777564902, -0.00136294984259, 0.00273357704282, -0.00344936572947, -0.00993880722672, 0.0234250929207, -0.00933307036757, -0.00454272935167, 0.00750403199345, -0.00380525784567], [-0.000243641581619, 0.000824620656203, -2.78510615317e-05, -8.15627281554e-05, 0.000476202694699, -0.00169498764444, 0.00462707085535, -0.000798300898168, -0.00933307036757, 0.0241781063378, -0.00810345169157, -0.00414446508512, 0.00393866328523], [0.000513094302732, -0.00188825593796, -2.02839855774e-05, -0.000490148144308, 0.00247838697396, -0.00233300589025, -0.0022614155896, 0.00439607724547, -0.00454272935167, -0.00810345169157, 0.0279413927346, -0.0122291147709, 0.000657664961182], [-0.000659588898998, 0.00219035265036, 0.000337915960699, 0.00267820828594, -0.00398230738938, 0.00515181524679, -0.00148944254033, -0.00464581977576, 0.00750403199345, -0.00414446508512, -0.0122291147709, 0.0317778624594, -0.0146023659036], [0.000474569504149, -0.000945766107179, -8.11119607533e-05, -0.00239014509134, 0.0016351188533, -0.00166077481117, -0.000656160933431, 0.00265033589676, -0.00380525784567, 0.00393866328523, 0.000657664961182, -0.0146023659036, 0.0291069280356]]
    },
    "melbands": {
        "dmean": [0.00150976039004, 0.00277487491257, 0.00118984375149, 0.000539794622455, 0.000431114371167, 0.000172677275259, 0.000165006771567, 0.000109541178972, 0.000110320463136, 5.0312399253e-05, 6.52808885206e-05, 7.03512123437e-05, 3.69422778022e-05, 2.57571500697e-05, 3.89597262256e-05, 1.76968260348e-05, 1.70196653926e-05, 1.70884850377e-05, 1.79905528057e-05, 1.27584999063e-05, 1.38484110721e-05, 1.69347695191e-05, 1.20883614727e-05, 1.33769526656e-05, 1.0333946193e-05, 1.05285644167e-05, 1.08569192889e-05, 1.4069777535e-05, 1.14440126708e-05, 1.05761118903e-05, 1.17401259558e-05, 8.73821227287e-06, 6.84069800627e-06, 6.09388234807e-06, 6.17500063527e-06, 6.04192655373e-06, 5.97302368988e-06, 5.15370493304e-06, 3.50504978996e-06, 2.21150389734e-06],
        "dmean2": [0.00236795190722, 0.00440120371059, 0.00192580756266, 0.000917968223803, 0.000751133018639, 0.000300979241729, 0.000281646702206, 0.000189928745385, 0.000184388787602, 8.67296694196e-05, 0.000106423933175, 0.000117081966891, 6.10216593486e-05, 4.25348116551e-05, 6.31687507848e-05, 2.8724938602e-05, 2.80569656752e-05, 2.8400314477e-05, 3.01838299492e-05, 2.08111468964e-05, 2.34856433963e-05, 2.83121880784e-05, 2.01455804927e-05, 2.34694125538e-05, 1.75595196197e-05, 1.82192216016e-05, 1.86040761037e-05, 2.43635477091e-05, 1.91593862837e-05, 1.83317315532e-05, 2.01505790756e-05, 1.43803108585e-05, 1.07944515548e-05, 9.99323765427e-06, 1.01249343061e-05, 9.77921081358e-06, 9.5763207355e-06, 7.95273535914e-06, 5.55989618078e-06, 3.44773252436e-06],
        "dvar": [4.74749049317e-06, 2.07092070923e-05, 6.94463551554e-06, 1.69646352788e-06, 1.37309677939e-06, 1.68661472344e-07, 1.21434709399e-07, 7.82483198236e-08, 6.80303031686e-08, 1.22241763378e-08, 1.51342938182e-08, 1.85437123434e-08, 5.31368371526e-09, 2.05531458519e-09, 5.87518034223e-09, 1.05772934855e-09, 8.89275764138e-10, 9.12223130367e-10, 1.22833820893e-09, 4.83332596168e-10, 7.69651398169e-10, 9.35893806897e-10, 4.28317631362e-10, 5.86221737819e-10, 2.50688081405e-10, 3.25040022675e-10, 2.84288204089e-10, 7.08831993101e-10, 2.84493401059e-10, 3.49346912509e-10, 4.73954264724e-10, 1.53652479629e-10, 9.1958510251e-11, 7.73029626422e-11, 1.11040378281e-10, 1.429594082e-10, 1.27444541032e-10, 9.47064024426e-11, 4.34276226091e-11, 1.33779272382e-11],
        "dvar2": [1.17894760479e-05, 5.2215764299e-05, 1.58592629305e-05, 4.49658000434e-06, 3.66582844435e-06, 4.74171656606e-07, 3.19405899063e-07, 2.14129912024e-07, 1.80630550517e-07, 3.33109255735e-08, 3.66641330629e-08, 4.64942253586e-08, 1.26620980367e-08, 5.33098898359e-09, 1.39288873768e-08, 2.48272913339e-09, 2.19458717865e-09, 2.32911578912e-09, 3.22238502548e-09, 1.16940557238e-09, 2.00361882641e-09, 2.31018359997e-09, 1.08759679041e-09, 1.64116331636e-09, 6.62577659405e-10, 9.08086661422e-10, 7.59121043803e-10, 1.96784544215e-09, 7.32791660685e-10, 9.44253897295e-10, 1.2789098669e-09, 3.90091126068e-10, 2.28927529711e-10, 1.93218191447e-10, 2.89055834823e-10, 3.82137682609e-10, 3.40255268405e-10, 2.34286812173e-10, 1.09172275387e-10, 3.21301422967e-11],
        "max": [0.025427762419, 0.0522177964449, 0.0298687759787, 0.0138889346272, 0.00952433981001, 0.00534443603829, 0.00532851926982, 0.00358561612666, 0.00300714350305, 0.00182153063361, 0.00179218035191, 0.00259317574091, 0.00158612127416, 0.000889257760718, 0.0026841533836, 0.000890413706657, 0.000634364900179, 0.000558438186999, 0.000900839862879, 0.000458982307464, 0.000451280793641, 0.000550351920538, 0.000286179740215, 0.00025096378522, 0.000186697317986, 0.000162333293702, 0.0002055431396, 0.000257967796642, 0.000131503242301, 0.000171980907908, 0.000306524219923, 0.000101859608549, 7.01565659256e-05, 6.99827141943e-05, 8.09153643786e-05, 9.29664238356e-05, 9.87344174064e-05, 9.00620580069e-05, 4.89484846184e-05, 3.25920773321e-05],
        "mean": [0.00251632905565, 0.0046547758393, 0.00151536962949, 0.000555304228328, 0.000391924666474, 0.000215673819184, 0.000241764559178, 0.00011675269343, 0.000132339642732, 6.05026179983e-05, 8.89576913323e-05, 9.7535259556e-05, 5.13325394422e-05, 3.70477864635e-05, 5.63214998692e-05, 2.66529368673e-05, 2.43775430135e-05, 2.29819379456e-05, 2.35909265029e-05, 1.71405135916e-05, 1.59459505085e-05, 2.31686190091e-05, 1.48616954903e-05, 1.48258641275e-05, 1.29985182866e-05, 1.17531617434e-05, 1.27088933368e-05, 1.45494441313e-05, 1.22990832097e-05, 1.06523284558e-05, 1.18967527669e-05, 9.87469593383e-06, 7.70167480368e-06, 6.66406413075e-06, 6.24346421318e-06, 5.96448717261e-06, 6.31452530797e-06, 5.61024762646e-06, 3.77118658434e-06, 2.63249557975e-06],
        "median": [0.00158064032439, 0.00311116641387, 0.000781699549407, 0.000225902491366, 0.000102364305349, 8.66799673531e-05, 7.95147425379e-05, 3.37847632181e-05, 3.62372411473e-05, 2.41128054768e-05, 3.17455596814e-05, 3.31071460096e-05, 1.72792388184e-05, 1.83880856639e-05, 2.18924378714e-05, 1.33161802296e-05, 1.23418549265e-05, 1.24198231788e-05, 1.14593185572e-05, 8.64098728925e-06, 8.01302667242e-06, 9.51219044509e-06, 6.0197962739e-06, 6.25748634775e-06, 6.98281519362e-06, 5.11387634106e-06, 5.50673121325e-06, 6.30832846582e-06, 5.10139034304e-06, 3.938271675e-06, 3.91188314097e-06, 3.85970452044e-06, 2.90226398647e-06, 2.51336427937e-06, 2.24952896133e-06, 1.89261663763e-06, 2.17740830522e-06, 1.4726676909e-06, 1.15585032745e-06, 9.62472881838e-07],
        "min": [5.72237097406e-24, 4.4117519441e-24, 2.15008615111e-24, 2.96280950707e-24, 6.55135492265e-24, 6.27871788848e-24, 2.98590281843e-24, 2.99590518027e-24, 2.82413426804e-24, 4.28148537067e-24, 4.10147914501e-24, 3.49336875571e-24, 9.90565381166e-24, 6.27868791177e-24, 4.2168733238e-24, 4.85112340805e-24, 3.8146781133e-24, 6.73941541815e-24, 5.17253492312e-24, 8.59075126698e-24, 5.47290396798e-24, 6.86841626425e-24, 4.55537551038e-24, 7.25142006665e-24, 9.03151152056e-24, 5.78506806109e-24, 8.15815887922e-24, 8.27436519031e-24, 8.60507382558e-24, 6.28077247671e-24, 8.25009351797e-24, 6.54274963346e-24, 7.45942927672e-24, 1.11462172601e-23, 6.36329916031e-24, 6.88063019765e-24, 6.6954017128e-24, 6.10736980569e-24, 9.24166169912e-24, 1.06898004841e-23],
        "var": [8.12482176116e-06, 2.90020961984e-05, 7.12648989065e-06, 1.26601753436e-06, 1.03271611351e-06, 1.51370244339e-07, 2.17849688511e-07, 6.59956640447e-08, 7.62060494708e-08, 1.27243042769e-08, 2.50814125025e-08, 3.44811326158e-08, 1.0683328e-08, 3.21589310737e-09, 1.20843708373e-08, 2.08964689996e-09, 1.44487155573e-09, 1.08729381054e-09, 1.77126358025e-09, 7.77281183861e-10, 7.49331097172e-10, 1.62379099056e-09, 5.46227840736e-10, 5.24857268758e-10, 3.07001923883e-10, 3.20434012657e-10, 3.27416399548e-10, 5.37897282271e-10, 2.76276862499e-10, 2.77179251773e-10, 3.86190496249e-10, 1.76101189187e-10, 1.08096386009e-10, 8.31442484306e-11, 9.59401516565e-11, 1.14595152811e-10, 1.16979592679e-10, 9.58620058333e-11, 4.19814773223e-11, 1.5028997144e-11]
    },
    "mfcc": {
        "mean": [-633.934326172, 89.1532897949, 26.3952827454, 28.5281200409, 10.3025083542, 14.6845846176, 9.06700325012, 8.64162540436, 4.64230728149, 4.17633104324, 0.261180788279, 2.57768988609, -0.24209651351],
        "cov": [[11356.3710938, -665.491027832, -571.43951416, -50.3884773254, -280.774810791, -119.264755249, -233.66355896, -160.613128662, -149.036956787, -137.043441772, -111.296546936, -24.6591835022, -34.4231452942], [-665.491027832, 1374.96520996, 127.640777588, 32.6897392273, 87.8406677246, 35.4711265564, 56.9550285339, 43.3460426331, 18.7900829315, 35.537071228, 43.7465248108, 16.0166492462, 16.2453479767], [-571.43951416, 127.640777588, 547.465270996, 157.483581543, 77.7287750244, 58.8108711243, 49.917098999, 28.6876163483, 39.3131141663, 45.4002838135, 12.0127305984, 13.6760025024, -5.62998104095], [-50.3884773254, 32.6897392273, 157.483581543, 242.956573486, 39.7894668579, 44.8165168762, 16.4337177277, 16.585811615, 25.3292369843, 18.067358017, 10.1630039215, 5.98182678223, -5.36215877533], [-280.774810791, 87.8406677246, 77.7287750244, 39.7894668579, 162.53112793, 68.2641372681, 44.0187110901, 29.4562644958, 27.1009597778, 27.1053733826, 8.89920806885, 6.77526950836, 1.94648373127], [-119.264755249, 35.4711265564, 58.8108711243, 44.8165168762, 68.2641372681, 113.151557922, 57.563949585, 27.9045410156, 25.5681934357, 20.1268539429, 8.66600036621, 5.33337116241, 1.04516172409], [-233.66355896, 56.9550285339, 49.917098999, 16.4337177277, 44.0187110901, 57.563949585, 91.443069458, 49.5327033997, 24.7315177917, 14.6860227585, 4.64865064621, 2.36994147301, 3.77467775345], [-160.613128662, 43.3460426331, 28.6876163483, 16.585811615, 29.4562644958, 27.9045410156, 49.5327033997, 81.8162536621, 39.7466392517, 20.2936630249, 10.891292572, 5.72932910919, 2.40706348419], [-149.036956787, 18.7900829315, 39.3131141663, 25.3292369843, 27.1009597778, 25.5681934357, 24.7315177917, 39.7466392517, 67.6160583496, 39.5643768311, 13.9967365265, 3.40184760094, 0.53001922369], [-137.043441772, 35.537071228, 45.4002838135, 18.067358017, 27.1053733826, 20.1268539429, 14.6860227585, 20.2936630249, 39.5643768311, 68.5314941406, 35.4820594788, 9.32399368286, 1.34469771385], [-111.296546936, 43.7465248108, 12.0127305984, 10.1630039215, 8.89920806885, 8.66600036621, 4.64865064621, 10.891292572, 13.9967365265, 35.4820594788, 59.4547080994, 24.0522518158, 8.18750572205], [-24.6591835022, 16.0166492462, 13.6760025024, 5.98182678223, 6.77526950836, 5.33337116241, 2.36994147301, 5.72932910919, 3.40184760094, 9.32399368286, 24.0522518158, 49.3330116272, 25.546995163], [-34.4231452942, 16.2453479767, -5.62998104095, -5.36215877533, 1.94648373127, 1.04516172409, 3.77467775345, 2.40706348419, 0.53001922369, 1.34469771385, 8.18750572205, 25.546995163, 49.714466095]],
