{
"lowlevel": {
    "average_loudness": 0.935325264931,
    "barkbands_crest": {
        "dmean": 3.0521800518,
        "dmean2": 4.70931386948,
        "dvar": 7.75362014771,
        "dvar2": 17.197517395,
        "max": 26.2253074646,
        "mean": 10.5278673172,
        "median": 9.35985183716,
        "min": 1.71901452541,
        "var": 26.1109580994
    },
    "barkbands_flatness_db": {
        "dmean": 0.0335771627724,
        "dmean2": 0.0463278070092,
        "dvar": 0.000974320981186,
        "dvar2": 0.00192641245667,
        "max": 0.493841141462,
        "mean": 0.128539025784,
        "median": 0.110802695155,
        "min": 0.00530594075099,
        "var": 0.00633201329038
    },
    "barkbands_kurtosis": {
        "dmean": 5.10472488403,
        "dmean2": 7.2425403595,
        "dvar": 120.416572571,
        "dvar2": 207.68536377,
        "max": 373.512420654,
        "mean": 6.32474517822,
        "median": 1.14161062241,
        "min": -1.8634428978,
        "var": 304.015472412
    },
    "barkbands_skewness": {
        "dmean": 0.78552788496,
        "dmean2": 1.10890257359,
        "dvar": 0.753175020218,
        "dvar2": 1.36818468571,
        "max": 18.1915817261,
        "mean": 1.74571406841,
        "median": 1.33482515812,
        "min": -2.38192725182,
        "var": 2.90148806572
    },
    "barkbands_spread": {
        "dmean": 11.5292959213,
        "dmean2": 17.3046665192,
        "dvar": 176.16293335,
        "dvar2": 374.658599854,
        "max": 125.434867859,
        "mean": 27.9395027161,
        "median": 22.8553409576,
        "min": 0.555739879608,
        "var": 379.624633789
    },
    "dissonance": {
        "dmean": 0.0155914118513,
        "dmean2": 0.0255148299038,
        "dvar": 0.000231195415836,
        "dvar2": 0.000607408874203,
        "max": 0.5,
        "mean": 0.467049211264,
        "median": 0.474423259497,
        "min": 0.322875142097,
        "var": 0.000681232893839
    },
    "dynamic_complexity": 2.90449881554,
    "erbbands_crest": {
        "dmean": 2.64207673073,
        "dmean2": 4.16726016998,
        "dvar": 6.45948600769,
        "dvar2": 14.7542657852,
        "max": 31.1796474457,
        "mean": 8.29919052124,
        "median": 7.12387752533,
        "min": 1.82880163193,
        "var": 19.4589443207
    },
    "erbbands_flatness_db": {
        "dmean": 0.020736515522,
        "dmean2": 0.0300518777221,
        "dvar": 0.000443298747996,
        "dvar2": 0.000880878244061,
        "max": 0.400087952614,
        "mean": 0.142858400941,
        "median": 0.115901619196,
        "min": 0.0406860262156,
        "var": 0.00544455554336
    },
    "erbbands_kurtosis": {
        "dmean": 0.744927108288,
        "dmean2": 1.15280461311,
        "dvar": 1.01652038097,
        "dvar2": 2.20840716362,
        "max": 18.4183177948,
        "mean": -0.0951094403863,
        "median": -0.438618898392,
        "min": -1.76227712631,
        "var": 1.99353861809
    },
    "erbbands_skewness": {
        "dmean": 0.374566733837,
        "dmean2": 0.561058521271,
        "dvar": 0.122093215585,
        "dvar2": 0.259003072977,
        "max": 4.24074316025,
        "mean": 0.118838958442,
        "median": 0.0877550691366,
        "min": -2.28640532494,
        "var": 0.444713681936
    },
    "erbbands_spread": {
        "dmean": 11.7158250809,
        "dmean2": 17.6530246735,
        "dvar": 157.807144165,
        "dvar2": 350.004211426,
        "max": 152.398742676,
        "mean": 45.3365898132,
        "median": 42.2493972778,
        "min": 3.33651828766,
        "var": 479.25982666
    },
    "hfc": {
        "dmean": 15.2012281418,
        "dmean2": 25.0313587189,
        "dvar": 436.201812744,
        "dvar2": 1113.87890625,
        "max": 198.008605957,
        "mean": 28.4121894836,
        "median": 21.7847900391,
        "min": 1.10210633141e-16,
        "var": 578.978393555
    },
    "melbands_crest": {
        "dmean": 4.15637779236,
        "dmean2": 6.45152997971,
        "dvar": 13.3650922775,
        "dvar2": 32.3559951782,
        "max": 34.4388313293,
        "mean": 15.5996541977,
        "median": 14.6392145157,
        "min": 1.69570529461,
        "var": 39.6796951294
    },
    "melbands_flatness_db": {
        "dmean": 0.043474059552,
        "dmean2": 0.0596732720733,
        "dvar": 0.00166292197537,
        "dvar2": 0.00340827926993,
        "max": 0.668162345886,
        "mean": 0.201636567712,
        "median": 0.190687865019,
        "min": 0.00365824345499,
        "var": 0.00878600403666
    },
    "melbands_kurtosis": {
        "dmean": 13.0706710815,
        "dmean2": 19.3647422791,
        "dvar": 710.68548584,
        "dvar2": 1376.51245117,
        "max": 623.742126465,
        "mean": 20.9411849976,
        "median": 7.8758354187,
        "min": -1.67844259739,
        "var": 1663.07312012
    },
    "melbands_skewness": {
        "dmean": 1.06250190735,
        "dmean2": 1.53932666779,
        "dvar": 1.53561544418,
        "dvar2": 3.08402109146,
        "max": 19.763671875,
        "mean": 3.19139122963,
        "median": 2.54949474335,
        "min": -1.95648157597,
        "var": 5.44188404083
    },
    "melbands_spread": {
        "dmean": 11.5415182114,
        "dmean2": 17.5060749054,
        "dvar": 203.862457275,
        "dvar2": 470.346252441,
        "max": 165.768447876,
        "mean": 26.0594406128,
        "median": 21.2528686523,
        "min": 0.448938637972,
        "var": 448.316986084
    },
    "pitch_salience": {
        "dmean": 0.0946710109711,
        "dmean2": 0.144660845399,
        "dvar": 0.00864865351468,
        "dvar2": 0.0209699030966,
        "max": 0.978746175766,
        "mean": 0.522808969021,
        "median": 0.540356516838,
        "min": 0.0639616921544,
        "var": 0.0227209590375
    },
    "silence_rate_20dB": {
        "dmean": 0,
        "dmean2": 0,
        "dvar": 0,
        "dvar2": 0,
        "max": 1,
        "mean": 1,
        "median": 1,
        "min": 1,
        "var": 0
    },
    "silence_rate_30dB": {
        "dmean": 0.027089336887,
        "dmean2": 0.0541838780046,
        "dvar": 0.0263542775065,
        "dvar2": 0.0575838424265,
        "max": 1,
        "mean": 0.965133011341,
        "median": 1,
        "min": 0,
        "var": 0.0336550660431
    },
    "silence_rate_60dB": {
        "dmean": 0.00653218058869,
        "dmean2": 0.0130656166002,
        "dvar": 0.00649085454643,
        "dvar2": 0.0150057179853,
        "max": 1,
        "mean": 0.08097204566,
        "median": 0,
        "min": 0,
        "var": 0.0744196847081
    },
    "spectral_centroid": {
        "dmean": 391.267578125,
        "dmean2": 577.604003906,
        "dvar": 191131.109375,
        "dvar2": 400380.1875,
        "max": 11827.6279297,
        "mean": 1421.07727051,
        "median": 1300.23999023,
        "min": 141.301681519,
        "var": 831282.25
    },
    "spectral_complexity": {
        "dmean": 5.67973089218,
        "dmean2": 8.94668102264,
        "dvar": 42.4624633789,
        "dvar2": 96.7398834229,
        "max": 63,
        "mean": 21.1919116974,
        "median": 20,
        "min": 0,
        "var": 128.217468262
    },
    "spectral_decrease": {
        "dmean": 3.37853456323e-09,
        "dmean2": 4.77762096551e-09,
        "dvar": 1.68478079213e-17,
        "dvar2": 3.53412519667e-17,
        "max": 1.57666904899e-28,
        "mean": -8.47880965438e-09,
        "median": -6.38608099734e-09,
        "min": -5.08760606976e-08,
        "var": 5.61747618408e-17
    },
    "spectral_energy": {
        "dmean": 0.0133050568402,
        "dmean2": 0.0191711001098,
        "dvar": 0.000248958938755,
        "dvar2": 0.000537991058081,
        "max": 0.193817615509,
        "mean": 0.0345781221986,
        "median": 0.0272586084902,
        "min": 9.81383476942e-21,
        "var": 0.000829628494103
    },
    "spectral_energyband_high": {
        "dmean": 0.0013708678307,
        "dmean2": 0.00222124578431,
        "dvar": 4.40887515651e-06,
        "dvar2": 1.07675314212e-05,
        "max": 0.024581996724,
        "mean": 0.00176763313357,
        "median": 0.000573980738409,
        "min": 7.27863524408e-21,
        "var": 6.0745483097e-06
    },
    "spectral_energyband_low": {
        "dmean": 0.00779630243778,
        "dmean2": 0.0105934310704,
        "dvar": 0.000209656529478,
        "dvar2": 0.000330839829985,
        "max": 0.191149324179,
        "mean": 0.014924807474,
        "median": 0.00553801376373,
        "min": 1.89769846641e-23,
        "var": 0.000632859300822
    },
    "spectral_energyband_middle_high": {
        "dmean": 0.00217699864879,
        "dmean2": 0.00351732200943,
        "dvar": 8.41352448333e-06,
        "dvar2": 2.03702093131e-05,
        "max": 0.0674479007721,
        "mean": 0.0050330972299,
        "median": 0.00379500491545,
        "min": 1.29170765486e-21,
        "var": 2.10281414184e-05
    },
    "spectral_energyband_middle_low": {
        "dmean": 0.00908951275051,
        "dmean2": 0.0137654608116,
        "dvar": 0.000225988798775,
        "dvar2": 0.000511068908963,
        "max": 0.135932818055,
        "mean": 0.0146431820467,
        "median": 0.00912135280669,
        "min": 1.68709920511e-22,
        "var": 0.000301875581499
    },
    "spectral_entropy": {
        "dmean": 0.26513260603,
        "dmean2": 0.378539353609,
        "dvar": 0.0809732228518,
        "dvar2": 0.158822238445,
        "max": 9.82156944275,
        "mean": 7.65221738815,
        "median": 7.75457286835,
        "min": 5.76219654083,
        "var": 0.379003405571
    },
    "spectral_flux": {
        "dmean": 0.0304531101137,
        "dmean2": 0.0449164249003,
        "dvar": 0.00113525253255,
        "dvar2": 0.00233539263718,
        "max": 0.409273564816,
        "mean": 0.105185046792,
        "median": 0.0917324870825,
        "min": 6.41487279962e-11,
        "var": 0.00464810850099
    },
    "spectral_kurtosis": {
        "dmean": 2.745054245,
        "dmean2": 4.50868082047,
        "dvar": 34.1001472473,
        "dvar2": 102.922973633,
        "max": 170.511306763,
        "mean": 6.47613859177,
        "median": 3.85192251205,
        "min": -1.27922105789,
        "var": 160.570037842
    },
    "spectral_rms": {
        "dmean": 0.00104401295539,
        "dmean2": 0.00148732645903,
        "dvar": 1.12983627787e-06,
        "dvar2": 2.52073550655e-06,
        "max": 0.0137510122731,
        "mean": 0.00529402540997,
        "median": 0.00515691423789,
        "min": 3.09426442802e-12,
        "var": 5.70792144572e-06
    },
    "spectral_rolloff": {
        "dmean": 1187.92077637,
        "dmean2": 1966.70568848,
        "dvar": 3271811.25,
        "dvar2": 7730023.5,
        "max": 19466.015625,
        "mean": 1986.76708984,
        "median": 1399.65820312,
        "min": 64.599609375,
        "var": 4924330
    },
    "spectral_skewness": {
        "dmean": 0.307032108307,
        "dmean2": 0.480935454369,
        "dvar": 0.141887053847,
        "dvar2": 0.390778124332,
        "max": 10.1700868607,
        "mean": 1.66660547256,
        "median": 1.5588452816,
        "min": -0.0959614142776,
        "var": 0.671190321445
    },
    "spectral_spread": {
        "dmean": 994783.4375,
        "dmean2": 1426676.875,
        "dvar": 1.57215791514e+12,
        "dvar2": 3.10998178202e+12,
        "max": 42786856,
        "mean": 5336616,
        "median": 5457660.5,
        "min": 498732.625,
        "var": 9.2309857239e+12
    },
    "spectral_strongpeak": {
        "dmean": 0.512555837631,
        "dmean2": 0.827869415283,
        "dvar": 0.641152143478,
        "dvar2": 1.56761717796,
        "max": 11.1229743958,
        "mean": 0.946680665016,
        "median": 0.620748519897,
        "min": 0,
        "var": 1.27248108387
    },
    "zerocrossingrate": {
        "dmean": 0.0225490722805,
        "dmean2": 0.0273048616946,
        "dvar": 0.000533663667738,
        "dvar2": 0.000853120640386,
        "max": 0.689453125,
        "mean": 0.0757763162255,
        "median": 0.06591796875,
        "min": 0.00244140625,
        "var": 0.00272043631412
    },
    "barkbands": {
        "dmean": [0.00053840019973, 0.00507114827633, 0.00494228396565, 0.00496616913006, 0.00457514030859, 0.00124438572675, 0.00064845540328, 0.000785571581218, 0.000469864433398, 0.000422536249971, 0.000416108756326, 0.000254909711657, 0.000487582932692, 0.000324656575685, 0.000287504692096, 0.000354473653715, 0.000293012853945, 0.00021157732408, 0.000208482131711, 0.000192665611394, 0.000198673922569, 0.000184165823157, 0.000230811652727, 0.000282297754893, 0.000238586872001, 0.000189457481611, 5.22446280229e-05],
        "dmean2": [0.000841850007419, 0.00647944491357, 0.00747300405055, 0.00839191861451, 0.00773931387812, 0.0019728585612, 0.000934567593504, 0.00105261441786, 0.000725432066247, 0.000669002125505, 0.000666721607558, 0.000420154654421, 0.000766014214605, 0.000548559764866, 0.000474303669762, 0.000599941238761, 0.000490584410727, 0.000357900658855, 0.000361672922736, 0.000323322747136, 0.000334577256581, 0.000299690989777, 0.000377870164812, 0.000455065310234, 0.000399050535634, 0.000313788681524, 8.45946706249e-05],
        "dvar": [1.35123877953e-06, 0.000130292391987, 0.000160829120432, 0.000133999070385, 9.46699801716e-05, 6.56002930555e-06, 1.68599569861e-06, 3.65385631085e-06, 8.11065490325e-07, 9.75486386778e-07, 9.68101744547e-07, 4.98698454976e-07, 9.99073108687e-07, 3.6499699263e-07, 1.96846144718e-07, 2.7812561143e-07, 2.39430249849e-07, 1.1801027e-07, 1.20174689755e-07, 1.42542987192e-07, 1.15363896214e-07, 8.90072300308e-08, 1.88276203517e-07, 2.40194765411e-07, 1.72592507397e-07, 9.33893744559e-08, 9.48509804033e-09],
        "dvar2": [3.22501591654e-06, 0.000192464925931, 0.000342774612363, 0.000352581380866, 0.000251653284067, 1.71042120201e-05, 2.76243099506e-06, 5.39729353477e-06, 1.74295291799e-06, 2.25504231821e-06, 2.08893379749e-06, 1.27832583985e-06, 2.1147420739e-06, 9.52627488005e-07, 4.92274978114e-07, 7.31593104319e-07, 6.09166988852e-07, 3.24882620362e-07, 3.30260604642e-07, 3.72308534224e-07, 2.90146942916e-07, 2.19168015292e-07, 4.61603036683e-07, 5.77207345032e-07, 4.43014499751e-07, 2.36483259641e-07, 2.37300117334e-08],
        "max": [0.0178792364895, 0.169594556093, 0.157109230757, 0.121704660356, 0.0845015868545, 0.0401576496661, 0.0573243461549, 0.0550584606826, 0.0225970335305, 0.0361640863121, 0.0502444654703, 0.0386493466794, 0.0370967574418, 0.0185435526073, 0.00902414694428, 0.0075458381325, 0.0107650747523, 0.008161008358, 0.00461138272658, 0.00654234318063, 0.00941405259073, 0.00638284953311, 0.00796351861209, 0.00664515886456, 0.00352634675801, 0.0028155609034, 0.000968509935774],
        "mean": [0.000611058843788, 0.00724209379405, 0.00540737621486, 0.00461925705895, 0.00468337535858, 0.00179643987212, 0.00113799097016, 0.00145085027907, 0.000713238958269, 0.000676490017213, 0.000609104463365, 0.000356549368007, 0.000876746198628, 0.000473982450785, 0.000441193958977, 0.000482284318423, 0.000470842147479, 0.00032072988688, 0.000300131505355, 0.000301577849314, 0.000304964167299, 0.000244358729105, 0.000267843221081, 0.000312942953315, 0.000238122869632, 0.000187690166058, 5.07222466695e-05],
        "median": [0.000135618640343, 0.0016052913852, 0.00118534162175, 0.00105277088005, 0.00163759978022, 0.000772265135311, 0.000437915325165, 0.00028792777448, 0.000327669491526, 0.000251306511927, 0.000275847676676, 0.000178818721906, 0.000323589512846, 0.000215869658859, 0.000237266998738, 0.000270400603767, 0.000270624354016, 0.000196076725842, 0.000178933914867, 0.000131618682644, 8.71853189892e-05, 6.55840631225e-05, 6.75049886922e-05, 7.88501274656e-05, 6.86452622176e-05, 5.21661713719e-05, 8.53896654007e-06],
        "min": [3.66777525224e-25, 4.52100365745e-24, 2.05507396875e-24, 1.28381383222e-24, 1.07452526726e-23, 1.14429417675e-23, 4.25898981867e-24, 1.70677472137e-23, 2.86644032618e-23, 2.59790181885e-23, 1.70390058555e-23, 2.72806686588e-23, 3.70697572277e-23, 4.03347799392e-23, 5.32343596791e-23, 6.72590317747e-23, 6.35532850972e-23, 9.17306140817e-23, 1.50090291414e-22, 1.3967124377e-22, 3.43096862749e-22, 3.29871313061e-22, 3.59095794944e-22, 6.54269774219e-22, 9.28271130695e-22, 1.39033107047e-21, 2.02342170906e-21],
        "var": [1.58945010753e-06, 0.000282569788396, 0.000179210896022, 0.000107546860818, 7.81536000432e-05, 9.32279090193e-06, 5.36127799933e-06, 1.2593075553e-05, 1.56169471666e-06, 2.30780096899e-06, 1.54119595663e-06, 6.89817682087e-07, 4.35094443674e-06, 9.88303781924e-07, 3.94094200828e-07, 3.94181483898e-07, 4.7555337801e-07, 1.67931574424e-07, 1.32162028876e-07, 2.45874559823e-07, 2.58778470652e-07, 1.51208894295e-07, 2.30924101174e-07, 2.73179637134e-07, 1.52404950882e-07, 8.6984080383e-08, 9.15275588653e-09]
    },
    "erbbands": {
        "dmean": [0.118064776063, 1.29872512817, 4.75331258774, 10.4687728882, 19.9805679321, 13.064412117, 9.75158977509, 11.6046819687, 8.1630563736, 18.5288581848, 8.08099842072, 12.1813774109, 10.9969444275, 13.7866201401, 18.0283489227, 11.1442689896, 20.8843173981, 18.7476577759, 14.4949703217, 15.3286619186, 16.7804641724, 14.6215820312, 11.9087791443, 10.2484092712, 10.3923101425, 9.18058872223, 7.89982891083, 8.17988014221, 6.67660665512, 6.16298437119, 6.79496574402, 6.55545139313, 4.21659898758, 2.92454195023, 1.5588709116, 0.825152277946, 0.357358813286, 0.100485980511, 0.00786611996591, 0.000126858256408],
        "dmean2": [0.154749959707, 1.64219820499, 6.81841135025, 16.8721218109, 33.3516235352, 22.3489894867, 16.7692146301, 17.6548690796, 12.268693924, 24.7172927856, 11.6155109406, 18.660736084, 17.2355880737, 21.7251529694, 29.144487381, 18.2590141296, 32.9717597961, 31.0383014679, 23.6197299957, 25.8114471436, 28.2976303101, 24.4656009674, 20.0655937195, 17.8485374451, 17.8730239868, 15.5439271927, 13.3236951828, 13.365901947, 10.8947353363, 10.0435752869, 11.1347579956, 10.5623235703, 6.89447689056, 4.93468761444, 2.5894548893, 1.37742269039, 0.596528053284, 0.163492113352, 0.0127271302044, 0.000206851051189],
        "dvar": [0.0557024665177, 9.27844142914, 131.656524658, 591.930480957, 1987.99572754, 906.300598145, 665.83795166, 497.350769043, 202.755096436, 1662.95153809, 211.688034058, 584.30645752, 370.758178711, 1305.23413086, 2692.98950195, 1050.9473877, 1636.49853516, 1041.36315918, 540.935852051, 459.01663208, 577.606567383, 629.450073242, 426.123779297, 257.842102051, 353.26651001, 361.800994873, 215.232894897, 182.897109985, 111.395248413, 115.118980408, 168.845718384, 128.463973999, 56.5351524353, 26.4000415802, 7.34094190598, 1.90795814991, 0.354059606791, 0.0297034680843, 0.000218619330553, 4.76592347809e-08],
        "dvar2": [0.0832772701979, 13.5961198807, 254.435516357, 1448.22851562, 5184.06591797, 2487.40893555, 1903.59191895, 1133.39355469, 418.357727051, 2498.05761719, 353.451507568, 1231.32397461, 832.489562988, 3068.03662109, 5538.31054688, 2775.75317383, 3527.9074707, 2658.48120117, 1315.56408691, 1214.19018555, 1496.26904297, 1650.23388672, 1183.16479492, 709.733398438, 969.546630859, 974.677612305, 560.637207031, 446.220916748, 271.925994873, 283.324768066, 413.316894531, 305.65512085, 138.26083374, 67.5924606323, 18.854932785, 4.87447214127, 0.911062180996, 0.0742056891322, 0.000548168027308, 1.20008962767e-07],
        "max": [5.11716890335, 45.6780738831, 139.580551147, 285.662353516, 397.879364014, 361.556488037, 346.981506348, 507.731079102, 413.363464355, 1175.74230957, 370.029968262, 569.354431152, 588.632629395, 1379.18383789, 2901.44677734, 1936.48071289, 1308.23864746, 823.062316895, 557.646789551, 265.572875977, 391.094909668, 681.135864258, 574.243225098, 168.538635254, 324.452423096, 324.858764648, 269.362518311, 515.706176758, 232.991226196, 340.605804443, 203.919387817, 154.480865479, 98.7047653198, 45.9075813293, 24.3333034515, 11.7843036652, 7.00959014893, 1.53496098518, 0.178219601512, 0.00232853158377],
        "mean": [0.176884576678, 1.75598227978, 5.69898366928, 11.1052474976, 19.0310630798, 13.4499807358, 10.8038597107, 18.1702213287, 14.2559747696, 35.0172538757, 14.905547142, 18.818479538, 17.7334651947, 22.4430961609, 26.4691104889, 16.9569740295, 37.733581543, 31.8980636597, 23.7328262329, 23.5051364899, 25.4604167938, 24.1608943939, 19.1712665558, 15.074344635, 15.0510349274, 14.1708631516, 12.2211904526, 12.1424770355, 9.02758312225, 7.67246484756, 7.76160049438, 7.27849817276, 4.58622646332, 2.90015792847, 1.54701006413, 0.804431974888, 0.345744162798, 0.100678727031, 0.00771664641798, 0.000161957315868],
        "median": [0.0499115362763, 0.332645773888, 1.37053966522, 3.47273349762, 4.13168239594, 5.0450758934, 4.82128763199, 7.18338394165, 6.4033331871, 9.85890102386, 5.99048042297, 8.57196617126, 8.68736076355, 8.97313690186, 11.8508586884, 9.29798221588, 15.3980369568, 15.785525322, 13.2000389099, 14.5267267227, 15.7816724777, 14.469587326, 12.1599903107, 9.75768280029, 8.14705562592, 6.1867890358, 4.21569490433, 3.13417315483, 2.485912323, 2.05521798134, 1.95289945602, 1.76777911186, 1.21761679649, 0.810816287994, 0.44782692194, 0.232051700354, 0.0890493839979, 0.0226030535996, 0.00129662640393, 8.42530935188e-05],
        "min": [1.07514294535e-22, 9.89254799212e-22, 2.43128213361e-21, 4.2662143015e-21, 2.6111991675e-20, 3.74959711512e-20, 5.80230493566e-20, 9.91089811352e-20, 8.73308791776e-20, 2.37305942677e-19, 4.73070382583e-19, 6.27091826231e-19, 7.23507274647e-19, 1.04563353226e-18, 8.28317624004e-19, 1.25915976423e-18, 1.89762428991e-18, 2.17797068876e-18, 3.21811825579e-18, 2.50800830854e-18, 3.99164235035e-18, 4.36160508316e-18, 4.58001757442e-18, 7.30870236754e-18, 8.32107300281e-18, 7.6097324176e-18, 1.14393660683e-17, 1.34858315833e-17, 1.21115305525e-17, 1.06646940539e-17, 9.68058156267e-18, 1.07927962066e-17, 1.04811120703e-17, 8.15133884984e-18, 6.72561696349e-18, 4.74100387882e-18, 2.5458973165e-18, 1.05409517633e-18, 2.58242659462e-19, 2.84476233763e-20],
        "var": [0.127811163664, 19.0501289368, 181.95854187, 545.378417969, 1740.77307129, 681.874572754, 454.354858398, 1101.07128906, 563.898498535, 5510.13330078, 708.541320801, 1157.38378906, 882.156738281, 2809.89599609, 4148.69873047, 1458.5267334, 6683.6484375, 3089.66064453, 1137.04870605, 743.363586426, 884.619750977, 1177.62890625, 614.569946289, 302.515441895, 396.361083984, 544.162841797, 401.679473877, 451.944915771, 198.164398193, 166.201919556, 198.630279541, 153.741973877, 59.3762664795, 23.4799804688, 6.46236085892, 1.67446744442, 0.318375259638, 0.0291299112141, 0.000214573694393, 4.81613184888e-08]
    },
    "gfcc": {
        "mean": [6.2425775528, 75.2794342041, -108.660720825, 21.2633628845, -44.8109474182, 9.91569900513, -38.4874382019, 6.64737653732, -24.5520877838, 3.85264420509, -16.8503684998, 0.11744004488, -14.0016393661],
        "cov": [[18706.6738281, -4316.92041016, 1480.4831543, 1763.40942383, -771.416625977, 796.75189209, -611.059204102, 285.654846191, -807.375793457, 131.265701294, -737.833129883, 437.492614746, -504.68572998], [-4316.92041016, 2766.74267578, -978.799316406, -621.873901367, 399.150146484, -409.782714844, 201.82901001, -42.6993179321, 298.022064209, -67.3522262573, 296.149230957, -209.489120483, 181.927658081], [1480.4831543, -978.799316406, 1926.94104004, 549.526428223, 237.931503296, 679.355407715, 63.2814369202, 64.4303131104, -194.067199707, 40.6698951721, -189.482406616, 148.440093994, -180.214187622], [1763.40942383, -621.873901367, 549.526428223, 555.902526855, 31.0759525299, 272.016387939, 10.1357593536, 55.0973205566, -95.9059753418, 19.5751056671, -115.829742432, 42.626285553, -69.068939209], [-771.416625977, 399.150146484, 237.931503296, 31.0759525299, 370.221496582, 105.31716156, 137.062149048, 11.6010875702, 23.3011608124, 1.61709141731, 26.3248920441, 8.38339328766, 2.25669789314], [796.75189209, -409.782714844, 679.355407715, 272.016387939, 105.31716156, 439.710266113, 67.3121185303, 72.6386260986, -59.7628860474, 35.8185691833, -46.6074752808, 67.2062988281, -59.6019935608], [-611.059204102, 201.82901001, 63.2814369202, 10.1357593536, 137.062149048, 67.3121185303, 190.862411499, 45.7581787109, 48.8763961792, 20.4673633575, 21.80818367, -6.99429321289, 8.38405227661], [285.654846191, -42.6993179321, 64.4303131104, 55.0973205566, 11.6010875702, 72.6386260986, 45.7581787109, 133.828186035, 56.8038253784, 46.6393127441, 5.28220415115, 19.9473934174, -5.42220783234], [-807.375793457, 298.022064209, -194.067199707, -95.9059753418, 23.3011608124, -59.7628860474, 48.8763961792, 56.8038253784, 173.078262329, 49.5660705566, 72.1230773926, -22.687953949, 40.8875999451], [131.265701294, -67.3522262573, 40.6698951721, 19.5751056671, 1.61709141731, 35.8185691833, 20.4673633575, 46.6393127441, 49.5660705566, 104.452857971, 34.8494186401, 30.2557315826, 8.07768630981], [-737.833129883, 296.149230957, -189.482406616, -115.829742432, 26.3248920441, -46.6074752808, 21.80818367, 5.28220415115, 72.1230773926, 34.8494186401, 134.188903809, 18.3524932861, 57.2860069275], [437.492614746, -209.489120483, 148.440093994, 42.626285553, 8.38339328766, 67.2062988281, -6.99429321289, 19.9473934174, -22.687953949, 30.2557315826, 18.3524932861, 121.911071777, 30.325466156], [-504.68572998, 181.927658081, -180.214187622, -69.068939209, 2.25669789314, -59.6019935608, 8.38405227661, -5.42220783234, 40.8875999451, 8.07768630981, 57.2860069275, 30.325466156, 108.962692261]],
        "icov": [[0.000166383731994, -1.01236473711e-05, 0.000187024023035, -0.000340949452948, 0.000125093851238, -9.53947237576e-05, 0.000343947671354, -0.000363804749213, 0.00046242721146, -0.000342450977769, 0.000501932809129, -0.000640486425254, 0.0005476399092], [-1.01236473711e-05, 0.00117711501662, 3.59281002602e-05, 0.000519595458172, -0.001308624167, 0.000391152541852, -0.000141503391205, -0.000304794259137, -0.000420638534706, 0.000959808647167, -0.00158517004456, 0.00192094349768, -0.00100121984724], [0.000187024023035, 3.59281002602e-05, 0.00186541164294, -0.000560536747798, -0.000618792138994, -0.00191932346206, 0.000632133858744, 0.000193550920812, 0.000506392912939, -0.000782341056038, 0.001827823231, -0.00204817927442, 0.0019371600356], [-0.000340949452948, 0.000519595458172, -0.000560536747798, 0.0041269203648, -0.000841359025799, -0.000889780640136, -0.000538701773621, -0.000192695559235, -0.000254800368566, 0.000250388286076, 0.000270642951364, 0.00222200038843, -0.00187889765948], [0.000125093851238, -0.001308624167, -0.000618792138994, -0.000841359025799, 0.00584356486797, -0.0004626372247, -0.00248936098069, 0.000892599113286, 0.00028828548966, -0.000228793753195, 0.000732609711122, -0.00239914050326, 0.00126078212634], [-9.53947237576e-05, 0.000391152541852, -0.00191932346206, -0.000889780640136, -0.0004626372247, 0.00659918552265, -0.00146608089563, -0.00196697493084, 0.000802148832008, 0.000505909265485, -0.00269243097864, 0.000809634511825, -0.000347410503309], [0.000343947671354, -0.000141503391205, 0.000632133858744, -0.000538701773621, -0.00248936098069, -0.00146608089563, 0.0091840904206, -0.00259484606795, 2.61901295744e-05, -0.00124436628539, 0.00140702840872, -0.00010542684322, 0.00031921316986], [-0.000363804749213, -0.000304794259137, 0.000193550920812, -0.000192695559235, 0.000892599113286, -0.00196697493084, -0.00259484606795, 0.0134814940393, -0.00612616259605, -0.00170845724642, 0.00136693776585, -0.00189703097567, 0.00103270250838], [0.00046242721146, -0.000420638534706, 0.000506392912939, -0.000254800368566, 0.00028828548966, 0.000802148832008, 2.61901295744e-05, -0.00612616259605, 0.0139411212876, -0.00512556545436, -0.00162154971622, 0.0019665970467, -0.000900063547306], [-0.000342450977769, 0.000959808647167, -0.000782341056038, 0.000250388286076, -0.000228793753195, 0.000505909265485, -0.00124436628539, -0.00170845724642, -0.00512556545436, 0.0161773078144, -0.00570875499398, -0.000370546244085, -0.00020315576694], [0.000501932809129, -0.00158517004456, 0.001827823231, 0.000270642951364, 0.000732609711122, -0.00269243097864, 0.00140702840872, 0.00136693776585, -0.00162154971622, -0.00570875499398, 0.0185326114297, -0.0072128046304, -6.63331375108e-05], [-0.000640486425254, 0.00192094349768, -0.00204817927442, 0.00222200038843, -0.00239914050326, 0.000809634511825, -0.00010542684322, -0.00189703097567, 0.0019665970467, -0.000370546244085, -0.0072128046304, 0.019603356719, -0.0101208360866], [0.0005476399092, -0.00100121984724, 0.0019371600356, -0.00187889765948, 0.00126078212634, -0.000347410503309, 0.00031921316986, 0.00103270250838, -0.000900063547306, -0.00020315576694, -6.63331375108e-05, -0.0101208360866, 0.0184136331081]]
    },
    "melbands": {
        "dmean": [0.00122025830206, 0.00197065272368, 0.00210101506673, 0.00116100057494, 0.000383877631975, 0.000245745643042, 0.000127858918859, 0.000211256032344, 5.60752814636e-05, 8.05927993497e-05, 5.44689064554e-05, 5.64138426853e-05, 5.37051892024e-05, 3.57602948498e-05, 3.43558349414e-05, 5.21298097738e-05, 3.63202489098e-05, 2.38717311731e-05, 2.00110989681e-05, 2.86484973913e-05, 1.8927770725e-05, 1.74699362105e-05, 1.33639023261e-05, 9.10905509954e-06, 8.69739778864e-06, 8.40268876345e-06, 6.97308360031e-06, 6.29644046057e-06, 5.28159034729e-06, 5.0521234698e-06, 4.85878672407e-06, 4.14649184677e-06, 3.27638963427e-06, 3.57822364094e-06, 3.77459627998e-06, 4.2818996917e-06, 4.14868918597e-06, 3.19876517096e-06, 2.57998544839e-06, 2.5194049158e-06],
        "dmean2": [0.00154993124306, 0.00260561867617, 0.0033050798811, 0.00193999917246, 0.000658477190882, 0.000378182274289, 0.000188922480447, 0.000280159816612, 8.28681950225e-05, 0.00012381891429, 8.55726830196e-05, 8.89966177056e-05, 8.70789081091e-05, 5.86365131312e-05, 5.51299053768e-05, 8.24243979878e-05, 6.09321759839e-05, 3.90852546843e-05, 3.34292999469e-05, 4.8318575864e-05, 3.19480386679e-05, 2.93033390335e-05, 2.24506220547e-05, 1.55674952111e-05, 1.52111178977e-05, 1.45551675814e-05, 1.1856911442e-05, 1.07020941869e-05, 8.94716868061e-06, 8.49285879667e-06, 7.9794017438e-06, 6.87356987328e-06, 5.33131787961e-06, 5.90927129451e-06, 6.23480764261e-06, 7.04692774889e-06, 6.7084715738e-06, 5.23982726008e-06, 4.34101411884e-06, 4.28036992162e-06],
        "dvar": [6.56409883959e-06, 1.86224278877e-05, 1.8423772417e-05, 6.12138137512e-06, 9.70975634118e-07, 2.25381498353e-07, 5.64167095263e-08, 2.32183239746e-07, 8.30593549495e-09, 2.63054449334e-08, 9.24727583396e-09, 2.42745201717e-08, 1.84186514929e-08, 8.73817107561e-09, 5.53188561625e-09, 1.49060888077e-08, 4.65451144294e-09, 1.52462942271e-09, 9.69721525301e-10, 2.00369121295e-09, 8.47456660402e-10, 1.11789744128e-09, 4.97235030927e-10, 2.17997203622e-10, 1.88326632067e-10, 2.13538506322e-10, 1.65138833164e-10, 1.85128717911e-10, 1.02845502947e-10, 1.03819522423e-10, 6.90699303307e-11, 4.51113625621e-11, 2.939589544e-11, 4.40024613968e-11, 4.85162188202e-11, 7.46395167894e-11, 5.56649865091e-11, 3.55780405137e-11, 2.14897093176e-11, 2.04229064216e-11],
        "dvar2": [9.13578787731e-06, 2.9664943213e-05, 4.29398423876e-05, 1.61112839123e-05, 2.76177297565e-06, 5.38357880941e-07, 1.0422338903e-07, 3.46063046663e-07, 1.53333470365e-08, 5.60475790223e-08, 2.07759871529e-08, 5.68582976257e-08, 3.87865881635e-08, 1.93791365177e-08, 1.31032793504e-08, 3.24704885202e-08, 1.23013075282e-08, 3.68190233857e-09, 2.50634379917e-09, 5.27162624664e-09, 2.17851159334e-09, 2.91570279032e-09, 1.3385585973e-09, 6.01410365952e-10, 5.21389098562e-10, 5.87772663874e-10, 4.45797065929e-10, 5.01878538728e-10, 2.7020835569e-10, 2.69529759622e-10, 1.71096317669e-10, 1.12693819554e-10, 7.35519631312e-11, 1.07538276894e-10, 1.19823456712e-10, 1.85805704156e-10, 1.31336566622e-10, 8.74629049741e-11, 5.41801326026e-11, 5.28601641625e-11],
        "max": [0.0392022579908, 0.0582547523081, 0.0464739315212, 0.0218503773212, 0.0133060542867, 0.00978746172041, 0.00888815056533, 0.0140640782192, 0.00197533238679, 0.00409106258303, 0.00295983580872, 0.0060642757453, 0.00728228827938, 0.00444317189977, 0.00324262795039, 0.00482330005616, 0.00192557414994, 0.000848810537718, 0.000509087985847, 0.000593838223722, 0.000686168845277, 0.000925654778257, 0.000439613941126, 0.000309062685119, 0.000148305858602, 0.000218087938265, 0.000225447714911, 0.000244217051659, 0.000199386879103, 0.000253669713857, 0.000310082425131, 0.000146656442666, 8.90846858965e-05, 0.000256570987403, 0.000105417173472, 0.000129884589114, 0.000109470151074, 9.16756180231e-05, 4.96487446071e-05, 4.716604235e-05],
        "mean": [0.00184176536277, 0.00284608802758, 0.00231389980763, 0.00117285375018, 0.000428787170677, 0.000376850075554, 0.000224369039643, 0.000398453033995, 9.90257758531e-05, 0.000120919852634, 8.59379724716e-05, 8.88818976819e-05, 7.90591802797e-05, 5.1922750572e-05, 5.1402275858e-05, 9.43369595916e-05, 5.58835999982e-05, 3.76129682991e-05, 2.90960779239e-05, 3.94834751205e-05, 2.75029033219e-05, 2.70702530543e-05, 2.0851570298e-05, 1.35775753733e-05, 1.18956677397e-05, 1.14763297461e-05, 9.86912800727e-06, 9.29265843297e-06, 7.84233998274e-06, 7.26723874322e-06, 6.87216743245e-06, 5.29183716935e-06, 4.21504410042e-06, 4.24416975875e-06, 4.23215624323e-06, 4.76001014249e-06, 4.4465823521e-06, 3.39571533914e-06, 2.62603793999e-06, 2.41250700128e-06],
        "median": [0.000481371476781, 0.000678129727021, 0.000720206531696, 0.000373764865799, 0.000191934057511, 0.000153628134285, 9.15271666599e-05, 0.000102048550616, 4.2255880544e-05, 5.35055005457e-05, 4.02464938816e-05, 3.0364293707e-05, 3.64539628208e-05, 2.61300137936e-05, 2.42360329139e-05, 3.05584690068e-05, 2.4892447982e-05, 1.94766998902e-05, 1.58791408467e-05, 2.14888823393e-05, 1.67038760992e-05, 1.46906140799e-05, 1.19134474517e-05, 8.54207519296e-06, 7.26002599549e-06, 6.04231217949e-06, 4.85902864966e-06, 3.75546164832e-06, 2.70101008937e-06, 2.03832269108e-06, 1.60304387009e-06, 1.42398494063e-06, 1.14146803298e-06, 1.1111699223e-06, 1.07381299586e-06, 1.1149807051e-06, 1.0309896652e-06, 8.5780976633e-07, 7.14786608569e-07, 6.38994833935e-07],
        "min": [1.84844289868e-24, 1.39896671818e-24, 2.02870885679e-24, 2.38472533319e-24, 1.73300809356e-24, 1.9488698223e-24, 1.30159682779e-24, 2.72530478775e-24, 3.84259511187e-24, 4.21593379046e-24, 3.28332211514e-24, 3.61554556056e-24, 3.04221309035e-24, 2.60765525564e-24, 4.50906937524e-24, 3.49406137559e-24, 3.56533338065e-24, 4.40374461148e-24, 3.82320057209e-24, 3.65567294266e-24, 4.6191411095e-24, 4.06109262211e-24, 3.88460550495e-24, 4.19204550453e-24, 4.93356016151e-24, 5.42194237021e-24, 4.64693307362e-24, 4.82127922229e-24, 6.38696656519e-24, 6.79778323652e-24, 7.21417005471e-24, 6.01994547916e-24, 3.86992401464e-24, 6.01018293103e-24, 5.51136922015e-24, 5.80095256428e-24, 5.96401800199e-24, 6.48527480563e-24, 6.02051227572e-24, 6.24341044652e-24],
        "var": [1.55807065312e-05, 3.81569407182e-05, 1.9582827008e-05, 5.20598723597e-06, 6.74511227317e-07, 4.40359428922e-07, 1.72782392838e-07, 7.81869857747e-07, 2.60580783618e-08, 5.01817893905e-08, 2.21049436533e-08, 5.26965564518e-08, 2.88130408421e-08, 1.29760699963e-08, 1.06642730202e-08, 6.45505195962e-08, 1.22337686648e-08, 3.35064442858e-09, 1.67333868983e-09, 2.97258728743e-09, 1.27040822306e-09, 2.04379535518e-09, 8.16327561104e-10, 2.81106665723e-10, 2.11529932459e-10, 2.38264685759e-10, 2.09839520759e-10, 2.73536193696e-10, 1.75200576269e-10, 1.78214512592e-10, 1.57416135682e-10, 7.47674006041e-11, 4.27997463859e-11, 6.09514938521e-11, 5.71470613886e-11, 8.30473190216e-11, 6.27241175666e-11, 3.61908801538e-11, 2.0367792522e-11, 1.7508928335e-11]
    },
    "mfcc": {
        "mean": [-637.326660156, 112.190673828, -3.63761687279, 18.5100307465, 10.9771518707, 4.12303876877, 0.693350315094, 0.113261796534, -1.50900888443, 0.7333548069, -2.53508353233, 0.589802861214, -1.60412716866],
        "cov": [[9643.21777344, -1918.66589355, 1255.80297852, 435.582550049, 229.024108887, 490.975830078, 140.222335815, 169.412567139, -11.9237995148, -158.365280151, -174.32862854, -54.3821792603, -160.416687012], [-1918.66589355, 1872.99267578, -850.670043945, -39.6595039368, -58.1182174683, -279.929016113, -76.0336456299, -74.8113555908, -4.1625123024, 51.0500297546, 54.3483428955, 22.6043052673, 76.496131897], [1255.80297852, -850.670043945, 1368.48718262, 171.567367554, 328.830322266, 460.574401855, 266.421142578, 207.397689819, 60.0761184692, 8.18437004089, 30.1139144897, 10.8944196701, -54.5746459961], [435.582550049, -39.6595039368, 171.567367554, 284.602355957, 95.3026123047, 127.157180786, 77.9880371094, 50.7054405212, 61.3166236877, 0.927865326405, 5.52605438232, 7.0727686882, -9.01089000702], [229.024108887, -58.1182174683, 328.830322266, 95.3026123047, 248.172912598, 172.693115234, 107.095222473, 86.2541275024, 31.1327114105, 8.56894111633, 22.9160308838, 6.10012674332, -1.19260859489], [490.975830078, -279.929016113, 460.574401855, 127.157180786, 172.693115234, 311.569915771, 180.370513916, 115.756950378, 50.0510215759, 12.0519771576, 22.1358795166, 11.9196901321, -20.2646770477], [140.222335815, -76.0336456299, 266.421142578, 77.9880371094, 107.095222473, 180.370513916, 204.618896484, 102.51247406, 38.4651679993, 12.7260713577, 30.3201904297, 13.1322402954, -9.31579113007], [169.412567139, -74.8113555908, 207.397689819, 50.7054405212, 86.2541275024, 115.756950378, 102.51247406, 139.545318604, 57.5836868286, 22.24974823, 20.975692749, 20.6686077118, 9.69102191925], [-11.9237995148, -4.1625123024, 60.0761184692, 61.3166236877, 31.1327114105, 50.0510215759, 38.4651679993, 57.5836868286, 116.113975525, 52.2973823547, 32.5338363647, 19.9759941101, 16.5630245209], [-158.365280151, 51.0500297546, 8.18437004089, 0.927865326405, 8.56894111633, 12.0519771576, 12.7260713577, 22.24974823, 52.2973823547, 100.90146637, 50.0691986084, 27.9610977173, 15.359210968], [-174.32862854, 54.3483428955, 30.1139144897, 5.52605438232, 22.9160308838, 22.1358795166, 30.3201904297, 20.975692749, 32.5338363647, 50.0691986084, 92.86328125, 45.20545578, 26.3780670166], [-54.3821792603, 22.6043052673, 10.8944196701, 7.0727686882, 6.10012674332, 11.9196901321, 13.1322402954, 20.6686077118, 19.9759941101, 27.9610977173, 45.20545578, 84.4376602173, 44.6335601807], [-160.416687012, 76.496131897, -54.5746459961, -9.01089000702, -1.19260859489, -20.2646770477, -9.31579113007, 9.69102191925, 16.5630245209, 15.359210968, 26.3780670166, 44.6335601807, 85.5044708252]],
