{
"lowlevel": {
    "average_loudness": 0.88313049078,
    "barkbands_crest": {
        "dmean": 3.31657767296,
        "dmean2": 5.14804029465,
        "dvar": 7.9652466774,
        "dvar2": 19.5520343781,
        "max": 25.971868515,
        "mean": 10.2634744644,
        "median": 9.42721176147,
        "min": 2.17493391037,
        "var": 24.1884918213
    },
    "barkbands_flatness_db": {
        "dmean": 0.027045449242,
        "dmean2": 0.040799960494,
        "dvar": 0.00066588667687,
        "dvar2": 0.00153358676471,
        "max": 0.493867993355,
        "mean": 0.109179630876,
        "median": 0.0988444164395,
        "min": 0.0184512902051,
        "var": 0.00301317218691
    },
    "barkbands_kurtosis": {
        "dmean": 2.94443488121,
        "dmean2": 4.51860713959,
        "dvar": 37.8447799683,
        "dvar2": 76.255607605,
        "max": 325.16317749,
        "mean": 4.23223257065,
        "median": 1.12439727783,
        "min": -1.81165075302,
        "var": 172.310684204
    },
    "barkbands_skewness": {
        "dmean": 0.618369996548,
        "dmean2": 0.955202639103,
        "dvar": 0.435641825199,
        "dvar2": 0.940203845501,
        "max": 12.9240512848,
        "mean": 1.43714594841,
        "median": 1.22500133514,
        "min": -2.33539223671,
        "var": 1.61566770077
    },
    "barkbands_spread": {
        "dmean": 6.06704378128,
        "dmean2": 9.64316558838,
        "dvar": 39.1627883911,
        "dvar2": 92.779006958,
        "max": 105.742706299,
        "mean": 23.9382610321,
        "median": 23.5033569336,
        "min": 0.279457688332,
        "var": 117.585166931
    },
    "dissonance": {
        "dmean": 0.0178047530353,
        "dmean2": 0.0305219590664,
        "dvar": 0.000330020207912,
        "dvar2": 0.000900705519598,
        "max": 0.500000119209,
        "mean": 0.472546726465,
        "median": 0.477376252413,
        "min": 0.23490960896,
        "var": 0.000492809223942
    },
    "dynamic_complexity": 5.3667883873,
    "erbbands_crest": {
        "dmean": 2.45278954506,
        "dmean2": 3.96873903275,
        "dvar": 6.24132585526,
        "dvar2": 14.5818510056,
        "max": 31.604467392,
        "mean": 7.60168600082,
        "median": 6.51286458969,
        "min": 2.29237699509,
        "var": 14.9836568832
    },
    "erbbands_flatness_db": {
        "dmean": 0.0180187541991,
        "dmean2": 0.0266418289393,
        "dvar": 0.000357158045517,
        "dvar2": 0.000731023435947,
        "max": 0.479746043682,
        "mean": 0.134340137243,
        "median": 0.123047985137,
        "min": 0.0426631681621,
        "var": 0.00221663853154
    },
    "erbbands_kurtosis": {
        "dmean": 0.918625712395,
        "dmean2": 1.44464349747,
        "dvar": 8.43313217163,
        "dvar2": 16.8594150543,
        "max": 186.395355225,
        "mean": 0.713241577148,
        "median": -0.0490479469299,
        "min": -1.77156531811,
        "var": 39.5070075989
    },
    "erbbands_skewness": {
        "dmean": 0.335035383701,
        "dmean2": 0.52966594696,
        "dvar": 0.125363722444,
        "dvar2": 0.298611968756,
        "max": 9.05841255188,
        "mean": 0.311107099056,
        "median": 0.275202512741,
        "min": -2.49505567551,
        "var": 0.448661416769
    },
    "erbbands_spread": {
        "dmean": 7.95362615585,
        "dmean2": 12.1525688171,
        "dvar": 62.1259346008,
        "dvar2": 130.66394043,
        "max": 137.036590576,
        "mean": 36.8278274536,
        "median": 34.7943954468,
        "min": 0.639899849892,
        "var": 213.777801514
    },
    "hfc": {
        "dmean": 9.67098236084,
        "dmean2": 15.3101196289,
        "dvar": 195.002624512,
        "dvar2": 488.995513916,
        "max": 122.602081299,
        "mean": 20.4172382355,
        "median": 14.5514774323,
        "min": 1.06326106957e-16,
        "var": 393.150909424
    },
    "melbands_crest": {
        "dmean": 4.7456817627,
        "dmean2": 7.5655412674,
        "dvar": 18.6264362335,
        "dvar2": 43.2435493469,
        "max": 37.5835571289,
        "mean": 15.591594696,
        "median": 14.7821559906,
        "min": 1.54192125797,
        "var": 53.076789856
    },
    "melbands_flatness_db": {
        "dmean": 0.0347674116492,
        "dmean2": 0.052634883672,
        "dvar": 0.00115494511556,
        "dvar2": 0.00254956400022,
        "max": 0.585363388062,
        "mean": 0.177512198687,
        "median": 0.169943735003,
        "min": 0.00225480343215,
        "var": 0.00545451417565
    },
    "melbands_kurtosis": {
        "dmean": 7.64279651642,
        "dmean2": 11.6782255173,
        "dvar": 220.95640564,
        "dvar2": 446.146362305,
        "max": 403.619293213,
        "mean": 12.1513681412,
        "median": 5.461145401,
        "min": -1.67671561241,
        "var": 464.183807373
    },
    "melbands_skewness": {
        "dmean": 0.88657528162,
        "dmean2": 1.34933805466,
        "dvar": 0.979244112968,
        "dvar2": 2.0310049057,
        "max": 16.6429786682,
        "mean": 2.46853542328,
        "median": 2.10958170891,
        "min": -2.86233520508,
        "var": 3.12375879288
    },
    "melbands_spread": {
        "dmean": 8.68594551086,
        "dmean2": 14.0004243851,
        "dvar": 101.38180542,
        "dvar2": 234.122360229,
        "max": 192.295074463,
        "mean": 26.952753067,
        "median": 24.032201767,
        "min": 0.44311273098,
        "var": 400.313934326
    },
    "pitch_salience": {
        "dmean": 0.100369781256,
        "dmean2": 0.154372781515,
        "dvar": 0.00809707213193,
        "dvar2": 0.0182272400707,
        "max": 0.98984593153,
        "mean": 0.544004023075,
        "median": 0.556402564049,
        "min": 0.0589197985828,
        "var": 0.0233145598322
    },
    "silence_rate_20dB": {
        "dmean": 0,
        "dmean2": 0,
        "dvar": 0,
        "dvar2": 0,
        "max": 1,
        "mean": 1,
        "median": 1,
        "min": 1,
        "var": 0
    },
    "silence_rate_30dB": {
        "dmean": 0,
        "dmean2": 0,
        "dvar": 0,
        "dvar2": 0,
        "max": 1,
        "mean": 1,
        "median": 1,
        "min": 1,
        "var": 0
    },
    "silence_rate_60dB": {
        "dmean": 0.0446283966303,
        "dmean2": 0.0892648249865,
        "dvar": 0.0426337495446,
        "dvar2": 0.0987703353167,
        "max": 1,
        "mean": 0.160683766007,
        "median": 0,
        "min": 0,
        "var": 0.134867161512
    },
    "spectral_centroid": {
        "dmean": 316.746032715,
        "dmean2": 491.357971191,
        "dvar": 120607.601562,
        "dvar2": 270378.625,
        "max": 11696.1123047,
        "mean": 1629.40063477,
        "median": 1520.87365723,
        "min": 170.708084106,
        "var": 1351032.375
    },
    "spectral_complexity": {
        "dmean": 6.29026460648,
        "dmean2": 9.58121109009,
        "dvar": 41.3900680542,
        "dvar2": 89.9932403564,
        "max": 56,
        "mean": 19.1572647095,
        "median": 19,
        "min": 0,
        "var": 143.135299683
    },
    "spectral_decrease": {
        "dmean": 2.63329402728e-09,
        "dmean2": 4.02107991349e-09,
        "dvar": 1.02435888117e-17,
        "dvar2": 2.17711852729e-17,
        "max": 1.70531117851e-28,
        "mean": -6.86831658214e-09,
        "median": -5.75814862458e-09,
        "min": -2.91102448813e-08,
        "var": 3.25764206215e-17
    },
    "spectral_energy": {
        "dmean": 0.0105886589736,
        "dmean2": 0.0162094980478,
        "dvar": 0.000166275844094,
        "dvar2": 0.000355028227204,
        "max": 0.120151385665,
        "mean": 0.027774548158,
        "median": 0.0235502626747,
        "min": 9.85984103644e-21,
        "var": 0.000525267038029
    },
    "spectral_energyband_high": {
        "dmean": 0.000446988502517,
        "dmean2": 0.000706307007931,
        "dvar": 5.71906696223e-07,
        "dvar2": 1.38376424275e-06,
        "max": 0.00775732286274,
        "mean": 0.000923939223867,
        "median": 0.000508059863932,
        "min": 6.90245062671e-21,
        "var": 1.22308983919e-06
    },
    "spectral_energyband_low": {
        "dmean": 0.00638926727697,
        "dmean2": 0.00951262097806,
        "dvar": 7.38401140552e-05,
        "dvar2": 0.000150361927808,
        "max": 0.0855578035116,
        "mean": 0.0126273212954,
        "median": 0.00694035785273,
        "min": 1.38108261037e-23,
        "var": 0.000198633773834
    },
    "spectral_energyband_middle_high": {
        "dmean": 0.003604197409,
        "dmean2": 0.00600592279807,
        "dvar": 2.47982316068e-05,
        "dvar2": 6.43116072752e-05,
        "max": 0.0596985779703,
        "mean": 0.00647444976494,
        "median": 0.00437560584396,
        "min": 1.16864464682e-21,
        "var": 4.40329786215e-05
    },
    "spectral_energyband_middle_low": {
        "dmean": 0.00666816346347,
        "dmean2": 0.0109494933859,
        "dvar": 0.000146448801388,
        "dvar2": 0.000348253437551,
        "max": 0.0969864502549,
        "mean": 0.00890046358109,
        "median": 0.00532639445737,
        "min": 1.34936525861e-22,
        "var": 0.000151470099809
    },
    "spectral_entropy": {
        "dmean": 0.155129954219,
        "dmean2": 0.237528249621,
        "dvar": 0.0296260472387,
        "dvar2": 0.0693010687828,
        "max": 9.82165241241,
        "mean": 7.82301807404,
        "median": 7.88185071945,
        "min": 4.31611585617,
        "var": 0.211913645267
    },
    "spectral_flux": {
        "dmean": 0.0321804396808,
        "dmean2": 0.0446642041206,
        "dvar": 0.00113079010043,
        "dvar2": 0.0019669290632,
        "max": 0.303171336651,
        "mean": 0.0993976742029,
        "median": 0.0888412743807,
        "min": 6.33907509817e-11,
        "var": 0.00424797832966
    },
    "spectral_kurtosis": {
        "dmean": 1.34472954273,
        "dmean2": 2.1553747654,
        "dvar": 19.5794010162,
        "dvar2": 43.6354217529,
        "max": 278.660217285,
        "mean": 4.57259607315,
        "median": 3.51827955246,
        "min": -1.26556491852,
        "var": 61.9127120972
    },
    "spectral_rms": {
        "dmean": 0.000998924253508,
        "dmean2": 0.00149971817154,
        "dvar": 1.18142270367e-06,
        "dvar2": 2.38817187892e-06,
        "max": 0.0108268586919,
        "mean": 0.00458904402331,
        "median": 0.00479331472889,
        "min": 3.10150885009e-12,
        "var": 6.03783246333e-06
    },
    "spectral_rolloff": {
        "dmean": 544.715148926,
        "dmean2": 885.292114258,
        "dvar": 550385.5,
        "dvar2": 1089289,
        "max": 19638.28125,
        "mean": 1663.17443848,
        "median": 1248.92578125,
        "min": 43.06640625,
        "var": 5016703
    },
    "spectral_skewness": {
        "dmean": 0.187811166048,
        "dmean2": 0.295032173395,
        "dvar": 0.0739069283009,
        "dvar2": 0.166424795985,
        "max": 12.0765695572,
        "mean": 1.56798768044,
        "median": 1.49810707569,
        "min": -0.108024582267,
        "var": 0.399762660265
    },
    "spectral_spread": {
        "dmean": 498106.03125,
        "dmean2": 762980.5625,
        "dvar": 599558651904,
        "dvar2": 1.05771447091e+12,
        "max": 42715112,
        "mean": 5323510.5,
        "median": 5023748,
        "min": 326060.625,
        "var": 1.53234157076e+13
    },
    "spectral_strongpeak": {
        "dmean": 0.420440942049,
        "dmean2": 0.713661491871,
        "dvar": 0.558730661869,
        "dvar2": 1.39877402782,
        "max": 7.96919822693,
        "mean": 0.612613618374,
        "median": 0.34650477767,
        "min": 0,
        "var": 0.728681862354
    },
    "zerocrossingrate": {
        "dmean": 0.0111912796274,
        "dmean2": 0.0129918046296,
        "dvar": 0.000193582091015,
        "dvar2": 0.000216271073441,
        "max": 0.880859375,
        "mean": 0.0676726177335,
        "median": 0.0576171875,
        "min": 0.00341796875,
        "var": 0.00413453718647
    },
    "barkbands": {
        "dmean": [0.000406800361816, 0.00470771035179, 0.00362264364958, 0.00233776681125, 0.00292088859715, 0.00114088994451, 0.000812337442767, 0.000590678188019, 0.000975362141617, 0.00112311029807, 0.000650690344628, 0.000598769867793, 0.000495744810905, 0.000616297067609, 0.000389309570892, 0.000313579395879, 0.000299854145851, 0.000227844051551, 0.000157943693921, 0.000168497048435, 0.000140142496093, 9.2586808023e-05, 6.89101725584e-05, 6.24313033768e-05, 4.75394772366e-05, 2.24024915951e-05, 5.0597363952e-06],
        "dmean2": [0.000571318727452, 0.00657045189291, 0.00601245928556, 0.00415006186813, 0.0054191602394, 0.00197605416179, 0.001323216944, 0.00103156839032, 0.00159496441483, 0.00188635045197, 0.00109120144043, 0.000961580197327, 0.000832394522149, 0.00100377178751, 0.000673060421832, 0.000542661640793, 0.0005270037218, 0.000388167070923, 0.00026000852813, 0.000288877316052, 0.000233334401855, 0.000147865823237, 0.00010845658835, 9.92758650682e-05, 7.71586928749e-05, 3.53942559741e-05, 8.26780160423e-06],
        "dvar": [4.15238474716e-07, 4.64630065835e-05, 5.25888717675e-05, 3.4292042983e-05, 6.84448459651e-05, 4.24328345616e-06, 2.04014509109e-06, 1.25571148146e-06, 2.75386696558e-06, 4.29678721048e-06, 1.33987464324e-06, 1.36566109177e-06, 8.61795570017e-07, 1.29638556245e-06, 5.66642768263e-07, 2.63557410562e-07, 3.04141281049e-07, 1.25331908407e-07, 6.08296630844e-08, 7.66586794043e-08, 5.55934995816e-08, 2.13974562513e-08, 1.2513455161e-08, 1.10791305019e-08, 8.07082400911e-09, 1.28641752806e-09, 1.10246964335e-10],
        "dvar2": [7.83652751579e-07, 9.81146513368e-05, 0.00012701684318, 9.50630928855e-05, 0.000195197746507, 1.15621933219e-05, 4.9152572501e-06, 3.35666868523e-06, 6.67191125103e-06, 1.1034997442e-05, 3.30539705828e-06, 3.33011189468e-06, 2.0604452402e-06, 3.22756932292e-06, 1.50889638917e-06, 7.1188947004e-07, 8.42805718548e-07, 3.31635646944e-07, 1.51694266037e-07, 2.04959732741e-07, 1.43988046375e-07, 4.9345064923e-08, 2.86568262453e-08, 2.72172204774e-08, 2.09717896382e-08, 3.14999870632e-09, 2.86275725347e-10],
        "max": [0.00824907235801, 0.069504275918, 0.0455825477839, 0.0388699807227, 0.0721478909254, 0.0261603090912, 0.0255907420069, 0.0168644543737, 0.025963421911, 0.042259581387, 0.0270257722586, 0.0209434106946, 0.0188010558486, 0.0197496432811, 0.0163540523499, 0.00785074103624, 0.0065306359902, 0.0042752106674, 0.00419086171314, 0.00270616146736, 0.00266634649597, 0.00203156867065, 0.00146722909994, 0.00116620888002, 0.00108491152059, 0.000446489924798, 0.000202464303584],
        "mean": [0.000628127076197, 0.007837863639, 0.00315011618659, 0.00180436996743, 0.00220722216181, 0.00136532878969, 0.00128146307543, 0.000662562844809, 0.00134664133657, 0.00146942015272, 0.00082548049977, 0.000864864094183, 0.000607275287621, 0.000831728742924, 0.000454389868537, 0.000406089529861, 0.000375489762519, 0.000339950289344, 0.000267783005256, 0.000259040563833, 0.00023167571635, 0.000176393077709, 0.000133392954012, 0.000111446563096, 8.59909559949e-05, 4.37539747509e-05, 6.65568995828e-06],
        "median": [0.000165418838151, 0.00313585856929, 0.000747903599404, 0.000274394493317, 0.000504052091856, 0.000634487951174, 0.000475556647871, 0.00026120262919, 0.000475121982163, 0.000608732341789, 0.000300977291772, 0.000284974259557, 0.000249610195169, 0.000311487819999, 0.000200626658625, 0.000174413115019, 0.000155118992552, 0.000171626728843, 0.000140382093377, 0.000132591565489, 0.000121531476907, 8.842904208e-05, 6.09899288975e-05, 5.57490966457e-05, 4.61797171738e-05, 2.73922705674e-05, 2.30394243772e-06],
        "min": [2.05550626453e-25, 1.88923391001e-24, 6.14204635615e-25, 1.21041180411e-24, 1.12112217652e-23, 7.96480670477e-24, 5.23362588935e-24, 7.96492187846e-24, 1.18679066592e-23, 1.26819582597e-23, 1.21354078144e-23, 1.91821831628e-23, 3.54746552338e-23, 3.26903454253e-23, 3.49656632451e-23, 5.9799392661e-23, 5.48813813424e-23, 9.89740358877e-23, 1.21741293675e-22, 1.54562829824e-22, 2.40839411069e-22, 3.21786410172e-22, 3.66708971633e-22, 5.3889004421e-22, 8.39957836811e-22, 1.23451859662e-21, 1.94242364225e-21],
        "var": [9.85967176348e-07, 0.000109110340418, 4.68722391815e-05, 2.23888000619e-05, 4.02948062401e-05, 4.21947015639e-06, 4.51181676908e-06, 1.33335333885e-06, 4.70281020171e-06, 6.20009041086e-06, 2.21489131036e-06, 2.55959821516e-06, 1.23125334994e-06, 2.07493803828e-06, 6.20026753495e-07, 3.40626257866e-07, 3.36844010462e-07, 2.01478755457e-07, 1.20368127909e-07, 1.13261421575e-07, 8.87491680146e-08, 4.97129200028e-08, 3.12219192722e-08, 2.06205896802e-08, 1.2868538235e-08, 2.51714737942e-09, 1.34286373688e-10]
    },
    "erbbands": {
        "dmean": [0.185533300042, 1.00677132607, 3.45546579361, 5.97387361526, 8.88124465942, 9.78992462158, 9.91026496887, 8.66279983521, 13.0004472733, 8.43246173859, 16.4374980927, 18.1278133392, 32.236415863, 29.657793045, 21.5356426239, 21.3339118958, 22.3557777405, 26.1651973724, 24.5693740845, 18.9053153992, 17.7751502991, 18.5139026642, 12.2836513519, 9.23468875885, 8.35154056549, 6.91236829758, 6.04779958725, 5.26650333405, 3.58533883095, 2.68356823921, 1.92386031151, 1.45756101608, 0.988966464996, 0.600434720516, 0.31871971488, 0.121945388615, 0.0383759140968, 0.00895682163537, 0.000794568913989, 2.20817728405e-05],
        "dmean2": [0.249253630638, 1.39084100723, 5.42162847519, 9.91226482391, 15.9949378967, 18.3403606415, 17.9516601562, 14.7981109619, 21.0707149506, 14.5442762375, 28.1073207855, 30.159702301, 53.6848182678, 50.3560256958, 36.0803947449, 34.8894271851, 37.0765342712, 42.6665039062, 41.0699653625, 32.5150260925, 30.990655899, 32.4265670776, 20.8800792694, 15.3509883881, 14.0808353424, 11.6809434891, 10.1184387207, 8.78157997131, 5.76810026169, 4.25886440277, 3.0579097271, 2.3301589489, 1.58393537998, 0.992518603802, 0.51666110754, 0.194635570049, 0.0602063462138, 0.0141723267734, 0.00131079170387, 3.41203995049e-05],
        "dvar": [0.0778910815716, 2.33196878433, 40.7200508118, 171.927581787, 582.254699707, 799.909240723, 519.860473633, 214.264526367, 536.615783691, 242.343231201, 1046.57336426, 895.851196289, 3238.45629883, 2282.84057617, 1230.53540039, 1661.19287109, 1581.61486816, 2410.62280273, 1935.50512695, 1618.41149902, 967.504150391, 1145.89990234, 369.915374756, 201.852783203, 180.453918457, 124.712471008, 98.8987884521, 86.8188247681, 31.6199645996, 19.7724895477, 9.84753704071, 5.67670440674, 3.18123006821, 1.30582928658, 0.347601473331, 0.0390649028122, 0.00364293227904, 0.000231430240092, 2.94620690511e-06, 1.08138731303e-09],
        "dvar2": [0.160043492913, 4.61753702164, 90.6736297607, 434.539489746, 1626.53344727, 2298.94726562, 1461.58557129, 575.307556152, 1258.42541504, 630.36328125, 2692.33496094, 2278.67211914, 8218.87988281, 5845.00683594, 3044.14038086, 4198.26074219, 3756.93212891, 5895.64746094, 4938.68701172, 4360.4921875, 2624.30883789, 3167.04516602, 979.343383789, 516.406005859, 476.657684326, 326.828796387, 253.763000488, 227.778091431, 73.8869857788, 46.0776748657, 23.0251731873, 14.0200500488, 7.87036037445, 3.43475794792, 0.903125584126, 0.0980985611677, 0.00858122855425, 0.000575947982725, 7.70167844166e-06, 2.59828758509e-09],
        "max": [2.87393164635, 15.6816368103, 43.1132621765, 95.6749038696, 215.736541748, 246.772918701, 234.460113525, 190.951889038, 457.736633301, 284.68939209, 612.998840332, 494.648773193, 1061.49243164, 1038.74230957, 748.864440918, 766.216247559, 809.029724121, 771.593139648, 776.258361816, 1282.12512207, 362.890319824, 399.172546387, 244.667053223, 202.546127319, 188.418701172, 123.883483887, 112.248283386, 118.958480835, 68.6885452271, 51.9388427734, 38.8276062012, 24.1503200531, 23.5169239044, 13.8262691498, 7.22050333023, 2.52670526505, 0.66017562151, 0.226782396436, 0.0395919457078, 0.000625041197054],
        "mean": [0.301024317741, 1.46360516548, 3.41973233223, 5.41400003433, 6.85530614853, 7.07968044281, 9.40940380096, 11.1858444214, 20.8125247955, 11.2886352539, 19.973657608, 24.4414615631, 44.8065299988, 41.0269088745, 29.1425189972, 30.8314323425, 29.5082206726, 35.7721557617, 32.6254920959, 24.3601951599, 23.0497589111, 24.1817398071, 18.6557273865, 15.5548362732, 13.5650053024, 11.1221733093, 10.0178537369, 8.58077812195, 6.78328132629, 4.95265197754, 3.6786198616, 2.58280563354, 1.73673391342, 1.0433139801, 0.563483417034, 0.228884235024, 0.073532409966, 0.0157726258039, 0.00102608313318, 5.13942504767e-05],
        "median": [0.108346268535, 0.532431840897, 1.04218029976, 1.34198343754, 1.2195546627, 1.65267693996, 3.03670215607, 5.47789573669, 8.38688659668, 5.39422559738, 6.48673772812, 10.2316999435, 20.3673305511, 21.0018692017, 14.0353736877, 12.1543703079, 13.2764320374, 16.202375412, 13.5176868439, 12.2763834, 10.2428150177, 10.4363203049, 9.89773368835, 8.32074546814, 7.16150093079, 5.83081102371, 5.55055046082, 4.11767625809, 3.36456418037, 2.26568770409, 1.71035432816, 1.26578211784, 0.852062761784, 0.541276574135, 0.305569142103, 0.141063675284, 0.0455608516932, 0.00850499607623, 0.000343654886819, 4.10570210079e-05],
        "min": [7.69705342958e-23, 6.11541583983e-22, 1.20605659614e-21, 5.54696090447e-21, 6.85849211639e-21, 3.70103224276e-20, 2.32672642341e-20, 1.00899594517e-19, 8.25038214767e-20, 1.36644175511e-19, 2.68456711516e-19, 3.27536458255e-19, 6.07491833315e-19, 5.61871219871e-19, 9.49631467352e-19, 9.41381788308e-19, 1.92376712637e-18, 1.71265109191e-18, 1.69123176693e-18, 3.32900698678e-18, 3.58296012023e-18, 3.69052089683e-18, 5.17293650159e-18, 6.54199320726e-18, 7.82041697398e-18, 7.43190761106e-18, 9.86203934647e-18, 1.0037706866e-17, 1.13413865248e-17, 1.22812564337e-17, 1.09375015286e-17, 1.015391168e-17, 8.85979505625e-18, 7.92292698575e-18, 6.5962665952e-18, 4.08382128986e-18, 2.28143133785e-18, 9.20185388508e-19, 2.43279530868e-19, 2.68191293168e-20],
        "var": [0.186344712973, 4.68007850647, 44.9443778992, 141.567276001, 366.142669678, 458.339904785, 376.205047607, 244.131668091, 1215.05371094, 403.149536133, 1323.96142578, 1338.7701416, 4713.97119141, 3568.0949707, 2070.40942383, 2734.79516602, 2403.36279297, 3541.69726562, 2952.33251953, 1746.37243652, 1176.76940918, 1354.33251953, 594.105285645, 375.905395508, 298.62588501, 198.776473999, 158.570510864, 131.731842041, 74.1142501831, 43.9400405884, 23.2159023285, 10.9435491562, 5.4593091011, 2.01138472557, 0.540198743343, 0.0729940906167, 0.00731489993632, 0.000403510493925, 3.39911298397e-06, 2.32342234341e-09]
    },
    "gfcc": {
        "mean": [-23.581489563, 70.5199966431, -114.77104187, 23.839641571, -54.3340072632, 19.5893363953, -30.1476573944, 14.544836998, -22.3998165131, 9.06685829163, -15.8199281693, 5.96668767929, -9.46727085114],
        "cov": [[37499.2617188, -584.477722168, -1961.35949707, 1291.51196289, -324.100280762, 1366.51318359, -317.358215332, 836.838195801, -385.006072998, 306.181427002, -535.905212402, 474.542510986, -326.96383667], [-584.477722168, 1283.78393555, 159.278106689, 30.8245716095, 134.474746704, -43.1845245361, -4.01038265228, -130.994293213, -32.852596283, -110.024124146, 2.06708574295, -133.271499634, 6.63556575775], [-1961.35949707, 159.278106689, 1010.53662109, 139.960128784, 234.411254883, 118.580406189, 117.710609436, 62.2596740723, 48.2979354858, 1.87853336334, 12.0787439346, 8.93439388275, 5.09450340271], [1291.51196289, 30.8245716095, 139.960128784, 430.931427002, 138.955490112, 156.473709106, 73.4130859375, 68.14037323, 18.5822257996, -4.73798847198, -20.3698768616, -3.50250434875, -9.02434444427], [-324.100280762, 134.474746704, 234.411254883, 138.955490112, 303.394958496, 138.060256958, 113.209487915, 41.3990974426, 46.1484184265, 17.0461750031, 22.9096698761, -2.34109210968, -0.140639811754], [1366.51318359, -43.1845245361, 118.580406189, 156.473709106, 138.060256958, 248.776702881, 102.004623413, 120.337928772, 30.2149829865, 47.0658493042, -2.24656152725, 40.1216583252, -14.7869338989], [-317.358215332, -4.01038265228, 117.710609436, 73.4130859375, 113.209487915, 102.004623413, 172.589920044, 90.7562561035, 70.55027771, 22.4351711273, 36.8544120789, 29.4211235046, 22.5661525726], [836.838195801, -130.994293213, 62.2596740723, 68.14037323, 41.3990974426, 120.337928772, 90.7562561035, 173.775238037, 77.9466705322, 71.5121994019, 15.2030420303, 63.3593101501, 17.6061096191], [-385.006072998, -32.852596283, 48.2979354858, 18.5822257996, 46.1484184265, 30.2149829865, 70.55027771, 77.9466705322, 123.928421021, 65.2029876709, 51.0876998901, 25.9985466003, 22.80402565], [306.181427002, -110.024124146, 1.87853336334, -4.73798847198, 17.0461750031, 47.0658493042, 22.4351711273, 71.5121994019, 65.2029876709, 122.125686646, 60.0583763123, 52.0974006653, 6.88089609146], [-535.905212402, 2.06708574295, 12.0787439346, -20.3698768616, 22.9096698761, -2.24656152725, 36.8544120789, 15.2030420303, 51.0876998901, 60.0583763123, 101.025894165, 50.6635665894, 25.363986969], [474.542510986, -133.271499634, 8.93439388275, -3.50250434875, -2.34109210968, 40.1216583252, 29.4211235046, 63.3593101501, 25.9985466003, 52.0974006653, 50.6635665894, 110.184913635, 44.1913414001], [-326.96383667, 6.63556575775, 5.09450340271, -9.02434444427, -0.140639811754, -14.7869338989, 22.5661525726, 17.6061096191, 22.80402565, 6.88089609146, 25.363986969, 44.1913414001, 78.6606521606]],
        "icov": [[9.63949714787e-05, -0.000137459224788, 0.000227585362154, -0.000239792309003, 0.000126590399304, -0.000375298317522, 0.000276949256659, -0.000255846651271, 0.000201677263249, -0.00027686561225, 0.000693789042998, -0.000824212445877, 0.000482595700305], [-0.000137459224788, 0.00131873961072, -0.000432172062574, 0.000406519015087, -0.000596328405663, 0.000182328309165, 7.96458843979e-05, 0.000357223761966, -0.000108631662442, 0.00137600442395, -0.00246523460373, 0.00313215656206, -0.00173118128441], [0.000227585362154, -0.000432172062574, 0.00177756149787, -0.000657162978314, -0.000544254202396, -0.000717658665963, 0.000424426834797, -0.000824583577923, 0.000357358861947, -0.000439815747086, 0.00185661576688, -0.0023357339669, 0.00136726920027], [-0.000239792309003, 0.000406519015087, -0.000657162978314, 0.00387596688233, -0.00102352327667, -0.000917489174753, -0.000264713569777, 5.7749759435e-05, -0.000735480047297, 0.00181411928497, -0.00186117214616, 0.00286888051778, -0.00161214906257], [0.000126590399304, -0.000596328405663, -0.000544254202396, -0.00102352327667, 0.00689921993762, -0.0036249672994, -0.00223405077122, 0.0025132370647, -0.00100947602186, -0.00119833811186, 0.000600352184847, -0.000195374901523, 0.000217257358599], [-0.000375298317522, 0.000182328309165, -0.000717658665963, -0.000917489174753, -0.0036249672994, 0.0129331499338, -0.00434675719589, -0.00379108963534, 0.00291707413271, -0.00219931849279, 0.000655244046357, -0.00043932130211, 0.00226837862283], [0.000276949256659, 7.96458843979e-05, 0.000424426834797, -0.000264713569777, -0.00223405077122, -0.00434675719589, 0.0151650318876, -0.00663657998666, -0.00300576747395, 0.00634377449751, -0.00506293168291, 0.00059592659818, -0.000985430553555], [-0.000255846651271, 0.000357223761966, -0.000824583577923, 5.7749759435e-05, 0.0025132370647, -0.00379108963534, -0.00663657998666, 0.0208278987557, -0.00874616205692, -0.00579833146185, 0.0084170140326, -0.00588650768623, -0.000863878696691], [0.000201677263249, -0.000108631662442, 0.000357358861947, -0.000735480047297, -0.00100947602186, 0.00291707413271, -0.00300576747395, -0.00874616205692, 0.0202932674438, -0.00652185361832, -0.00476452661678, 0.00522746844217, -0.00260666687973], [-0.00027686561225, 0.00137600442395, -0.000439815747086, 0.00181411928497, -0.00119833811186, -0.00219931849279, 0.00634377449751, -0.00579833146185, -0.00652185361832, 0.02284476161, -0.0138945560902, 0.00197182013653, 0.00129688822199], [0.000693789042998, -0.00246523460373, 0.00185661576688, -0.00186117214616, 0.000600352184847, 0.000655244046357, -0.00506293168291, 0.0084170140326, -0.00476452661678, -0.0138945560902, 0.0324826426804, -0.019309764728, 0.00542169064283], [-0.000824212445877, 0.00313215656206, -0.0023357339669, 0.00286888051778, -0.000195374901523, -0.00043932130211, 0.00059592659818, -0.00588650768623, 0.00522746844217, 0.00197182013653, -0.019309764728, 0.0333419889212, -0.0163391083479], [0.000482595700305, -0.00173118128441, 0.00136726920027, -0.00161214906257, 0.000217257358599, 0.00226837862283, -0.000985430553555, -0.000863878696691, -0.00260666687973, 0.00129688822199, 0.00542169064283, -0.0163391083479, 0.0235674958676]]
    },
    "melbands": {
        "dmean": [0.0014049973106, 0.00141303543933, 0.00102383014746, 0.00068964716047, 0.000355137162842, 0.000203325573239, 0.000180876551894, 9.37366421567e-05, 0.000147534228745, 0.000122616736917, 0.00017041801766, 0.000130410495331, 8.09718549135e-05, 5.4990479839e-05, 6.78108990542e-05, 5.52244928258e-05, 4.84651027364e-05, 4.63872638647e-05, 3.13258533424e-05, 2.23223087232e-05, 2.04199568543e-05, 2.21218997467e-05, 1.06447241706e-05, 1.19944788821e-05, 7.49598257244e-06, 6.23923324383e-06, 6.8792314778e-06, 4.72131705465e-06, 4.22276161771e-06, 3.36386710842e-06, 3.08480821332e-06, 2.12859004023e-06, 1.83630095307e-06, 1.52458892444e-06, 1.18168998142e-06, 1.06556205992e-06, 8.80188508745e-07, 7.72582041009e-07, 5.44460931451e-07, 5.29410726813e-07],
        "dmean2": [0.00192583585158, 0.00204208423384, 0.00164587423205, 0.00127086823341, 0.000649371533655, 0.000346564862411, 0.000295087724226, 0.000163330478244, 0.000248781434493, 0.000203589894227, 0.000283263769234, 0.000220468253247, 0.000136498609209, 8.94861295819e-05, 0.000110067427158, 9.00838203961e-05, 7.91788115748e-05, 7.69317703089e-05, 5.39365137229e-05, 3.84847917303e-05, 3.57425487891e-05, 3.89502311009e-05, 1.82046514965e-05, 2.04675507121e-05, 1.24895823319e-05, 1.01881832961e-05, 1.19446558529e-05, 7.95443793322e-06, 7.16441354598e-06, 5.56118448003e-06, 5.20579669683e-06, 3.46362617165e-06, 2.92820345749e-06, 2.43476392825e-06, 1.89663455785e-06, 1.72744512383e-06, 1.4253896552e-06, 1.24775726817e-06, 8.85816007212e-07, 8.87499140845e-07],
        "dvar": [4.15097974837e-06, 5.30580655322e-06, 4.82566292703e-06, 3.83566521123e-06, 7.3951161994e-07, 1.13977101535e-07, 1.00641599943e-07, 2.82851626565e-08, 8.57660182874e-08, 4.50855850431e-08, 9.24805974023e-08, 4.40784191369e-08, 1.8888428599e-08, 1.27647901138e-08, 2.04410675053e-08, 1.41261295994e-08, 7.93403032162e-09, 8.74739392032e-09, 4.05624867028e-09, 1.65139180108e-09, 1.35852784577e-09, 1.76207226588e-09, 2.70463762497e-10, 3.83678033788e-10, 1.38634381752e-10, 9.47812522911e-11, 1.51072765409e-10, 6.11757450253e-11, 5.06399158717e-11, 3.27385202281e-11, 3.12329155594e-11, 1.13073109903e-11, 8.22045730098e-12, 6.66604228414e-12, 3.8147289147e-12, 2.92896501324e-12, 2.04377552208e-12, 2.12322390572e-12, 8.23421246552e-13, 1.07227258756e-12],
        "dvar2": [8.78356877365e-06, 1.03666552604e-05, 1.15111279229e-05, 1.09023003461e-05, 2.09512450056e-06, 3.06821164031e-07, 2.40878193836e-07, 7.3547738566e-08, 2.12771780639e-07, 1.13838169113e-07, 2.33884577483e-07, 1.12831337162e-07, 4.68575755974e-08, 2.95523410188e-08, 4.93759451103e-08, 3.20365565187e-08, 1.94990104063e-08, 2.21178222404e-08, 1.07275868189e-08, 4.43176828568e-09, 3.66589070211e-09, 4.91517893053e-09, 7.10230485534e-10, 1.02441854999e-09, 3.5348171612e-10, 2.36893477057e-10, 4.14998674314e-10, 1.58641932924e-10, 1.34084909842e-10, 8.0824021087e-11, 8.39056255031e-11, 2.73842701987e-11, 1.91657453796e-11, 1.58160706754e-11, 9.23642152345e-12, 7.17744136694e-12, 5.08321509884e-12, 5.33684034465e-12, 2.0478952735e-12, 2.85704749789e-12],
        "max": [0.020393576473, 0.0218703318387, 0.0156641155481, 0.0184013396502, 0.00736492313445, 0.00406834948808, 0.00605530990288, 0.00266094296239, 0.00634385179728, 0.00327976676635, 0.00582718010992, 0.00383637961932, 0.00315310712904, 0.002206225181, 0.00300057209097, 0.00253585493192, 0.00130932731554, 0.00181672396138, 0.00169192336034, 0.00126525724772, 0.000418266310589, 0.000499227549881, 0.000174410015461, 0.0003144176153, 0.000189908198081, 0.000145135942148, 0.000173418782651, 0.000103947939351, 0.000103361315269, 9.79897449724e-05, 6.97080322425e-05, 4.54355067632e-05, 3.67034335795e-05, 3.43989595422e-05, 2.69562915491e-05, 2.626641799e-05, 1.79582457349e-05, 2.12025934161e-05, 1.21546863738e-05, 1.38671175591e-05],
        "mean": [0.00238431268372, 0.00185225927271, 0.000984592246823, 0.000515494728461, 0.000316072662827, 0.000273670477327, 0.000288777140668, 0.000114523652883, 0.000180545030162, 0.000163247357705, 0.00023498905648, 0.00017955560179, 0.000104791906779, 7.74034415372e-05, 8.85191911948e-05, 6.83684265823e-05, 6.52113449178e-05, 5.89821393078e-05, 3.68941873603e-05, 2.85839741991e-05, 2.45330920734e-05, 2.70660748356e-05, 1.50484256665e-05, 1.73326588992e-05, 1.20011391118e-05, 1.03286729427e-05, 9.29268117034e-06, 7.13389181328e-06, 6.57667760606e-06, 5.37116693522e-06, 4.69960286864e-06, 3.8098398818e-06, 3.2495368032e-06, 2.62732055489e-06, 2.15588306673e-06, 1.82194264653e-06, 1.48175058712e-06, 1.26713257487e-06, 9.72487782747e-07, 8.49074353937e-07],
        "median": [0.000967846717685, 0.000712003675289, 0.000265141250566, 9.87054809229e-05, 0.000101544581412, 0.000140303542139, 0.000118750198453, 4.47383936262e-05, 5.13554987265e-05, 6.11995565123e-05, 0.000101559715404, 8.88515787665e-05, 4.46748636023e-05, 2.89253894152e-05, 2.67506293312e-05, 2.27720574912e-05, 2.76861264865e-05, 1.89945949387e-05, 1.54667941388e-05, 1.33509765874e-05, 9.64101309364e-06, 1.0046922398e-05, 7.89236764831e-06, 8.42738063511e-06, 5.9882631831e-06, 5.28268219568e-06, 4.11463634009e-06, 3.50609479938e-06, 3.44449244949e-06, 2.8182312235e-06, 2.04345633392e-06, 1.84590339813e-06, 1.54122210461e-06, 1.09436632556e-06, 9.5895393315e-07, 8.21861704026e-07, 7.11649590812e-07, 5.9662448848e-07, 4.92135882268e-07, 4.27668084058e-07],
        "min": [5.76301791967e-25, 1.16037218752e-24, 8.67523945322e-25, 1.74292545564e-24, 7.43237627806e-25, 2.14803511276e-24, 1.36472818274e-24, 1.05498668147e-24, 2.60932961291e-24, 1.54951263751e-24, 2.56031827652e-24, 2.09559085092e-24, 2.40961941678e-24, 2.85585613997e-24, 2.54565453558e-24, 3.57246231665e-24, 2.42088336443e-24, 2.08778053631e-24, 2.49540942073e-24, 4.74411482069e-24, 3.29430936983e-24, 3.36824121665e-24, 4.08575596388e-24, 4.14289670912e-24, 4.76430532113e-24, 3.95157151276e-24, 5.21480209043e-24, 4.12780303899e-24, 5.15385193588e-24, 4.83081733949e-24, 4.10229206618e-24, 5.78146336118e-24, 5.25225996722e-24, 5.7439719578e-24, 5.74372386105e-24, 5.39901570572e-24, 4.90586877715e-24, 5.23440449506e-24, 6.5622368644e-24, 6.21092909875e-24],
        "var": [1.02537333078e-05, 8.67052494868e-06, 4.41718293587e-06, 2.2862905098e-06, 4.86963983803e-07, 1.32993235979e-07, 2.18941934804e-07, 4.3549508888e-08, 1.233831739e-07, 6.6987468017e-08, 1.36961247676e-07, 6.95502180292e-08, 2.96592386206e-08, 2.57947032622e-08, 3.38169172664e-08, 2.17375895062e-08, 1.17364118424e-08, 1.34350459646e-08, 4.65350158407e-09, 1.96333682645e-09, 1.5759608063e-09, 1.99473459972e-09, 3.8824851667e-10, 5.82289660933e-10, 2.5343852017e-10, 1.8696386106e-10, 1.93689661532e-10, 9.69174601684e-11, 7.75556285859e-11, 4.96326417465e-11, 4.43021140606e-11, 2.42616014084e-11, 1.85176752404e-11, 1.37216141227e-11, 8.31105149979e-12, 5.84463900888e-12, 3.7457311558e-12, 3.19446053811e-12, 1.62127884902e-12, 1.45930034549e-12]
    },
    "mfcc": {
        "mean": [-653.415100098, 102.497764587, -3.20320129395, 13.1951475143, 0.165917396545, 7.20495462418, 4.77098035812, 5.72317934036, 3.88413071632, 3.37141776085, 1.16799080372, 0.323766857386, -0.686625599861],
        "cov": [[16314.8896484, 1038.54711914, -353.648468018, 196.158630371, 117.223228455, 290.855194092, 150.956542969, 443.226776123, 257.032897949, 214.583221436, 62.5016212463, 43.4445762634, 50.3789520264], [1038.54711914, 1026.1270752, 119.811630249, 73.6142883301, 103.582252502, 74.2380752563, 70.8810882568, 9.30475234985, 8.03848552704, -16.9219551086, -7.65853023529, -21.5799407959, -17.3240966797], [-353.648468018, 119.811630249, 574.478027344, 150.291656494, 167.365829468, 101.364402771, 93.9247817993, 87.7006454468, 63.5244407654, 30.3037071228, 14.7941741943, 9.08930492401, 11.0050401688], [196.158630371, 73.6142883301, 150.291656494, 218.219024658, 109.535293579, 74.6969680786, 58.7411384583, 51.0093002319, 41.3069114685, 24.3055210114, 6.55675411224, 8.65397930145, 6.42239570618], [117.223228455, 103.582252502, 167.365829468, 109.535293579, 184.366165161, 99.1609802246, 65.7529220581, 50.5042304993, 43.5079612732, 32.563785553, 29.6432285309, 16.6290950775, 20.4787807465], [290.855194092, 74.2380752563, 101.364402771, 74.6969680786, 99.1609802246, 129.542602539, 82.0689315796, 58.19921875, 34.9271316528, 33.0346260071, 30.4663944244, 17.5852184296, 15.3237104416], [150.956542969, 70.8810882568, 93.9247817993, 58.7411384583, 65.7529220581, 82.0689315796, 118.252967834, 79.4150619507, 47.5306243896, 28.7595825195, 30.8888149261, 24.8776073456, 23.3578681946], [443.226776123, 9.30475234985, 87.7006454468, 51.0093002319, 50.5042304993, 58.19921875, 79.4150619507, 134.657073975, 83.0996017456, 41.9402427673, 25.4014720917, 29.1315631866, 31.2513751984], [257.032897949, 8.03848552704, 63.5244407654, 41.3069114685, 43.5079612732, 34.9271316528, 47.5306243896, 83.0996017456, 112.002044678, 62.681842804, 27.7974739075, 21.7275161743, 27.6522006989], [214.583221436, -16.9219551086, 30.3037071228, 24.3055210114, 32.563785553, 33.0346260071, 28.7595825195, 41.9402427673, 62.681842804, 96.4122085571, 56.462097168, 20.8859729767, 15.3972787857], [62.5016212463, -7.65853023529, 14.7941741943, 6.55675411224, 29.6432285309, 30.4663944244, 30.8888149261, 25.4014720917, 27.7974739075, 56.462097168, 90.1281356812, 51.078414917, 24.4640636444], [43.4445762634, -21.5799407959, 9.08930492401, 8.65397930145, 16.6290950775, 17.5852184296, 24.8776073456, 29.1315631866, 21.7275161743, 20.8859729767, 51.078414917, 85.3527908325, 53.1894111633], [50.3789520264, -17.3240966797, 11.0050401688, 6.42239570618, 20.4787807465, 15.3237104416, 23.3578681946, 31.2513751984, 27.6522006989, 15.3972787857, 24.4640636444, 53.1894111633, 88.8205947876]],
