{
"lowlevel": {
    "average_loudness": 0.77658444643,
    "barkbands_crest": {
        "dmean": 2.48383569717,
        "dmean2": 3.74235343933,
        "dvar": 6.59594202042,
        "dvar2": 14.351682663,
        "max": 26.3617610931,
        "mean": 11.2694263458,
        "median": 10.0757331848,
        "min": 2.1431145668,
        "var": 27.1000995636
    },
    "barkbands_flatness_db": {
        "dmean": 0.0234054196626,
        "dmean2": 0.034189324826,
        "dvar": 0.000687748601194,
        "dvar2": 0.00143474049401,
        "max": 0.548273682594,
        "mean": 0.179588273168,
        "median": 0.163972094655,
        "min": 0.0282253902406,
        "var": 0.00843557156622
    },
    "barkbands_kurtosis": {
        "dmean": 2.00750827789,
        "dmean2": 3.04059648514,
        "dvar": 19.1022415161,
        "dvar2": 34.6838684082,
        "max": 174.761703491,
        "mean": 3.40037345886,
        "median": 0.77587223053,
        "min": -1.84659194946,
        "var": 69.1085662842
    },
    "barkbands_skewness": {
        "dmean": 0.442532420158,
        "dmean2": 0.658862709999,
        "dvar": 0.297908723354,
        "dvar2": 0.537707388401,
        "max": 12.0904893875,
        "mean": 1.18468284607,
        "median": 0.904809653759,
        "min": -3.87967705727,
        "var": 1.47808158398
    },
    "barkbands_spread": {
        "dmean": 3.82825827599,
        "dmean2": 6.02949905396,
        "dvar": 23.4496021271,
        "dvar2": 54.5165901184,
        "max": 68.6326141357,
        "mean": 17.3024597168,
        "median": 15.3003873825,
        "min": 0.5068141222,
        "var": 109.739723206
    },
    "dissonance": {
        "dmean": 0.0235212463886,
        "dmean2": 0.0398258306086,
        "dvar": 0.000665710773319,
        "dvar2": 0.00184445141349,
        "max": 0.500000119209,
        "mean": 0.452748596668,
        "median": 0.467408269644,
        "min": 0.185917407274,
        "var": 0.0020751322154
    },
    "dynamic_complexity": 5.66928911209,
    "erbbands_crest": {
        "dmean": 2.83736276627,
        "dmean2": 4.48155784607,
        "dvar": 7.93944406509,
        "dvar2": 18.1382350922,
        "max": 32.8463554382,
        "mean": 12.0995092392,
        "median": 10.6601858139,
        "min": 2.57075572014,
        "var": 34.7778778076
    },
    "erbbands_flatness_db": {
        "dmean": 0.0182435940951,
        "dmean2": 0.0267491396517,
        "dvar": 0.000370091613149,
        "dvar2": 0.000790286518168,
        "max": 0.534721970558,
        "mean": 0.222110107541,
        "median": 0.207571610808,
        "min": 0.0652838423848,
        "var": 0.00678118271753
    },
    "erbbands_kurtosis": {
        "dmean": 1.2499628067,
        "dmean2": 1.89996802807,
        "dvar": 5.73443174362,
        "dvar2": 11.4663763046,
        "max": 94.0689086914,
        "mean": 1.98853588104,
        "median": 0.695022344589,
        "min": -1.70807993412,
        "var": 23.0663318634
    },
    "erbbands_skewness": {
        "dmean": 0.331379354,
        "dmean2": 0.498974770308,
        "dvar": 0.121036536992,
        "dvar2": 0.254003942013,
        "max": 7.68976306915,
        "mean": 0.60948818922,
        "median": 0.510757088661,
        "min": -5.06634950638,
        "var": 0.732461333275
    },
    "erbbands_spread": {
        "dmean": 5.05606555939,
        "dmean2": 7.68515396118,
        "dvar": 38.633605957,
        "dvar2": 83.4447555542,
        "max": 107.716049194,
        "mean": 22.8758106232,
        "median": 20.7005615234,
        "min": 0.829815030098,
        "var": 150.95690918
    },
    "hfc": {
        "dmean": 5.72646856308,
        "dmean2": 8.24856948853,
        "dvar": 81.84375,
        "dvar2": 184.19833374,
        "max": 108.817687988,
        "mean": 21.3596458435,
        "median": 13.4289827347,
        "min": 1.20651717114e-16,
        "var": 498.357086182
    },
    "melbands_crest": {
        "dmean": 2.7492172718,
        "dmean2": 4.37444877625,
        "dvar": 9.73233222961,
        "dvar2": 21.7233982086,
        "max": 32.9533729553,
        "mean": 14.025935173,
        "median": 12.5649871826,
        "min": 1.9696842432,
        "var": 37.4059181213
    },
    "melbands_flatness_db": {
        "dmean": 0.0281018428504,
        "dmean2": 0.0404974967241,
        "dvar": 0.00114765088074,
        "dvar2": 0.00239046709612,
        "max": 0.570317685604,
        "mean": 0.217893019319,
        "median": 0.20592597127,
        "min": 0.00493192765862,
        "var": 0.00877709221095
    },
    "melbands_kurtosis": {
        "dmean": 3.9890832901,
        "dmean2": 5.94493293762,
        "dvar": 84.2720718384,
        "dvar2": 160.408889771,
        "max": 420.611450195,
        "mean": 7.76589775085,
        "median": 2.95839309692,
        "min": -1.89537739754,
        "var": 261.054046631
    },
    "melbands_skewness": {
        "dmean": 0.558688223362,
        "dmean2": 0.826037347317,
        "dvar": 0.530471742153,
        "dvar2": 0.938829660416,
        "max": 16.7746372223,
        "mean": 1.78285527229,
        "median": 1.41259396076,
        "min": -3.16564655304,
        "var": 2.26894950867
    },
    "melbands_spread": {
        "dmean": 5.46190595627,
        "dmean2": 8.52421283722,
        "dvar": 56.6433486938,
        "dvar2": 126.525375366,
        "max": 143.366043091,
        "mean": 22.7458610535,
        "median": 19.7392349243,
        "min": 0.745874464512,
        "var": 229.689224243
    },
    "pitch_salience": {
        "dmean": 0.0671262592077,
        "dmean2": 0.105375930667,
        "dvar": 0.00607475265861,
        "dvar2": 0.0140014467761,
        "max": 0.873353779316,
        "mean": 0.506505846977,
        "median": 0.514722287655,
        "min": 0.0474223531783,
        "var": 0.0187924914062
    },
    "silence_rate_20dB": {
        "dmean": 0,
        "dmean2": 0,
        "dvar": 0,
        "dvar2": 0,
        "max": 1,
        "mean": 1,
        "median": 1,
        "min": 1,
        "var": 0
    },
    "silence_rate_30dB": {
        "dmean": 0.000245760631515,
        "dmean2": 0.000491581682581,
        "dvar": 0.000245725444984,
        "dvar2": 0.000491338665597,
        "max": 1,
        "mean": 0.99975425005,
        "median": 1,
        "min": 0,
        "var": 0.000245695264312
    },
    "silence_rate_60dB": {
        "dmean": 0.0216269362718,
        "dmean2": 0.0432591848075,
        "dvar": 0.0211619976908,
        "dvar2": 0.0453150235116,
        "max": 1,
        "mean": 0.256911158562,
        "median": 0,
        "min": 0,
        "var": 0.190894246101
    },
    "spectral_centroid": {
        "dmean": 206.843460083,
        "dmean2": 318.169036865,
        "dvar": 84419.125,
        "dvar2": 198143.765625,
        "max": 10366.1386719,
        "mean": 1335.24267578,
        "median": 1233.25976562,
        "min": 175.175445557,
        "var": 340283.78125
    },
    "spectral_complexity": {
        "dmean": 3.39247965813,
        "dmean2": 5.17340564728,
        "dvar": 20.1655254364,
        "dvar2": 43.1710357666,
        "max": 56,
        "mean": 17.9922599792,
        "median": 17,
        "min": 0,
        "var": 165.277206421
    },
    "spectral_decrease": {
        "dmean": 1.41138312149e-09,
        "dmean2": 2.03241734553e-09,
        "dvar": 5.1873315122e-18,
        "dvar2": 9.53130275907e-18,
        "max": 6.91498345592e-29,
        "mean": -5.71658231863e-09,
        "median": -4.41060299394e-09,
        "min": -2.93086444003e-08,
        "var": 2.86255611705e-17
    },
    "spectral_energy": {
        "dmean": 0.00560224382207,
        "dmean2": 0.00804735720158,
        "dvar": 7.54487118684e-05,
        "dvar2": 0.000139039882924,
        "max": 0.111866533756,
        "mean": 0.0235131178051,
        "median": 0.0183654855937,
        "min": 1.06824883115e-20,
        "var": 0.000464103766717
    },
    "spectral_energyband_high": {
        "dmean": 0.000386535160942,
        "dmean2": 0.000597678124905,
        "dvar": 6.74318073379e-07,
        "dvar2": 1.69789177562e-06,
        "max": 0.00941136665642,
        "mean": 0.00076854438521,
        "median": 0.000153969696839,
        "min": 7.57362529886e-21,
        "var": 1.55900875143e-06
    },
    "spectral_energyband_low": {
        "dmean": 0.00357795786113,
        "dmean2": 0.00526558421552,
        "dvar": 7.75902735768e-05,
        "dvar2": 0.00012887486082,
        "max": 0.108361572027,
        "mean": 0.00803802348673,
        "median": 0.00132865272462,
        "min": 3.42851034758e-23,
        "var": 0.000218260582187
    },
    "spectral_energyband_middle_high": {
        "dmean": 0.00254098651931,
        "dmean2": 0.00374553585425,
        "dvar": 1.4018713955e-05,
        "dvar2": 3.08229755319e-05,
        "max": 0.0535431988537,
        "mean": 0.00807889923453,
        "median": 0.00454143388197,
        "min": 1.63334092188e-21,
        "var": 8.12554208096e-05
    },
    "spectral_energyband_middle_low": {
        "dmean": 0.00282636866905,
        "dmean2": 0.00441831396893,
        "dvar": 2.94058791042e-05,
        "dvar2": 7.86313394201e-05,
        "max": 0.0556767396629,
        "mean": 0.00740789249539,
        "median": 0.00465014297515,
        "min": 3.40260371369e-22,
        "var": 6.55452822684e-05
    },
    "spectral_entropy": {
        "dmean": 0.184248164296,
        "dmean2": 0.276346057653,
        "dvar": 0.0580433271825,
        "dvar2": 0.134669229388,
        "max": 9.80348587036,
        "mean": 7.31476402283,
        "median": 7.46507787704,
        "min": 4.69331455231,
        "var": 0.456117391586
    },
    "spectral_flux": {
        "dmean": 0.0199700612575,
        "dmean2": 0.0299339257181,
        "dvar": 0.000657416007016,
        "dvar2": 0.00133305904455,
        "max": 0.311483502388,
        "mean": 0.0667167976499,
        "median": 0.0585229583085,
        "min": 1.03356122272e-10,
        "var": 0.00315386289731
    },
    "spectral_kurtosis": {
        "dmean": 2.9921836853,
        "dmean2": 5.08604669571,
        "dvar": 30.2958564758,
        "dvar2": 84.4188995361,
        "max": 136.655349731,
        "mean": 7.72338533401,
        "median": 5.15876579285,
        "min": -1.20650553703,
        "var": 67.4436264038
    },
    "spectral_rms": {
        "dmean": 0.000520109548233,
        "dmean2": 0.000739520590287,
        "dvar": 4.80803862501e-07,
        "dvar2": 9.15042733141e-07,
        "max": 0.0104469172657,
        "mean": 0.00411845231429,
        "median": 0.00423291232437,
        "min": 3.22830282472e-12,
        "var": 5.97798225499e-06
    },
    "spectral_rolloff": {
        "dmean": 393.866210938,
        "dmean2": 660.98223877,
        "dvar": 516449.4375,
        "dvar2": 1272586,
        "max": 19056.8847656,
        "mean": 1542.41442871,
        "median": 1313.52539062,
        "min": 64.599609375,
        "var": 1711864.5
    },
    "spectral_skewness": {
        "dmean": 0.307170510292,
        "dmean2": 0.505789518356,
        "dvar": 0.165685132146,
        "dvar2": 0.45452490449,
        "max": 9.43469524384,
        "mean": 1.98320817947,
        "median": 1.78926575184,
        "min": 0.0971899405122,
        "var": 0.546634912491
    },
    "spectral_spread": {
        "dmean": 423135.625,
        "dmean2": 654564.875,
        "dvar": 355575234560,
        "dvar2": 634038910976,
        "max": 41350044,
        "mean": 3961547.5,
        "median": 3965075,
        "min": 674240.1875,
        "var": 2.09553955226e+12
    },
    "spectral_strongpeak": {
        "dmean": 0.655490577221,
        "dmean2": 1.09383583069,
        "dvar": 1.25081276894,
        "dvar2": 3.04406857491,
        "max": 11.7053995132,
        "mean": 1.29638648033,
        "median": 0.605619370937,
        "min": 0,
        "var": 2.49515104294
    },
    "zerocrossingrate": {
        "dmean": 0.00858074240386,
        "dmean2": 0.0103553794324,
        "dvar": 0.000120141383377,
        "dvar2": 0.000144713441841,
        "max": 0.861328125,
        "mean": 0.0599302686751,
        "median": 0.05322265625,
        "min": 0.00390625,
        "var": 0.00246674241498
    },
    "barkbands": {
        "dmean": [5.67861534364e-05, 0.00302534899674, 0.00133694859687, 0.00109813187737, 0.000448949169368, 0.000443591125077, 0.000645441643428, 0.000627494591754, 0.000832951511256, 0.000783087278251, 0.000777280831244, 0.000565371767152, 0.000806249852758, 0.000361128302757, 0.000395389244659, 0.000232701117056, 0.000311262498144, 0.000243410861003, 0.000143294280861, 0.000111882021884, 0.000126153361634, 0.000103634098195, 7.67833989812e-05, 4.97049513797e-05, 4.19210700784e-05, 1.46620877786e-05, 2.37713152273e-06],
        "dmean2": [9.31221511564e-05, 0.00438172835857, 0.00202356488444, 0.00196319981478, 0.000763082120102, 0.000689378124662, 0.000968356442172, 0.000953870126978, 0.00125025038142, 0.00121930765454, 0.00124893931206, 0.000889811082743, 0.00123868125957, 0.00055194896413, 0.000614904274698, 0.000373989139916, 0.000473174033687, 0.000386863015592, 0.00022831048409, 0.000179778275196, 0.000207264834899, 0.00017057050718, 0.000120776458061, 7.85655502114e-05, 6.56007832731e-05, 2.29754095926e-05, 3.72104909729e-06],
        "dvar": [3.37685754914e-08, 6.1787191953e-05, 2.3661807063e-05, 2.08586498047e-05, 1.38841767239e-06, 6.99120391801e-07, 1.36303560794e-06, 1.9484382392e-06, 3.02613057102e-06, 3.7213651467e-06, 2.93633752335e-06, 2.59766807176e-06, 4.41013753516e-06, 7.9859643165e-07, 5.76274885589e-07, 3.4255597825e-07, 5.62882121358e-07, 4.14672001625e-07, 7.62650671504e-08, 4.58451516749e-08, 7.96277959125e-08, 5.86555977122e-08, 2.74467559791e-08, 1.07706119579e-08, 1.02887209863e-08, 1.25889343394e-09, 6.91100995875e-11],
        "dvar2": [9.08436916802e-08, 9.70415421762e-05, 4.83351723233e-05, 5.90531817579e-05, 3.74894352717e-06, 1.66555878423e-06, 2.87351031147e-06, 4.0921981963e-06, 6.30500608167e-06, 8.52628727444e-06, 7.01124417901e-06, 5.27481051904e-06, 1.04784685391e-05, 1.72049385583e-06, 1.36430719522e-06, 8.93450305739e-07, 1.33175183237e-06, 1.02814919956e-06, 1.81497810559e-07, 1.10118605789e-07, 2.12765996821e-07, 1.56437650389e-07, 6.55860148413e-08, 2.64754440593e-08, 2.45045228553e-08, 3.07043124259e-09, 1.41189837599e-10],
        "max": [0.00644648168236, 0.102507948875, 0.0667142271996, 0.042160063982, 0.0173258278519, 0.0176429115236, 0.0318276137114, 0.0376705080271, 0.051200337708, 0.0462311767042, 0.0381613485515, 0.0492458567023, 0.0416038446128, 0.0299271028489, 0.0157886147499, 0.01546358224, 0.0163655560464, 0.01196545735, 0.00482261739671, 0.00389591883868, 0.00275938794948, 0.00378467701375, 0.00330362166278, 0.00164952257182, 0.00148424098734, 0.000432495144196, 0.000256457482465],
        "mean": [6.32311493973e-05, 0.00605353247374, 0.00132966181263, 0.000949405017309, 0.0006086541689, 0.000948560424149, 0.00153379933909, 0.00120053475257, 0.00178322405554, 0.00143689487595, 0.00137389765587, 0.00103378028143, 0.00140747101977, 0.000629359390587, 0.00075588200707, 0.000373173272237, 0.000573413970415, 0.00035884679528, 0.000234231294598, 0.00018089178775, 0.000204682539334, 0.000158552866196, 0.000129404477775, 8.6557258328e-05, 7.89007317508e-05, 2.34097715293e-05, 3.15500983561e-06],
        "median": [4.53935717815e-06, 0.000369884393876, 4.43035423814e-05, 2.82815944956e-05, 0.000145979778608, 0.000325571250869, 0.000617557088844, 0.0003315260401, 0.000630283378996, 0.000413951114751, 0.000435718568042, 0.000279816478724, 0.000355198339093, 0.000168471771758, 0.000243564063567, 0.000120765493193, 0.000184917691513, 9.95329537545e-05, 6.40451762592e-05, 4.4868549594e-05, 4.12703520851e-05, 2.77285544144e-05, 1.93885553017e-05, 1.11360359369e-05, 9.15643249755e-06, 2.93508514915e-06, 1.55718169026e-07],
        "min": [6.36410734831e-24, 7.22790017876e-24, 1.8015383731e-23, 3.44870463455e-24, 7.19762874593e-23, 6.02014655981e-23, 5.67420202279e-23, 6.34009339683e-23, 5.86969627014e-23, 4.51781997261e-23, 1.2258356993e-22, 6.40491567514e-23, 1.86644162009e-22, 1.47144167302e-22, 1.0985953383e-22, 1.61470159019e-22, 1.77963019115e-22, 2.30699203666e-22, 2.29703699069e-22, 4.2237230977e-22, 5.12714604389e-22, 5.44157110702e-22, 5.00073341886e-22, 6.15069571899e-22, 9.55187822088e-22, 1.81793417175e-21, 2.65249700777e-21],
        "var": [3.04905967141e-08, 0.000131261302158, 2.61911991402e-05, 1.34245537993e-05, 1.49614345446e-06, 2.78044990409e-06, 5.81212952966e-06, 6.16025545241e-06, 1.02830381365e-05, 1.03863685581e-05, 6.7060436777e-06, 7.66185166867e-06, 1.11580529847e-05, 2.34191179516e-06, 1.5342475308e-06, 4.80130836422e-07, 1.21574407785e-06, 5.49277558548e-07, 1.584951832e-07, 8.71573320183e-08, 1.22914215694e-07, 8.62827178594e-08, 6.06758163713e-08, 2.47585347779e-08, 2.68133693027e-08, 2.1638923986e-09, 1.2613098066e-10]
    },
    "erbbands": {
        "dmean": [0.0795950442553, 0.732322573662, 1.48760926723, 3.24474978447, 2.09476828575, 1.43963336945, 2.35162687302, 3.93695831299, 6.97188472748, 12.003455162, 16.2049999237, 20.318063736, 18.2871246338, 25.371213913, 25.6701793671, 28.0170822144, 38.496547699, 21.6274242401, 16.6064548492, 19.3895778656, 14.6278591156, 13.6157722473, 12.1869602203, 8.30404663086, 7.02263259888, 5.6738743782, 5.26728487015, 4.94157791138, 3.92980670929, 2.83131122589, 2.03240823746, 1.2191722393, 0.769241511822, 0.553916394711, 0.266770064831, 0.0865388289094, 0.0233950167894, 0.00491648167372, 0.00034080966725, 1.0493150512e-05],
        "dmean2": [0.117211692035, 1.08470773697, 2.00716519356, 5.65408802032, 3.59021306038, 2.46309781075, 3.7743537426, 6.16361427307, 10.2812404633, 18.4953670502, 24.128118515, 30.2811393738, 27.4912223816, 39.7711868286, 41.1997070312, 43.374420166, 58.8845863342, 32.8884773254, 25.4134979248, 30.437582016, 22.5805110931, 21.4281864166, 19.3013763428, 12.753194809, 11.2607440948, 9.00914573669, 8.49035644531, 8.30205917358, 6.57363605499, 4.51819467545, 3.26543998718, 1.90947234631, 1.22413980961, 0.873454213142, 0.423889636993, 0.136158183217, 0.0365977734327, 0.00724928081036, 0.000526836898644, 1.5017772057e-05],
        "dvar": [0.0527974888682, 3.87145924568, 21.9917449951, 186.670028687, 42.1589164734, 14.2816982269, 25.7500019073, 55.148765564, 184.239593506, 565.464904785, 1390.65014648, 1815.71594238, 2012.40161133, 3475.85473633, 2729.38671875, 6357.19628906, 10555.3564453, 2953.64941406, 1236.12683105, 2029.18334961, 1039.17028809, 1447.97436523, 969.603393555, 301.343292236, 201.97354126, 122.508110046, 110.037841797, 158.669998169, 90.6760482788, 36.8158912659, 16.9410934448, 6.56090354919, 2.68800759315, 1.8616861105, 0.439828246832, 0.0434243008494, 0.00302778766491, 0.000159454051754, 1.75747459252e-06, 4.4110687325e-10],
        "dvar2": [0.108609504998, 5.92988109589, 41.4001464844, 508.249572754, 115.976623535, 39.134021759, 63.8525009155, 134.17906189, 396.133666992, 1136.01965332, 2849.13574219, 3896.26806641, 3990.08447266, 8348.45410156, 6593.65283203, 12675.8037109, 24884.6308594, 6468.30224609, 2775.59545898, 4934.91162109, 2428.59326172, 3915.03125, 2392.34008789, 696.7734375, 501.389221191, 287.357849121, 276.777191162, 437.422027588, 246.755996704, 91.9973754883, 42.3536186218, 16.2744808197, 6.6662774086, 4.52978229523, 1.06315517426, 0.106581926346, 0.00724122719839, 0.000346213375451, 3.55747420144e-06, 8.34145141848e-10],
        "max": [2.82752537727, 23.2500686646, 64.777885437, 125.517166138, 70.8394775391, 77.3944091797, 107.667739868, 150.172973633, 497.27243042, 610.833312988, 1032.72961426, 1413.44616699, 1379.30639648, 1607.3894043, 1118.23620605, 2539.62841797, 2109.7890625, 1774.06616211, 640.97052002, 1377.70910645, 571.216247559, 1022.29040527, 537.565612793, 336.410522461, 275.1121521, 229.377838135, 127.944091797, 131.505096436, 129.383071899, 104.081642151, 55.243812561, 42.9022941589, 21.2540225983, 18.3245925903, 11.8338193893, 3.34105587006, 0.709761500359, 0.28338432312, 0.0421307757497, 0.000645603169687],
        "mean": [0.14042827487, 1.45051980019, 1.83533596992, 2.78758025169, 2.27360725403, 1.96145963669, 4.24053955078, 8.44198608398, 16.8735637665, 25.3847293854, 33.8198890686, 44.7574653625, 36.4103088379, 50.9175109863, 50.654914856, 55.6049232483, 70.1028213501, 39.4621009827, 30.7870578766, 36.2039489746, 27.5478649139, 25.14128685, 19.9717903137, 14.4341993332, 11.3771085739, 9.54534244537, 8.790184021, 7.18062448502, 5.75320482254, 4.6656794548, 3.35470485687, 2.07750749588, 1.3495695591, 1.01011538506, 0.472018301487, 0.138709619641, 0.0378153696656, 0.0080586578697, 0.000458334863652, 3.81492282031e-05],
        "median": [0.0085283247754, 0.0853294730186, 0.221507161856, 0.118508443236, 0.204766392708, 0.493651330471, 1.27877342701, 3.0993976593, 6.30759859085, 10.9137096405, 11.6161432266, 17.3938045502, 12.3434391022, 19.9079284668, 21.5555267334, 18.0992946625, 18.6851024628, 12.0795898438, 10.8225898743, 10.6878519058, 9.40671634674, 8.87387180328, 6.60679531097, 4.59035778046, 3.054656744, 2.31274104118, 1.97888946533, 1.40302860737, 0.9836769104, 0.663494884968, 0.531899452209, 0.275965481997, 0.17560583353, 0.110338546336, 0.0552901364863, 0.0164553318173, 0.00486772367731, 0.000848338764627, 4.29852443631e-05, 2.6327184969e-05],
        "min": [2.95866939938e-22, 1.64890528638e-21, 1.21943822164e-20, 2.58426829933e-20, 5.81159326921e-20, 2.18111216563e-19, 6.44210173911e-19, 4.67225524375e-19, 6.04230828847e-19, 8.96423694835e-19, 1.47986137443e-18, 1.61046181942e-18, 1.75070295105e-18, 1.38410219043e-18, 5.95947194038e-18, 3.83268470639e-18, 8.13821066634e-18, 5.75818581013e-18, 5.86207638634e-18, 8.6787368007e-18, 7.55711628602e-18, 1.20453875364e-17, 1.33150659361e-17, 1.05336653361e-17, 1.39807899921e-17, 1.88183523181e-17, 2.0230222238e-17, 1.91207695501e-17, 2.12011817302e-17, 1.64938623003e-17, 1.42672806885e-17, 1.20471634932e-17, 1.17763387703e-17, 8.27144216606e-18, 7.72719702767e-18, 6.03151482224e-18, 3.77045590891e-18, 1.31051061967e-18, 3.83633107363e-19, 3.81946770437e-20],
        "var": [0.0791854038835, 8.00294113159, 31.0025100708, 126.675956726, 34.7328453064, 14.9843511581, 61.7597465515, 212.909866333, 840.475341797, 1897.12634277, 4474.60253906, 5790.59716797, 5700.66650391, 10235.7744141, 6774.37011719, 19691.3847656, 27281.5839844, 8395.19335938, 2787.44140625, 4849.00537109, 2181.55566406, 2107.17041016, 1376.98657227, 615.023925781, 359.909179688, 250.255767822, 208.518569946, 182.245498657, 119.553222656, 77.0221481323, 36.0106086731, 14.5199575424, 6.08916711807, 4.39588022232, 1.0135447979, 0.0750190988183, 0.00555807538331, 0.000357330020051, 3.12979045702e-06, 1.87092386028e-09]
    },
    "gfcc": {
        "mean": [-69.3801956177, 72.8423461914, -158.296859741, -8.60184288025, -74.5640563965, 8.76850223541, -35.4746627808, 9.84133434296, -16.3734989166, 5.65948534012, -6.32599830627, 6.18345975876, -7.5589427948],
        "cov": [[25255.9296875, -431.946624756, 2940.48999023, 3917.11450195, 1895.6998291, 2770.58178711, 1013.80230713, 1660.39855957, -61.4028625488, 828.50982666, -1231.63476562, -319.782867432, -702.00189209], [-431.946624756, 3072.921875, 770.868652344, 643.617248535, 752.817199707, -139.278839111, 421.139160156, -92.0876846313, 267.321228027, -204.335128784, 275.572509766, -124.070472717, 186.312911987], [2940.48999023, 770.868652344, 1760.39587402, 1080.27624512, 708.534057617, 641.964904785, 292.983978271, 298.153442383, 12.130774498, 151.889602661, -123.631797791, -42.8406219482, -122.72038269], [3917.11450195, 643.617248535, 1080.27624512, 1423.9206543, 891.413330078, 710.368652344, 442.366973877, 354.881347656, 117.532272339, 139.830108643, -192.965042114, -130.477462769, -113.438430786], [1895.6998291, 752.817199707, 708.534057617, 891.413330078, 1008.73657227, 532.754272461, 452.505584717, 305.087585449, 174.847625732, 139.225662231, -95.0276947021, -114.216674805, -69.139541626], [2770.58178711, -139.278839111, 641.964904785, 710.368652344, 532.754272461, 731.276123047, 306.204956055, 344.191192627, 77.7635421753, 200.707275391, -136.126617432, -70.3758850098, -140.796691895], [1013.80230713, 421.139160156, 292.983978271, 442.366973877, 452.505584717, 306.204956055, 472.675811768, 258.569366455, 145.281616211, 58.6801490784, -20.3089809418, -62.8541870117, -20.6220626831], [1660.39855957, -92.0876846313, 298.153442383, 354.881347656, 305.087585449, 344.191192627, 258.569366455, 398.30682373, 138.989273071, 135.085327148, -106.182830811, -15.0578861237, -39.6940078735], [-61.4028625488, 267.321228027, 12.130774498, 117.532272339, 174.847625732, 77.7635421753, 145.281616211, 138.989273071, 257.499450684, 85.6561737061, 70.319519043, -20.5859622955, 29.1042175293], [828.50982666, -204.335128784, 151.889602661, 139.830108643, 139.225662231, 200.707275391, 58.6801490784, 135.085327148, 85.6561737061, 241.424743652, 18.0214138031, 2.50432610512, -58.3221588135], [-1231.63476562, 275.572509766, -123.631797791, -192.965042114, -95.0276947021, -136.126617432, -20.3089809418, -106.182830811, 70.319519043, 18.0214138031, 261.854553223, 55.2334289551, 50.1665763855], [-319.782867432, -124.070472717, -42.8406219482, -130.477462769, -114.216674805, -70.3758850098, -62.8541870117, -15.0578861237, -20.5859622955, 2.50432610512, 55.2334289551, 133.900131226, 51.644744873], [-702.00189209, 186.312911987, -122.72038269, -113.438430786, -69.139541626, -140.796691895, -20.6220626831, -39.6940078735, 29.1042175293, -58.3221588135, 50.1665763855, 51.644744873, 154.310836792]],
        "icov": [[0.00013288082846, -0.0001622470445, 0.000143251454574, -0.000331563176587, 0.000280087115243, -0.000278226681985, 0.000119750919112, -0.00032891597948, 0.000322216626955, -0.000356425473001, 0.000387954351027, -0.000184624819667, 0.000213799576159], [-0.0001622470445, 0.0014559814008, -0.000875427969731, 0.000168142054463, -0.00117969571147, 0.00146744167432, -0.000666570675094, 0.000881667423528, -0.00111793796532, 0.00160490337294, -0.00182428746484, 0.00140209170058, -0.00117931491695], [0.000143251454574, -0.000875427969731, 0.00176024110988, -0.00102310394868, 0.000524484144989, -0.00117325945757, 0.000740035262424, -0.000982482451946, 0.00138209969737, -0.00101368606556, 0.000697678187862, -0.00124354858417, 0.000912675575819], [-0.000331563176587, 0.000168142054463, -0.00102310394868, 0.00347486347891, -0.00156463880558, -0.000557369494345, -0.00056171126198, 0.00120198982768, -0.00113176810555, 0.000971600005869, 0.000147068771184, 0.000658039411064, -0.000633402669337], [0.000280087115243, -0.00117969571147, 0.000524484144989, -0.00156463880558, 0.00419004820287, -0.0017236797139, -0.000902176368982, -0.000410054781241, 0.000350922346115, -0.00200761109591, 0.00207530288026, -0.00063954066718, 0.000758427835535], [-0.000278226681985, 0.00146744167432, -0.00117325945757, -0.000557369494345, -0.0017236797139, 0.00628785835579, -0.00124520028476, -0.000742688775063, -0.000355681666406, 0.000101630663266, -0.00188364717178, 0.00149171892554, 0.000445744604804], [0.000119750919112, -0.000666570675094, 0.000740035262424, -0.00056171126198, -0.000902176368982, -0.00124520028476, 0.00590176926926, -0.00354036851786, 0.000561082852073, 0.000922422099393, -0.00117299088743, 0.000770472746808, 0.000229114230024], [-0.00032891597948, 0.000881667423528, -0.000982482451946, 0.00120198982768, -0.000410054781241, -0.000742688775063, -0.00354036851786, 0.00943392980844, -0.00476754223928, -0.000490656238981, 0.00287633901462, -0.00201014266349, -0.000914946256671], [0.000322216626955, -0.00111793796532, 0.00138209969737, -0.00113176810555, 0.000350922346115, -0.000355681666406, 0.000561082852073, -0.00476754223928, 0.00955055467784, -0.00319154397584, -0.0019101316575, 0.00168633949943, -0.0011868547881], [-0.000356425473001, 0.00160490337294, -0.00101368606556, 0.000971600005869, -0.00200761109591, 0.000101630663266, 0.000922422099393, -0.000490656238981, -0.00319154397584, 0.00955311022699, -0.00402945559472, 0.000643408624455, 0.000846356968395], [0.000387954351027, -0.00182428746484, 0.000697678187862, 0.000147068771184, 0.00207530288026, -0.00188364717178, -0.00117299088743, 0.00287633901462, -0.0019101316575, -0.00402945559472, 0.0103883473203, -0.00494113890454, 0.00153855746612], [-0.000184624819667, 0.00140209170058, -0.00124354858417, 0.000658039411064, -0.00063954066718, 0.00149171892554, 0.000770472746808, -0.00201014266349, 0.00168633949943, 0.000643408624455, -0.00494113890454, 0.0132684828714, -0.00528678949922], [0.000213799576159, -0.00117931491695, 0.000912675575819, -0.000633402669337, 0.000758427835535, 0.000445744604804, 0.000229114230024, -0.000914946256671, -0.0011868547881, 0.000846356968395, 0.00153855746612, -0.00528678949922, 0.0114918639883]]
    },
    "melbands": {
        "dmean": [0.000807901553344, 0.000830651726574, 0.000506575510371, 0.000114953218144, 7.54408611101e-05, 8.80993684405e-05, 0.000111573637696, 0.000120962438814, 0.000142126285937, 0.000118712188851, 9.47546068346e-05, 0.000107224484964, 0.000113009722554, 6.62539605401e-05, 8.55960242916e-05, 6.51318114251e-05, 3.94157759729e-05, 2.61411732936e-05, 2.39178389165e-05, 2.16090174945e-05, 1.97242006834e-05, 1.66563695529e-05, 1.11366935016e-05, 1.52845423145e-05, 6.07195988778e-06, 6.44091232971e-06, 3.77787409889e-06, 3.88079433833e-06, 3.76582033823e-06, 3.0101948596e-06, 3.08619223688e-06, 2.33364130509e-06, 2.1703258426e-06, 1.63897595939e-06, 1.31878539378e-06, 9.48675562995e-07, 7.16067518169e-07, 5.73812087623e-07, 5.32421097432e-07, 4.89008584736e-07],
        "dmean2": [0.00111469184048, 0.00104629748967, 0.00086707342416, 0.00019557273481, 0.00012262200471, 0.000137190931127, 0.000165187069797, 0.000187071957043, 0.000211413716897, 0.000177977097337, 0.000142939868965, 0.000169087899849, 0.000180609538802, 0.000105018276372, 0.00013096119801, 9.97460374492e-05, 6.04915330769e-05, 4.03626618208e-05, 3.73033144569e-05, 3.45556982211e-05, 2.9895827538e-05, 2.60374708887e-05, 1.78407135536e-05, 2.44237162406e-05, 9.39903293329e-06, 1.03656375359e-05, 6.09366816207e-06, 6.19875254415e-06, 6.15743510934e-06, 4.89239755552e-06, 5.30575835e-06, 3.90571130993e-06, 3.61459296983e-06, 2.61050854533e-06, 2.15087106881e-06, 1.52514621732e-06, 1.1465077705e-06, 9.28279746404e-07, 8.57590578107e-07, 7.80669495271e-07],
        "dvar": [4.30903446613e-06, 4.7990956773e-06, 4.00340650231e-06, 1.04923046251e-07, 2.58152201837e-08, 2.75139893091e-08, 4.35479527994e-08, 5.24449674799e-08, 8.76411192507e-08, 6.12265864675e-08, 5.42835003614e-08, 6.92817110348e-08, 6.13261192939e-08, 3.37259038474e-08, 4.1319740518e-08, 2.31527970129e-08, 1.04726609607e-08, 3.11902748074e-09, 2.16325624081e-09, 2.90662049984e-09, 1.88497373266e-09, 2.370975416e-09, 6.90093593381e-10, 2.00561323105e-09, 1.55665993984e-10, 1.71531955306e-10, 5.33546158643e-11, 6.48716011464e-11, 6.04922431591e-11, 3.78965539505e-11, 6.64889115987e-11, 2.99386106184e-11, 2.9407275226e-11, 1.56080044722e-11, 7.42175938762e-12, 4.01005487496e-12, 2.3669965727e-12, 1.44489097336e-12, 1.445251579e-12, 1.55387096419e-12],
        "dvar2": [7.65363074606e-06, 8.02283739176e-06, 1.06999405034e-05, 2.87281096689e-07, 6.56037784097e-08, 6.62140280383e-08, 9.27707262122e-08, 1.0911803372e-07, 1.81459796522e-07, 1.29614392108e-07, 1.08438499069e-07, 1.66771926047e-07, 1.46838914361e-07, 6.94832138493e-08, 9.6993900911e-08, 5.37181072957e-08, 2.34484947015e-08, 7.13650871731e-09, 5.27762589186e-09, 7.56871276764e-09, 4.0485392816e-09, 6.30984553496e-09, 1.74212777537e-09, 5.05114394755e-09, 3.56007362479e-10, 4.30102287119e-10, 1.3294348955e-10, 1.5529068309e-10, 1.52874324311e-10, 9.81595638105e-11, 1.85800944075e-10, 8.11236147702e-11, 8.06231262307e-11, 3.74064806907e-11, 1.87823836345e-11, 1.00191114086e-11, 5.92221714377e-12, 3.6542800036e-12, 3.56693927867e-12, 3.84059537645e-12],
        "max": [0.0288100037724, 0.0288638360798, 0.0184589195997, 0.00505447294563, 0.00339908804744, 0.00338323926553, 0.00747260311618, 0.00572215998545, 0.00770365772769, 0.00772751728073, 0.00684364372864, 0.00720233330503, 0.00515585625544, 0.00527088856325, 0.00400958163664, 0.00293049728498, 0.00334290694445, 0.000970030669123, 0.00113080313895, 0.00133244914468, 0.000802273629233, 0.00119333027396, 0.000526711286511, 0.00087832036661, 0.000299062056001, 0.000244580587605, 0.000130760861794, 0.000133662178996, 0.000102673322544, 9.02672181837e-05, 9.48187589529e-05, 7.38110757084e-05, 0.000115866838314, 9.16079588933e-05, 4.42977907369e-05, 2.78690695268e-05, 2.27040127356e-05, 1.87820478459e-05, 1.8916103727e-05, 1.78637492354e-05],
        "mean": [0.00154220149852, 0.00137095630635, 0.000466239231173, 0.000142067568959, 0.000136598944664, 0.000188536709175, 0.000275025638985, 0.000257240695646, 0.000299721956253, 0.000256597733824, 0.000178949398105, 0.000205966091016, 0.000203195188078, 0.000119856231322, 0.000158069495228, 0.000119413889479, 6.69614310027e-05, 4.49870785815e-05, 4.71315288451e-05, 3.71204332623e-05, 3.43830579368e-05, 2.89394065476e-05, 1.84043437912e-05, 2.09010886465e-05, 1.00010738606e-05, 9.60461693467e-06, 6.11816221863e-06, 6.06500270806e-06, 5.72418593947e-06, 4.66929304821e-06, 4.01325951316e-06, 3.26987401422e-06, 2.92197728413e-06, 2.56419775724e-06, 2.01158923119e-06, 1.53004555159e-06, 1.14493309411e-06, 9.46302407101e-07, 8.93896526577e-07, 8.42365011522e-07],
        "median": [8.90485243872e-05, 0.000175297100213, 2.32809543377e-05, 2.636940917e-05, 4.37979324488e-05, 6.62764796289e-05, 0.000109989909106, 0.00011032155453, 0.000107527506771, 9.54712450039e-05, 5.1887211157e-05, 7.26686412236e-05, 6.68494685669e-05, 3.34930846293e-05, 4.55564331787e-05, 3.39843791153e-05, 1.69807826751e-05, 1.40833099067e-05, 1.46363390741e-05, 1.12311208795e-05, 9.55128416535e-06, 8.81244613993e-06, 5.63379580854e-06, 5.17118041898e-06, 2.91732271762e-06, 2.30072464547e-06, 1.5742530195e-06, 1.33322123474e-06, 1.26820634705e-06, 8.58851706198e-07, 7.2733524803e-07, 5.74204932491e-07, 4.09347251207e-07, 3.30497783807e-07, 3.14413284741e-07, 1.92341502725e-07, 1.38524143267e-07, 1.19940295917e-07, 1.0384953697e-07, 8.88918023634e-08],
        "min": [3.21313499104e-24, 5.46088685538e-24, 4.10297719187e-24, 1.01696824012e-23, 2.01950127231e-23, 1.00748116221e-23, 1.03071982119e-23, 1.11135876064e-23, 1.06126956415e-23, 1.03293849249e-23, 8.59192903631e-24, 4.10759163374e-24, 1.878465722e-23, 8.77497000987e-24, 1.90280066098e-23, 1.44242506545e-23, 1.07746890173e-23, 1.02030740944e-23, 1.02260757007e-23, 1.22970966899e-23, 7.56179029006e-24, 1.0432263431e-23, 1.50513398539e-23, 1.01069979359e-23, 8.22704458005e-24, 8.9692569845e-24, 1.15580610283e-23, 1.28506072549e-23, 1.34575552577e-23, 1.14146019395e-23, 1.09057314354e-23, 1.16164422573e-23, 1.15281521559e-23, 8.42922016372e-24, 9.20228886248e-24, 6.14059741588e-24, 7.26996460881e-24, 8.10575169384e-24, 7.96737286929e-24, 6.52996772021e-24],
        "var": [8.35591708892e-06, 9.70584278548e-06, 2.89090758088e-06, 9.92926487697e-08, 5.79872043716e-08, 1.09933822046e-07, 2.03817663191e-07, 1.7840083899e-07, 2.84127963823e-07, 2.02220789447e-07, 1.50076687078e-07, 1.94615452642e-07, 1.43533668506e-07, 9.58823136443e-08, 1.08768901441e-07, 6.61130385993e-08, 2.91063670943e-08, 6.54850484949e-09, 6.32521013344e-09, 5.07494135604e-09, 4.36451541574e-09, 3.52854789831e-09, 1.23048649048e-09, 2.38088149196e-09, 3.30588445507e-10, 2.85613588336e-10, 9.95951932037e-11, 1.13159988324e-10, 1.00487521082e-10, 6.77689848683e-11, 6.54694215507e-11, 4.07399392e-11, 3.48681673812e-11, 3.0442950244e-11, 1.33408960962e-11, 8.59995061275e-12, 4.65522021972e-12, 3.08100138284e-12, 3.04738742921e-12, 3.41006194636e-12]
    },
    "mfcc": {
        "mean": [-700.255371094, 109.811187744, -30.8763542175, -17.150604248, -19.6542205811, -9.93710708618, -10.2363119125, -0.266533702612, -3.79845881462, -2.48503851891, 2.05118155479, 7.11394691467, 4.93320131302],
        "cov": [[19568.2949219, -133.189498901, 1024.49255371, 2783.58496094, 1908.23303223, 2196.82666016, 1673.15136719, 1284.20507812, 1675.19873047, 1300.48730469, 668.331787109, -1.57365334034, -56.1267623901], [-133.189498901, 2189.78344727, 500.672119141, 592.632751465, 309.960174561, 134.946929932, 191.98046875, 166.560089111, 73.4910964966, 57.1740226746, 84.3602142334, 37.1921043396, 26.4618282318], [1024.49255371, 500.672119141, 967.469421387, 604.125854492, 421.160552979, 357.016479492, 307.817260742, 190.178421021, 139.211196899, 106.069412231, 78.1106872559, 43.3143730164, 22.9063129425], [2783.58496094, 592.632751465, 604.125854492, 1031.35888672, 649.092407227, 602.358215332, 471.925476074, 350.006835938, 397.783874512, 285.007446289, 173.402084351, 31.1031284332, 10.8064947128], [1908.23303223, 309.960174561, 421.160552979, 649.092407227, 708.85949707, 535.211242676, 362.487182617, 244.357833862, 304.594177246, 276.493927002, 168.882919312, 56.003162384, 25.4070358276], [2196.82666016, 134.946929932, 357.016479492, 602.358215332, 535.211242676, 636.734619141, 433.661560059, 275.825744629, 312.348388672, 283.478942871, 193.457473755, 71.7562103271, 19.9241161346], [1673.15136719, 191.98046875, 307.817260742, 471.925476074, 362.487182617, 433.661560059, 472.177581787, 291.77041626, 284.468536377, 219.507232666, 164.949401855, 47.3790130615, 21.4178123474], [1284.20507812, 166.560089111, 190.178421021, 350.006835938, 244.357833862, 275.825744629, 291.77041626, 357.208404541, 288.661224365, 192.17578125, 117.778244019, 29.814950943, 22.9736824036], [1675.19873047, 73.4910964966, 139.211196899, 397.783874512, 304.594177246, 312.348388672, 284.468536377, 288.661224365, 431.639862061, 266.615142822, 143.754653931, 34.1296577454, 18.8568134308], [1300.48730469, 57.1740226746, 106.069412231, 285.007446289, 276.493927002, 283.478942871, 219.507232666, 192.17578125, 266.615142822, 336.858734131, 174.602615356, 60.0175743103, 36.2971725464], [668.331787109, 84.3602142334, 78.1106872559, 173.402084351, 168.882919312, 193.457473755, 164.949401855, 117.778244019, 143.754653931, 174.602615356, 235.84147644, 118.415786743, 38.9315109253], [-1.57365334034, 37.1921043396, 43.3143730164, 31.1031284332, 56.003162384, 71.7562103271, 47.3790130615, 29.814950943, 34.1296577454, 60.0175743103, 118.415786743, 187.683135986, 71.6366348267], [-56.1267623901, 26.4618282318, 22.9063129425, 10.8064947128, 25.4070358276, 19.9241161346, 21.4178123474, 22.9736824036, 18.8568134308, 36.2971725464, 38.9315109253, 71.6366348267, 148.850006104]],
