{
"lowlevel": {
    "average_loudness": 0.715275108814,
    "barkbands_crest": {
        "dmean": 2.51205015182,
        "dmean2": 3.9453868866,
        "dvar": 8.37885665894,
        "dvar2": 18.9608840942,
        "max": 26.5437202454,
        "mean": 12.6190500259,
        "median": 11.9566745758,
        "min": 2.17019319534,
        "var": 24.8173828125
    },
    "barkbands_flatness_db": {
        "dmean": 0.0262207519263,
        "dmean2": 0.0381711907685,
        "dvar": 0.000832897145301,
        "dvar2": 0.00169820617884,
        "max": 0.428541779518,
        "mean": 0.179022789001,
        "median": 0.175187170506,
        "min": 0.0112463487312,
        "var": 0.00621203798801
    },
    "barkbands_kurtosis": {
        "dmean": 3.01371479034,
        "dmean2": 4.4989771843,
        "dvar": 63.4764671326,
        "dvar2": 108.996520996,
        "max": 292.960662842,
        "mean": 4.57106113434,
        "median": 1.63139629364,
        "min": -1.90479552746,
        "var": 149.201370239
    },
    "barkbands_skewness": {
        "dmean": 0.537982702255,
        "dmean2": 0.796915233135,
        "dvar": 0.567578077316,
        "dvar2": 1.07763946056,
        "max": 15.8965053558,
        "mean": 1.45867967606,
        "median": 1.26848971844,
        "min": -2.60456514359,
        "var": 2.12210917473
    },
    "barkbands_spread": {
        "dmean": 5.21975946426,
        "dmean2": 8.16909790039,
        "dvar": 68.8072433472,
        "dvar2": 160.688949585,
        "max": 115.773010254,
        "mean": 19.6613521576,
        "median": 15.5579185486,
        "min": 0.554366111755,
        "var": 196.896896362
    },
    "dissonance": {
        "dmean": 0.0236772317439,
        "dmean2": 0.0403655283153,
        "dvar": 0.000574527482968,
        "dvar2": 0.00159861659631,
        "max": 0.500000119209,
        "mean": 0.448478579521,
        "median": 0.458736479282,
        "min": 0.193010747433,
        "var": 0.00162518117577
    },
    "dynamic_complexity": 4.25993013382,
    "erbbands_crest": {
        "dmean": 2.62700414658,
        "dmean2": 4.16541290283,
        "dvar": 7.0387506485,
        "dvar2": 16.5629634857,
        "max": 31.9179611206,
        "mean": 11.3466053009,
        "median": 10.5774364471,
        "min": 2.44213175774,
        "var": 24.7454051971
    },
    "erbbands_flatness_db": {
        "dmean": 0.0171238481998,
        "dmean2": 0.0251063257456,
        "dvar": 0.000325993692968,
        "dvar2": 0.000663952203467,
        "max": 0.445478290319,
        "mean": 0.190799817443,
        "median": 0.177084818482,
        "min": 0.0595982223749,
        "var": 0.00636007869616
    },
    "erbbands_kurtosis": {
        "dmean": 0.941004395485,
        "dmean2": 1.48487901688,
        "dvar": 1.63414525986,
        "dvar2": 3.72335076332,
        "max": 56.834690094,
        "mean": 1.09403657913,
        "median": 0.432234525681,
        "min": -1.78021073341,
        "var": 7.49621915817
    },
    "erbbands_skewness": {
        "dmean": 0.335752427578,
        "dmean2": 0.523889005184,
        "dvar": 0.115407831967,
        "dvar2": 0.290445864201,
        "max": 5.2372045517,
        "mean": 0.446624994278,
        "median": 0.495337367058,
        "min": -3.18800854683,
        "var": 0.675388216972
    },
    "erbbands_spread": {
        "dmean": 6.68671751022,
        "dmean2": 10.2936687469,
        "dvar": 85.6450271606,
        "dvar2": 189.534362793,
        "max": 145.986755371,
        "mean": 31.0628414154,
        "median": 25.7205123901,
        "min": 1.10402297974,
        "var": 404.976806641
    },
    "hfc": {
        "dmean": 7.48611211777,
        "dmean2": 11.8070688248,
        "dvar": 258.709869385,
        "dvar2": 636.307006836,
        "max": 189.982635498,
        "mean": 18.409866333,
        "median": 9.98797512054,
        "min": 1.20572850406e-16,
        "var": 503.733428955
    },
    "melbands_crest": {
        "dmean": 2.9728884697,
        "dmean2": 4.61891698837,
        "dvar": 11.8327255249,
        "dvar2": 28.9189910889,
        "max": 36.8824729919,
        "mean": 16.3862628937,
        "median": 15.5035743713,
        "min": 2.43617391586,
        "var": 40.3824577332
    },
    "melbands_flatness_db": {
        "dmean": 0.0303516387939,
        "dmean2": 0.0446288883686,
        "dvar": 0.00133766862564,
        "dvar2": 0.00285981711932,
        "max": 0.49550819397,
        "mean": 0.238248199224,
        "median": 0.242263063788,
        "min": 0.00631137983873,
        "var": 0.00674744369462
    },
    "melbands_kurtosis": {
        "dmean": 8.44407367706,
        "dmean2": 12.478099823,
        "dvar": 512.799682617,
        "dvar2": 896.661193848,
        "max": 528.619812012,
        "mean": 14.3756504059,
        "median": 5.19103002548,
        "min": -1.88977825642,
        "var": 1216.76647949
    },
    "melbands_skewness": {
        "dmean": 0.750428855419,
        "dmean2": 1.0970236063,
        "dvar": 1.33709955215,
        "dvar2": 2.40395736694,
        "max": 20.1335105896,
        "mean": 2.41661334038,
        "median": 1.93328022957,
        "min": -1.50508975983,
        "var": 5.07331562042
    },
    "melbands_spread": {
        "dmean": 6.45749568939,
        "dmean2": 10.4151878357,
        "dvar": 147.86390686,
        "dvar2": 379.962646484,
        "max": 170.169784546,
        "mean": 20.9808979034,
        "median": 16.4765129089,
        "min": 0.559001386166,
        "var": 261.942260742
    },
    "pitch_salience": {
        "dmean": 0.0692191123962,
        "dmean2": 0.108516961336,
        "dvar": 0.00717884674668,
        "dvar2": 0.0157865826041,
        "max": 0.977001786232,
        "mean": 0.453396737576,
        "median": 0.449036926031,
        "min": 0.0330068618059,
        "var": 0.0172518156469
    },
    "silence_rate_20dB": {
        "dmean": 0,
        "dmean2": 0,
        "dvar": 0,
        "dvar2": 0,
        "max": 1,
        "mean": 1,
        "median": 1,
        "min": 1,
        "var": 0
    },
    "silence_rate_30dB": {
        "dmean": 0.0191026572138,
        "dmean2": 0.0382083803415,
        "dvar": 0.0187386013567,
        "dvar2": 0.0418890230358,
        "max": 1,
        "mean": 0.976243972778,
        "median": 1,
        "min": 0,
        "var": 0.0231901016086
    },
    "silence_rate_60dB": {
        "dmean": 0.0192631836981,
        "dmean2": 0.0385294593871,
        "dvar": 0.018890440464,
        "dvar2": 0.0437910594046,
        "max": 1,
        "mean": 0.143980741501,
        "median": 0,
        "min": 0,
        "var": 0.123261839151
    },
    "spectral_centroid": {
        "dmean": 239.760879517,
        "dmean2": 382.331359863,
        "dvar": 141692,
        "dvar2": 345805.40625,
        "max": 11051.9765625,
        "mean": 1287.95776367,
        "median": 1117.45556641,
        "min": 185.059448242,
        "var": 462174.0625
    },
    "spectral_complexity": {
        "dmean": 3.51488876343,
        "dmean2": 5.58372116089,
        "dvar": 27.0077152252,
        "dvar2": 61.420211792,
        "max": 57,
        "mean": 15.0258426666,
        "median": 12,
        "min": 0,
        "var": 102.363265991
    },
    "spectral_decrease": {
        "dmean": 2.18468132474e-09,
        "dmean2": 3.16586734606e-09,
        "dvar": 1.4301535892e-17,
        "dvar2": 2.75838777359e-17,
        "max": 1.05505933102e-28,
        "mean": -7.06396097172e-09,
        "median": -4.62198457285e-09,
        "min": -4.28628723625e-08,
        "var": 5.190500772e-17
    },
    "spectral_energy": {
        "dmean": 0.00852024089545,
        "dmean2": 0.0123241953552,
        "dvar": 0.000209192265174,
        "dvar2": 0.000402499019401,
        "max": 0.162993043661,
        "mean": 0.028330842033,
        "median": 0.0185432694852,
        "min": 1.0538116214e-20,
        "var": 0.000799692177679
    },
    "spectral_energyband_high": {
        "dmean": 0.0005391552113,
        "dmean2": 0.000892451847903,
        "dvar": 2.36269511333e-06,
        "dvar2": 6.07639185546e-06,
        "max": 0.0192115250975,
        "mean": 0.000904227199499,
        "median": 0.000134440226248,
        "min": 7.69156235184e-21,
        "var": 3.12267729896e-06
    },
    "spectral_energyband_low": {
        "dmean": 0.00477682659402,
        "dmean2": 0.00730441277847,
        "dvar": 0.00015764789714,
        "dvar2": 0.000306976900902,
        "max": 0.159946024418,
        "mean": 0.0130231268704,
        "median": 0.0063575101085,
        "min": 1.39764026434e-22,
        "var": 0.000455317291198
    },
    "spectral_energyband_middle_high": {
        "dmean": 0.0018141096225,
        "dmean2": 0.00280679133721,
        "dvar": 1.20671347759e-05,
        "dvar2": 2.76728897006e-05,
        "max": 0.0618982836604,
        "mean": 0.00451125903055,
        "median": 0.002200771356,
        "min": 1.32188490401e-21,
        "var": 3.52374991053e-05
    },
    "spectral_energyband_middle_low": {
        "dmean": 0.00556131545454,
        "dmean2": 0.00861322227865,
        "dvar": 0.00016214439529,
        "dvar2": 0.000364719715435,
        "max": 0.126796603203,
        "mean": 0.0102642858401,
        "median": 0.00525860022753,
        "min": 2.8928963228e-22,
        "var": 0.000240379871684
    },
    "spectral_entropy": {
        "dmean": 0.186994001269,
        "dmean2": 0.280628830194,
        "dvar": 0.0495204851031,
        "dvar2": 0.11312263459,
        "max": 9.81073856354,
        "mean": 7.30103683472,
        "median": 7.39618873596,
        "min": 5.09858751297,
        "var": 0.521080374718
    },
    "spectral_flux": {
        "dmean": 0.0278200600296,
        "dmean2": 0.041593156755,
        "dvar": 0.00170271808747,
        "dvar2": 0.00303767854348,
        "max": 0.452875912189,
        "mean": 0.0685687586665,
        "median": 0.0447833873332,
        "min": 1.02655328682e-10,
        "var": 0.00460998341441
    },
    "spectral_kurtosis": {
        "dmean": 2.70411920547,
        "dmean2": 4.54801940918,
        "dvar": 17.053691864,
        "dvar2": 49.9744186401,
        "max": 75.6672210693,
        "mean": 7.39565420151,
        "median": 4.5159406662,
        "min": -1.17795574665,
        "var": 58.3321495056
    },
    "spectral_rms": {
        "dmean": 0.000678451033309,
        "dmean2": 0.000980351003818,
        "dvar": 9.69397774497e-07,
        "dvar2": 1.80764402558e-06,
        "max": 0.0126102184877,
        "mean": 0.00461385725066,
        "median": 0.00425335112959,
        "min": 3.20641386706e-12,
        "var": 6.35217611489e-06
    },
    "spectral_rolloff": {
        "dmean": 487.065429688,
        "dmean2": 828.601806641,
        "dvar": 1248971,
        "dvar2": 3055092.25,
        "max": 19293.75,
        "mean": 1341.4699707,
        "median": 968.994140625,
        "min": 43.06640625,
        "var": 2085862.25
    },
    "spectral_skewness": {
        "dmean": 0.272265762091,
        "dmean2": 0.444387882948,
        "dvar": 0.0989553332329,
        "dvar2": 0.274869590998,
        "max": 6.71253824234,
        "mean": 1.90702795982,
        "median": 1.70795726776,
        "min": -0.0151300253347,
        "var": 0.641660511494
    },
    "spectral_spread": {
        "dmean": 477960.3125,
        "dmean2": 685778,
        "dvar": 404627128320,
        "dvar2": 659539230720,
        "max": 40444816,
        "mean": 4351908.5,
        "median": 4036710.5,
        "min": 916144.9375,
        "var": 3.94997871411e+12
    },
    "spectral_strongpeak": {
        "dmean": 0.418666750193,
        "dmean2": 0.700602054596,
        "dvar": 0.756324827671,
        "dvar2": 1.85638964176,
        "max": 11.2607955933,
        "mean": 0.857950627804,
        "median": 0.341291368008,
        "min": 0,
        "var": 1.33420097828
    },
    "zerocrossingrate": {
        "dmean": 0.0098330732435,
        "dmean2": 0.0121628595516,
        "dvar": 0.000191765866475,
        "dvar2": 0.000265934329946,
        "max": 0.50439453125,
        "mean": 0.0545277297497,
        "median": 0.044921875,
        "min": 0.00244140625,
        "var": 0.00143922294956
    },
    "barkbands": {
        "dmean": [0.000467160309199, 0.00425471551716, 0.00122003001161, 0.00114215887152, 0.00307237473316, 0.000774416315835, 0.000644660438411, 0.000476610672195, 0.000940439524129, 0.000373914896045, 0.000595795921981, 0.000383622944355, 0.000403773767175, 0.00014980402193, 0.000233355982346, 0.000153471672093, 0.000219412133447, 0.000122451310745, 0.000134509420604, 0.000133460998768, 0.000124562575365, 0.000122203608043, 8.40072534629e-05, 7.29908279027e-05, 8.04902228992e-05, 6.46378830425e-05, 1.27922803586e-05],
        "dmean2": [0.000721050484572, 0.00612850766629, 0.00222300807945, 0.00198015710339, 0.00458969408646, 0.00127658015117, 0.000991448527202, 0.000746232981328, 0.00157463271171, 0.000606995075941, 0.00092351337662, 0.00058348744642, 0.000601932755671, 0.000247377814958, 0.000375152769266, 0.000258659682004, 0.000367007538443, 0.000205869597266, 0.000225582829444, 0.000231211612117, 0.000210691825487, 0.000212468890822, 0.000137180031743, 0.000122367215226, 0.000131480323034, 0.000105334424006, 2.03321887966e-05],
        "dvar": [2.839645731e-06, 0.000122490208014, 3.74431838281e-05, 2.02499595616e-05, 8.77256825333e-05, 2.62613502855e-06, 2.13779435398e-06, 1.80725987775e-06, 7.46226487536e-06, 1.36107189519e-06, 3.13503937832e-06, 2.07686002796e-06, 1.99313581106e-06, 2.11333087918e-07, 3.01292288896e-07, 1.88865200812e-07, 3.25006737967e-07, 1.07631557e-07, 1.13730237672e-07, 1.28470475147e-07, 1.00773199563e-07, 1.86217690157e-07, 4.15299581391e-08, 4.56134401361e-08, 6.11092616509e-08, 6.78700189383e-08, 2.47247355922e-09],
        "dvar2": [6.50246738587e-06, 0.000208953235415, 0.000108578336949, 5.70850461372e-05, 0.000176314541022, 7.02135594111e-06, 4.88148998556e-06, 3.87260570278e-06, 2.14388674067e-05, 3.46490742231e-06, 7.32465923647e-06, 4.17784167439e-06, 4.34751427747e-06, 5.11171265316e-07, 6.97848349773e-07, 4.63207840085e-07, 8.36742742649e-07, 2.75526275573e-07, 2.88848923446e-07, 3.55829371301e-07, 2.71595865797e-07, 5.27031261299e-07, 1.04883568497e-07, 1.21828463762e-07, 1.52994687141e-07, 1.72422119249e-07, 6.00340444024e-09],
        "max": [0.071143232286, 0.156018003821, 0.0765195637941, 0.0557318851352, 0.116951450706, 0.0321182087064, 0.0365519560874, 0.0562108010054, 0.0550149567425, 0.0429579950869, 0.0468066670001, 0.0460255034268, 0.0461855567992, 0.0203217230737, 0.0139024555683, 0.0123883383349, 0.0140660414472, 0.00572567479685, 0.00678406329826, 0.00649269670248, 0.00437844451517, 0.00598526373506, 0.00248172646388, 0.00289546675049, 0.00326082273386, 0.00447677448392, 0.00100311101414],
        "mean": [0.00106963037979, 0.0105416700244, 0.00114196166396, 0.000993630615994, 0.00340566784143, 0.00187468493823, 0.00135605735704, 0.000915677694138, 0.00149550905917, 0.000613381154835, 0.00101160816848, 0.00062804587651, 0.000763905700296, 0.000212646642467, 0.000409753702115, 0.000207159682759, 0.000335779652232, 0.000174869928742, 0.000183381009265, 0.000176328714588, 0.000190401173313, 0.000160886294907, 0.000139646537718, 0.000114360926091, 0.000117414689157, 8.2098209532e-05, 1.45929680002e-05],
        "median": [2.35193801927e-05, 0.00518319383264, 0.000171641411725, 5.5721593526e-05, 0.000313212338369, 0.000858142157085, 0.000686904240865, 0.000341206090525, 0.000396168499719, 0.000167882317328, 0.000245679868385, 0.000118055701023, 0.000201105081942, 5.78937142564e-05, 0.000129769032355, 5.50765616936e-05, 0.000118052674225, 3.46484484908e-05, 4.22936245741e-05, 3.27826783177e-05, 4.10807951994e-05, 2.1800151444e-05, 1.59418432304e-05, 9.55496398092e-06, 6.2064341364e-06, 2.39119844991e-06, 1.16025724139e-07],
        "min": [9.13576406457e-23, 5.21712497025e-23, 2.53526657852e-23, 1.76383598887e-24, 2.66016140362e-23, 1.91964631229e-23, 6.63357868366e-23, 1.01884282607e-22, 6.97264750903e-23, 5.73130734817e-23, 9.26580368272e-23, 7.24387618982e-23, 8.82459630279e-23, 1.2412821007e-22, 8.96117021359e-23, 1.05712195439e-22, 1.60940006626e-22, 1.40696851299e-22, 3.21496639474e-22, 1.21880840014e-22, 6.15716766008e-22, 4.71719585738e-22, 4.87372656068e-22, 8.47614760571e-22, 1.21882599489e-21, 1.665635297e-21, 2.58905128543e-21],
        "var": [1.14236381705e-05, 0.000343348074239, 2.3102713385e-05, 1.36184817165e-05, 0.00012958458683, 7.2114444265e-06, 4.50811785413e-06, 4.54585051557e-06, 1.09807851914e-05, 2.55362101598e-06, 6.08963136983e-06, 4.15539852838e-06, 4.62555863123e-06, 2.99245670021e-07, 6.48546404136e-07, 2.57386403746e-07, 4.28039641065e-07, 1.77229438236e-07, 1.48534496702e-07, 1.43623921645e-07, 1.24794979683e-07, 1.5099932682e-07, 6.93436916777e-08, 5.95364575418e-08, 8.54402912864e-08, 7.4103475356e-08, 2.79638912026e-09]
    },
    "erbbands": {
        "dmean": [0.174664035439, 0.836759626865, 1.40284276009, 2.5865457058, 10.2418146133, 9.50289058685, 6.25281858444, 6.85896062851, 7.07472085953, 11.9889850616, 13.3999433517, 21.7025642395, 13.0038700104, 14.2688484192, 19.5279541016, 18.9863872528, 20.0126781464, 7.77616024017, 9.53864574432, 12.8767604828, 8.57236385345, 10.2194814682, 6.9521074295, 5.69910621643, 7.53383111954, 6.77497243881, 5.30040645599, 4.88542747498, 4.53201246262, 3.04077005386, 2.46045517921, 1.76858687401, 1.14968383312, 0.983247935772, 0.562440574169, 0.37637552619, 0.0857942178845, 0.0222542397678, 0.0021553162951, 3.83745682484e-05],
        "dmean2": [0.23889541626, 1.25200545788, 2.49332308769, 4.47747039795, 16.5977802277, 15.7607574463, 11.1339511871, 11.0424842834, 11.2437238693, 18.4857254028, 20.9372901917, 36.0312232971, 22.1371841431, 22.1000804901, 30.3894443512, 28.1782665253, 29.659778595, 12.583366394, 15.5120363235, 20.7027244568, 14.3531293869, 17.2650089264, 11.741024971, 9.63446903229, 12.6417427063, 11.6517457962, 9.13384437561, 8.30283737183, 7.90419435501, 5.10494852066, 4.03961277008, 3.01183342934, 1.91421878338, 1.61220014095, 0.917983412743, 0.619164943695, 0.137236490846, 0.0349843278527, 0.00349021097645, 5.94531702518e-05],
        "dvar": [0.199411451817, 5.78380203247, 41.8501396179, 117.760223389, 1319.68261719, 934.782470703, 445.789916992, 171.208831787, 288.913574219, 599.2734375, 1458.30615234, 3744.31005859, 2555.23706055, 1369.67321777, 2960.73681641, 4775.19824219, 4894.57177734, 507.77456665, 685.602355957, 1260.9284668, 425.622955322, 754.131469727, 297.483184814, 189.54598999, 375.864074707, 328.562194824, 183.493225098, 198.103485107, 258.719970703, 72.7819747925, 38.0500183105, 28.4268608093, 9.74833774567, 9.22644519806, 3.06250309944, 2.99605822563, 0.0714832395315, 0.00599209964275, 8.07682954473e-05, 1.6293427052e-08],
        "dvar2": [0.315140247345, 11.4634456635, 118.676551819, 334.324157715, 2576.79833984, 2337.42260742, 1279.3503418, 442.036254883, 625.455505371, 1397.57141113, 3140.97705078, 10350.7333984, 7470.91796875, 3007.30957031, 7007.1875, 9221.80371094, 10599.3398438, 1174.92004395, 1671.05249023, 2780.68334961, 1126.91503906, 2017.32104492, 788.329162598, 496.0078125, 953.897766113, 901.578369141, 498.848999023, 541.916687012, 732.225402832, 196.064758301, 95.9194869995, 77.5185852051, 25.3201522827, 22.5066280365, 7.69523096085, 7.65214920044, 0.170184150338, 0.0144429681823, 0.000205813528737, 3.98482455921e-08],
        "max": [6.82180738449, 33.6205368042, 74.5088424683, 126.403808594, 425.101348877, 298.627288818, 263.856140137, 276.731811523, 561.171264648, 480.159301758, 1551.44543457, 1105.90380859, 1830.6986084, 1230.85571289, 1453.28710938, 2255.7277832, 2274.79199219, 1065.65039062, 748.990966797, 1167.46398926, 416.853881836, 609.880493164, 287.864715576, 290.354522705, 439.769287109, 401.525665283, 219.746383667, 195.829208374, 219.382797241, 126.103012085, 90.0781402588, 77.0354919434, 44.4251823425, 51.4844093323, 27.7957229614, 30.1693763733, 4.47236156464, 1.23750925064, 0.199569240212, 0.00272446451709],
        "mean": [0.371449649334, 2.07536029816, 1.76655769348, 2.52303051949, 10.127612114, 9.55515670776, 7.89811754227, 18.1511631012, 15.2494707108, 26.0596637726, 26.8566570282, 36.2667770386, 20.2787075043, 26.8997058868, 34.624206543, 34.8787231445, 39.2135314941, 13.0176038742, 16.1021537781, 21.3748912811, 13.3533649445, 14.833946228, 10.2930736542, 8.62492275238, 10.0229253769, 9.26060962677, 7.89159631729, 6.93896389008, 5.8624329567, 4.7188410759, 3.99564385414, 2.63754892349, 1.84126317501, 1.4224588871, 0.775501787663, 0.445589601994, 0.120746105909, 0.029029250145, 0.002332868753, 7.12765977369e-05],
        "median": [0.0950338765979, 1.33546733856, 0.781169891357, 0.232029050589, 0.330235034227, 1.03909111023, 3.06116676331, 7.29739713669, 8.72488212585, 12.5187969208, 9.10247993469, 9.30001831055, 7.16722106934, 9.36655807495, 9.91387367249, 8.98003959656, 10.7109680176, 4.43969345093, 4.68321228027, 6.4723110199, 5.22914123535, 5.18133068085, 2.77862977982, 1.88591647148, 2.4000749588, 1.82330191135, 1.72203707695, 1.1837079525, 0.843063414097, 0.618912577629, 0.426829814911, 0.240483224392, 0.143185913563, 0.0818207710981, 0.035995926708, 0.0139086768031, 0.00364393321797, 0.000577113474719, 3.49682741216e-05, 2.55790673691e-05],
        "min": [4.12063697604e-21, 3.108986807e-21, 2.12094925172e-20, 2.19396942809e-20, 3.71837589376e-20, 8.39848108152e-20, 1.43565505889e-19, 1.9406596796e-19, 9.88150683539e-19, 9.26561503465e-19, 2.40002504945e-18, 1.92328260533e-18, 1.32146228419e-18, 2.28282058768e-18, 4.50972748827e-18, 3.02299400071e-18, 4.24004055239e-18, 6.27415129773e-18, 5.29790777572e-18, 4.31453643836e-18, 6.96838537429e-18, 8.22446657907e-18, 8.3511699694e-18, 1.35126214818e-17, 1.27161028002e-17, 8.10487363329e-18, 1.73165678657e-17, 2.49188457317e-17, 1.75135195696e-17, 1.58451161264e-17, 1.24714244293e-17, 1.73257495705e-17, 1.43897199628e-17, 1.39075778904e-17, 8.28114913055e-18, 5.8866833552e-18, 3.18666926249e-18, 1.22034617514e-18, 3.13629303261e-19, 4.36371474269e-20],
        "var": [0.553695440292, 13.1704568863, 27.8901576996, 80.1750793457, 1711.71166992, 905.833251953, 311.11907959, 776.574584961, 604.996520996, 1532.69433594, 3842.88378906, 6208.91894531, 2943.53857422, 3284.50634766, 5909.97607422, 10523.7529297, 11796.8017578, 855.637451172, 1282.24353027, 2677.50878906, 527.712219238, 849.159729004, 409.03527832, 291.249786377, 488.373626709, 406.21484375, 213.901123047, 216.546325684, 205.586257935, 87.5842514038, 61.0512504578, 34.2173652649, 14.2892026901, 14.4955472946, 3.79721140862, 2.86190414429, 0.111444078386, 0.00798469875008, 8.11062418506e-05, 2.15476312349e-08]
    },
    "gfcc": {
        "mean": [-44.1038131714, 87.7325820923, -127.886871338, 10.2616834641, -63.463218689, 11.4462614059, -30.8526325226, 11.3389291763, -11.928191185, 10.7402057648, -8.050822258, 8.47424411774, -5.01016378403],
        "cov": [[14768.1386719, -1471.47424316, 2898.52368164, 2364.94140625, 560.494018555, 1397.95959473, 494.691253662, 450.57913208, -738.958435059, 521.472351074, -75.2939071655, 84.5312423706, -584.148742676], [-1471.47424316, 2987.31860352, 220.91242981, 210.186386108, 415.899139404, -157.624771118, 433.608581543, -122.785614014, 359.639221191, 3.2546608448, 423.305114746, -90.3362731934, 204.079544067], [2898.52368164, 220.91242981, 1617.79833984, 1047.14221191, 535.886779785, 532.605285645, 352.709411621, 263.598175049, -109.092292786, 163.678359985, 12.9732675552, -2.35302996635, -119.937644958], [2364.94140625, 210.186386108, 1047.14221191, 1191.1229248, 543.211853027, 514.888916016, 408.259002686, 313.046600342, 13.9356040955, 190.028030396, 52.2248573303, -11.8109102249, -56.5722236633], [560.494018555, 415.899139404, 535.886779785, 543.211853027, 551.527770996, 310.087219238, 281.257751465, 218.785797119, 119.502799988, 101.562606812, 47.5379905701, 17.316947937, 31.3631439209], [1397.95959473, -157.624771118, 532.605285645, 514.888916016, 310.087219238, 481.205352783, 270.266021729, 238.453826904, 6.61068677902, 136.286178589, 14.2970895767, 39.0072555542, -55.4490432739], [494.691253662, 433.608581543, 352.709411621, 408.259002686, 281.257751465, 270.266021729, 480.95111084, 220.729187012, 96.5378952026, 104.179046631, 136.125427246, 29.7453594208, -2.5164835453], [450.57913208, -122.785614014, 263.598175049, 313.046600342, 218.785797119, 238.453826904, 220.729187012, 381.597106934, 131.174682617, 121.832702637, 13.5783910751, 49.0636672974, -3.93896174431], [-738.958435059, 359.639221191, -109.092292786, 13.9356040955, 119.502799988, 6.61068677902, 96.5378952026, 131.174682617, 304.01461792, 108.019775391, 83.2467727661, 8.57120609283, 62.1725502014], [521.472351074, 3.2546608448, 163.678359985, 190.028030396, 101.562606812, 136.286178589, 104.179046631, 121.832702637, 108.019775391, 218.587814331, 101.182044983, 35.754776001, -14.7751922607], [-75.2939071655, 423.305114746, 12.9732675552, 52.2248573303, 47.5379905701, 14.2970895767, 136.125427246, 13.5783910751, 83.2467727661, 101.182044983, 223.557006836, 72.0455627441, 35.7917518616], [84.5312423706, -90.3362731934, -2.35302996635, -11.8109102249, 17.316947937, 39.0072555542, 29.7453594208, 49.0636672974, 8.57120609283, 35.754776001, 72.0455627441, 144.265808105, 48.9936599731], [-584.148742676, 204.079544067, -119.937644958, -56.5722236633, 31.3631439209, -55.4490432739, -2.5164835453, -3.93896174431, 62.1725502014, -14.7751922607, 35.7917518616, 48.9936599731, 149.791519165]],
        "icov": [[0.000172547486727, -3.20333929267e-05, -9.47508378886e-05, -0.000241953093791, 0.000199755464564, -0.0001962089882, 8.23480659164e-05, 3.19768987538e-05, 0.000339209364029, -0.000334414129611, 0.000158936192747, -0.000263749767328, 0.000311568233883], [-3.20333929267e-05, 0.00129326293245, -0.000508773489855, 0.000227583674132, -0.000829392985906, 0.000757622008678, -0.000724013370927, 0.000822964357212, -0.00124866585247, 0.00147389969788, -0.00263510108925, 0.00200375565328, -0.00110681867227], [-9.47508378886e-05, -0.000508773489855, 0.00202484964393, -0.00100318749901, -0.000567496812437, -0.000315067212796, 0.000285489222733, -0.000378777476726, 0.0012624025112, -0.000772495288402, 0.00102377822623, -0.000818590866402, 0.000986050348729], [-0.000241953093791, 0.000227583674132, -0.00100318749901, 0.00336670153774, -0.00141415686812, -0.0004458296753, -0.00063689990202, -0.000482770934468, 7.84060684964e-05, -0.00010509526328, -0.000939557852689, 0.00201190053485, -0.00115415186156], [0.000199755464564, -0.000829392985906, -0.000567496812437, -0.00141415686812, 0.00572565104812, -0.00217750412412, -4.48471982963e-05, -0.000358094752301, -0.00102043116931, -0.000116713323223, 0.00196183403023, -0.0013815574348, -0.000699419237208], [-0.0001962089882, 0.000757622008678, -0.000315067212796, -0.0004458296753, -0.00217750412412, 0.00712597183883, -0.00234844442457, -0.000392907299101, 0.000319466285873, -0.00133076519705, 0.00070875743404, -0.000760810100473, 0.000641603139229], [8.23480659164e-05, -0.000724013370927, 0.000285489222733, -0.00063689990202, -4.48471982963e-05, -0.00234844442457, 0.00580099085346, -0.00239759590477, 0.000602119078394, 0.00115557282697, -0.00272729573771, 0.000467576028313, 0.000832867401186], [3.19768987538e-05, 0.000822964357212, -0.000378777476726, -0.000482770934468, -0.000358094752301, -0.000392907299101, -0.00239759590477, 0.00681323558092, -0.0033053488005, -0.00051259889733, 0.001767884125, -0.00180814566556, 7.66157827456e-05], [0.000339209364029, -0.00124866585247, 0.0012624025112, 7.84060684964e-05, -0.00102043116931, 0.000319466285873, 0.000602119078394, -0.0033053488005, 0.00925847608596, -0.00524064386263, 0.00130807026289, 0.000334976561135, -0.000462307594717], [-0.000334414129611, 0.00147389969788, -0.000772495288402, -0.00010509526328, -0.000116713323223, -0.00133076519705, 0.00115557282697, -0.00051259889733, -0.00524064386263, 0.0124789187685, -0.00792750623077, 0.00257666734979, 2.48625583481e-05], [0.000158936192747, -0.00263510108925, 0.00102377822623, -0.000939557852689, 0.00196183403023, 0.00070875743404, -0.00272729573771, 0.001767884125, 0.00130807026289, -0.00792750623077, 0.0165338013321, -0.00943291280419, 0.0023368683178], [-0.000263749767328, 0.00200375565328, -0.000818590866402, 0.00201190053485, -0.0013815574348, -0.000760810100473, 0.000467576028313, -0.00180814566556, 0.000334976561135, 0.00257666734979, -0.00943291280419, 0.0156165445223, -0.00642496580258], [0.000311568233883, -0.00110681867227, 0.000986050348729, -0.00115415186156, -0.000699419237208, 0.000641603139229, 0.000832867401186, 7.66157827456e-05, -0.000462307594717, 2.48625583481e-05, 0.0023368683178, -0.00642496580258, 0.0118899587542]]
    },
    "melbands": {
        "dmean": [0.00134552549571, 0.000798488326836, 0.000655422336422, 0.000778376532253, 0.000255937484326, 0.00014950845798, 0.000115154231025, 0.000117937161122, 0.000129005449708, 0.000129693566123, 6.40637808829e-05, 5.57928797207e-05, 8.56567712617e-05, 4.42073942395e-05, 4.88606565341e-05, 2.89763629553e-05, 1.4668273252e-05, 1.51193298734e-05, 1.57466947712e-05, 1.421561592e-05, 1.12315419756e-05, 1.18080115499e-05, 8.54727841215e-06, 6.73319436828e-06, 4.49052095064e-06, 5.92759442952e-06, 5.11261350766e-06, 4.38586539531e-06, 3.45647436006e-06, 2.85538544631e-06, 3.2128687053e-06, 2.88714204544e-06, 2.09425252251e-06, 1.63527863606e-06, 1.56180772137e-06, 1.14199451673e-06, 1.11123358693e-06, 8.47036972118e-07, 7.90221179159e-07, 8.59015187871e-07],
        "dmean2": [0.00187164160889, 0.00129477493465, 0.00109286082443, 0.00118619075511, 0.000458765920484, 0.000241628891672, 0.000181101218914, 0.000183219803148, 0.000204708907404, 0.000217100503505, 0.000109350512503, 8.63413297338e-05, 0.00013205241703, 6.81007586536e-05, 7.21528194845e-05, 4.35092551925e-05, 2.40878234763e-05, 2.48133874265e-05, 2.54492751992e-05, 2.31898939091e-05, 1.88520007214e-05, 1.99845544557e-05, 1.44500654642e-05, 1.12023626571e-05, 7.71187023929e-06, 9.76007049758e-06, 8.94166987564e-06, 7.55445944378e-06, 5.95869369135e-06, 4.84200290884e-06, 5.55290171178e-06, 5.09592609887e-06, 3.58746001439e-06, 2.73239243143e-06, 2.5652682325e-06, 1.91843901121e-06, 1.90621744878e-06, 1.41458122016e-06, 1.2883593854e-06, 1.41331065606e-06],
        "dvar": [1.17034396681e-05, 8.21431149234e-06, 5.52212486582e-06, 6.0925381149e-06, 7.98973530891e-07, 8.24863235493e-08, 7.34986826956e-08, 5.38395532601e-08, 1.19051399849e-07, 1.4491921263e-07, 6.36611403593e-08, 2.21110312282e-08, 6.31987191468e-08, 2.70391726787e-08, 2.0818973212e-08, 8.50695780485e-09, 2.29662466822e-09, 1.70604297356e-09, 1.44330802865e-09, 1.65149161013e-09, 8.68283556166e-10, 1.1290000046e-09, 5.43948275311e-10, 3.63347435473e-10, 1.22942406255e-10, 2.39089942289e-10, 1.98467214885e-10, 1.40815276106e-10, 7.77638578531e-11, 5.0493231124e-11, 1.08051928516e-10, 1.19307966284e-10, 4.2005461609e-11, 1.8691838008e-11, 1.57607156492e-11, 8.66853724218e-12, 1.27743822464e-11, 5.18855835033e-12, 4.73574131299e-12, 7.21867184084e-12],
        "dvar2": [1.86822671822e-05, 2.13250696106e-05, 1.40325109896e-05, 1.30983171402e-05, 2.2801027626e-06, 2.14137358512e-07, 1.63472563486e-07, 1.26976189563e-07, 2.76740649952e-07, 4.14187667275e-07, 1.86358434462e-07, 4.77198121018e-08, 1.46706071291e-07, 5.58817738749e-08, 4.42741416862e-08, 1.77742141005e-08, 5.33911448386e-09, 4.30032720544e-09, 3.35825411923e-09, 3.70574770869e-09, 2.25819984934e-09, 2.94065238826e-09, 1.42680356419e-09, 8.98993657295e-10, 3.27642302178e-10, 5.65344437931e-10, 5.53583012763e-10, 3.88201359947e-10, 2.10946593526e-10, 1.34999053603e-10, 3.02041169853e-10, 3.40485084571e-10, 1.16656753701e-10, 4.97617676232e-11, 3.9473035951e-11, 2.26831435579e-11, 3.51377121843e-11, 1.3441364341e-11, 1.19893183922e-11, 1.74504698885e-11],
        "max": [0.0508721247315, 0.0359439849854, 0.0247114580125, 0.0299257971346, 0.0109516745433, 0.00569171272218, 0.00835149828345, 0.00433995341882, 0.011740192771, 0.00798349827528, 0.00911336578429, 0.00551421754062, 0.00696747470647, 0.00552967237309, 0.00444263964891, 0.00288316165097, 0.00242590415291, 0.00114621140528, 0.000919792626519, 0.00120752258226, 0.000626971304882, 0.000948792847339, 0.000808976357803, 0.000423584337113, 0.000242570691626, 0.000420001772, 0.00019062658248, 0.000243639224209, 0.000147956088767, 0.000138015908306, 0.000160004856298, 0.000164464712725, 0.000125348291476, 6.61174854031e-05, 6.23741216259e-05, 4.28879684478e-05, 4.93158513564e-05, 3.39313410223e-05, 3.11505973514e-05, 4.92819162901e-05],
        "mean": [0.00322551024146, 0.00158510403708, 0.000644169107545, 0.00078916864004, 0.000290258729365, 0.000389231106965, 0.000256551778875, 0.0002532407525, 0.000241480709519, 0.000209383637412, 9.53222552198e-05, 0.000102176374639, 0.000146532227518, 7.19266390661e-05, 9.72914858721e-05, 5.62319037272e-05, 2.12985087273e-05, 2.37180738623e-05, 2.62982193817e-05, 2.22069356823e-05, 1.62861051649e-05, 1.66283207363e-05, 1.16448582048e-05, 9.51220317802e-06, 6.27317103863e-06, 7.99202189228e-06, 6.07632591709e-06, 5.94567973167e-06, 4.83958910991e-06, 4.39280711362e-06, 4.00844510295e-06, 3.36857306138e-06, 2.97232759294e-06, 2.48939841185e-06, 2.47009938903e-06, 1.75852346729e-06, 1.54111194206e-06, 1.28538943045e-06, 1.22869255392e-06, 1.17563922686e-06],
        "median": [0.00109786377288, 0.00116737023927, 4.36024456576e-05, 4.87037214043e-05, 9.70605469774e-05, 0.000167930862517, 0.00015093779075, 0.000125051359646, 6.9351750426e-05, 5.51778684894e-05, 2.96269226965e-05, 3.37671590387e-05, 3.51828857674e-05, 1.38773930303e-05, 2.70929449471e-05, 1.65901401488e-05, 5.74814612264e-06, 6.03898024565e-06, 8.50675496622e-06, 6.55004077998e-06, 5.66513517697e-06, 5.83801556786e-06, 2.72045735983e-06, 1.80437996278e-06, 1.13851979222e-06, 1.81328437066e-06, 1.26735437789e-06, 1.04677064883e-06, 1.04288255898e-06, 8.27137796477e-07, 6.17291107119e-07, 4.55410258837e-07, 4.06436555522e-07, 2.93640113114e-07, 2.60947786046e-07, 1.64466825936e-07, 1.28205897454e-07, 1.003810155e-07, 7.80150557489e-08, 6.10354931041e-08],
        "min": [3.04476738251e-23, 8.23914570633e-24, 4.11792689489e-24, 4.35035371656e-24, 5.15500998368e-24, 4.62300416136e-24, 1.46485032995e-23, 1.24249434325e-23, 1.7244772334e-23, 1.17319583151e-23, 6.69623948308e-24, 8.9901412881e-24, 1.52333316424e-23, 8.01724938889e-24, 9.33371782246e-24, 8.70789632255e-24, 1.24595381386e-23, 9.10675228483e-24, 6.0707926921e-24, 4.6613226854e-24, 9.55727311439e-24, 8.5570069529e-24, 7.94505441656e-24, 7.78091770573e-24, 1.14262960136e-23, 1.13238371815e-23, 6.64943005469e-24, 4.28165182032e-24, 1.05713206759e-23, 1.12246860432e-23, 1.58469628748e-23, 9.03883846064e-24, 9.38383257805e-24, 8.62064751757e-24, 6.45861130703e-24, 9.99670808164e-24, 1.03282189885e-23, 9.97909518421e-24, 1.07021934889e-23, 1.19176261955e-23],
        "var": [3.42523671861e-05, 9.38167886488e-06, 4.74178068544e-06, 7.98379733169e-06, 5.24495760601e-07, 3.32733606001e-07, 1.52700550871e-07, 1.3443275293e-07, 2.91235892291e-07, 2.129340686e-07, 7.26983842014e-08, 5.3550543555e-08, 1.27609595779e-07, 5.24349061948e-08, 5.42755529409e-08, 2.1948896034e-08, 3.50266815552e-09, 2.88350543443e-09, 2.82921375216e-09, 3.1478326612e-09, 1.06038422487e-09, 1.24771792898e-09, 7.10841330243e-10, 6.44254316562e-10, 1.6828410887e-10, 3.52066570342e-10, 1.83414533561e-10, 1.76450395961e-10, 8.93831952897e-11, 6.9759378829e-11, 9.41114061681e-11, 8.57097309792e-11, 4.1923256533e-11, 2.45126505899e-11, 2.49042574757e-11, 1.32345514756e-11, 1.34742338814e-11, 7.33837209749e-12, 7.51998203291e-12, 1.12059337504e-11]
    },
    "mfcc": {
        "mean": [-686.177185059, 124.002166748, -8.2912569046, 4.28358793259, -9.18755054474, 0.25113299489, -7.21326255798, 1.05158448219, 3.0837187767, 1.80145466328, 1.21004676819, 9.56199550629, 8.81751251221],
        "cov": [[11532.2363281, -1340.88256836, 1604.27062988, 1408.70727539, 815.458068848, 1040.71350098, 1125.76586914, 622.753723145, 109.179771423, 426.434509277, 386.261749268, 2.93962359428, 77.4230957031], [-1340.88256836, 2441.73266602, -5.09511089325, 269.82989502, 31.2515830994, 60.5656547546, 38.7316360474, -9.42019557953, -8.31497859955, 42.7066383362, 74.4778900146, 187.904205322, 152.55708313], [1604.27062988, -5.09511089325, 961.151123047, 633.217041016, 406.209655762, 385.448455811, 450.956054688, 237.715103149, 100.669715881, 164.865493774, 121.607841492, 42.7709693909, 17.0637435913], [1408.70727539, 269.82989502, 633.217041016, 865.491210938, 438.433837891, 425.515625, 453.777496338, 261.446075439, 171.075164795, 239.500259399, 164.753829956, 99.4473953247, 86.3990783691], [815.458068848, 31.2515830994, 406.209655762, 438.433837891, 492.808502197, 303.136047363, 225.147964478, 157.61265564, 177.038070679, 165.37387085, 78.1655273438, 23.6001834869, 50.7126617432], [1040.71350098, 60.5656547546, 385.448455811, 425.515625, 303.136047363, 424.57913208, 338.508666992, 188.797271729, 112.414924622, 150.065750122, 122.008354187, 62.0387573242, 71.8323822021], [1125.76586914, 38.7316360474, 450.956054688, 453.777496338, 225.147964478, 338.508666992, 524.223571777, 278.057769775, 107.579689026, 136.300994873, 118.024597168, 85.0513381958, 70.8053359985], [622.753723145, -9.42019557953, 237.715103149, 261.446075439, 157.61265564, 188.797271729, 278.057769775, 293.743713379, 152.738647461, 106.611091614, 85.9262619019, 72.2452926636, 61.7023124695], [109.179771423, -8.31497859955, 100.669715881, 171.075164795, 177.038070679, 112.414924622, 107.579689026, 152.738647461, 262.582397461, 143.919677734, 62.8431091309, 64.1314849854, 42.2522163391], [426.434509277, 42.7066383362, 164.865493774, 239.500259399, 165.37387085, 150.065750122, 136.300994873, 106.611091614, 143.919677734, 243.850296021, 122.158622742, 48.508808136, 49.1567344666], [386.261749268, 74.4778900146, 121.607841492, 164.753829956, 78.1655273438, 122.008354187, 118.024597168, 85.9262619019, 62.8431091309, 122.158622742, 210.910232544, 131.45866394, 60.0897483826], [2.93962359428, 187.904205322, 42.7709693909, 99.4473953247, 23.6001834869, 62.0387573242, 85.0513381958, 72.2452926636, 64.1314849854, 48.508808136, 131.45866394, 237.467025757, 114.518211365], [77.4230957031, 152.55708313, 17.0637435913, 86.3990783691, 50.7126617432, 71.8323822021, 70.8053359985, 61.7023124695, 42.2522163391, 49.1567344666, 60.0897483826, 114.518211365, 193.413619995]],
