{
"lowlevel": {
    "average_loudness": 0.877971112728,
    "barkbands_crest": {
        "dmean": 2.42390179634,
        "dmean2": 3.62485647202,
        "dvar": 6.02841091156,
        "dvar2": 12.1673965454,
        "max": 26.1892242432,
        "mean": 11.1961278915,
        "median": 10.2850828171,
        "min": 2.03411483765,
        "var": 23.1586990356
    },
    "barkbands_flatness_db": {
        "dmean": 0.0205350629985,
        "dmean2": 0.0291830338538,
        "dvar": 0.000483470299514,
        "dvar2": 0.000905227498151,
        "max": 0.47057312727,
        "mean": 0.119986347854,
        "median": 0.103708043694,
        "min": 0.0165207702667,
        "var": 0.00464085442945
    },
    "barkbands_kurtosis": {
        "dmean": 2.41402459145,
        "dmean2": 3.44460773468,
        "dvar": 37.23179245,
        "dvar2": 66.0039672852,
        "max": 138.528640747,
        "mean": 3.25144386292,
        "median": 1.04622364044,
        "min": -1.94766509533,
        "var": 72.5000152588
    },
    "barkbands_skewness": {
        "dmean": 0.473444312811,
        "dmean2": 0.658876717091,
        "dvar": 0.38375249505,
        "dvar2": 0.638596117496,
        "max": 11.0932350159,
        "mean": 1.31176006794,
        "median": 1.12883269787,
        "min": -3.39391946793,
        "var": 1.52315151691
    },
    "barkbands_spread": {
        "dmean": 7.02671194077,
        "dmean2": 10.3540992737,
        "dvar": 68.8821716309,
        "dvar2": 139.022720337,
        "max": 120.247909546,
        "mean": 30.4296798706,
        "median": 28.8787021637,
        "min": 0.653243362904,
        "var": 284.948120117
    },
    "dissonance": {
        "dmean": 0.0196513924748,
        "dmean2": 0.0326485075057,
        "dvar": 0.000442930089775,
        "dvar2": 0.00120667973533,
        "max": 0.500000059605,
        "mean": 0.459642231464,
        "median": 0.469924092293,
        "min": 0.184110701084,
        "var": 0.00126005010679
    },
    "dynamic_complexity": 3.98087739944,
    "erbbands_crest": {
        "dmean": 2.85207509995,
        "dmean2": 4.42713737488,
        "dvar": 8.17629718781,
        "dvar2": 17.996049881,
        "max": 31.4839706421,
        "mean": 10.2372817993,
        "median": 9.26366329193,
        "min": 2.30384230614,
        "var": 27.4700737
    },
    "erbbands_flatness_db": {
        "dmean": 0.0163262244314,
        "dmean2": 0.0230235923082,
        "dvar": 0.000256596889812,
        "dvar2": 0.000458393653389,
        "max": 0.488620132208,
        "mean": 0.144449934363,
        "median": 0.127327054739,
        "min": 0.0414151363075,
        "var": 0.00465595815331
    },
    "erbbands_kurtosis": {
        "dmean": 0.97018134594,
        "dmean2": 1.48095059395,
        "dvar": 2.32329678535,
        "dvar2": 5.01295948029,
        "max": 42.3652458191,
        "mean": 0.736393451691,
        "median": -0.175609350204,
        "min": -1.89940524101,
        "var": 7.62718439102
    },
    "erbbands_skewness": {
        "dmean": 0.366626024246,
        "dmean2": 0.535176515579,
        "dvar": 0.131430283189,
        "dvar2": 0.265813142061,
        "max": 5.21713685989,
        "mean": 0.486787647009,
        "median": 0.403608679771,
        "min": -4.00330209732,
        "var": 0.72977411747
    },
    "erbbands_spread": {
        "dmean": 8.64120674133,
        "dmean2": 12.6312999725,
        "dvar": 94.2708358765,
        "dvar2": 188.592605591,
        "max": 151.144851685,
        "mean": 43.4010620117,
        "median": 42.372631073,
        "min": 2.1209666729,
        "var": 466.182098389
    },
    "hfc": {
        "dmean": 8.84183502197,
        "dmean2": 12.3672895432,
        "dvar": 132.266693115,
        "dvar2": 254.64112854,
        "max": 161.89855957,
        "mean": 30.5834293365,
        "median": 27.2764568329,
        "min": 1.09141571682e-16,
        "var": 552.209533691
    },
    "melbands_crest": {
        "dmean": 3.05975818634,
        "dmean2": 4.76005029678,
        "dvar": 10.5451440811,
        "dvar2": 23.543214798,
        "max": 34.8274230957,
        "mean": 15.5191736221,
        "median": 14.4125127792,
        "min": 1.44198727608,
        "var": 37.4502296448
    },
    "melbands_flatness_db": {
        "dmean": 0.0243586879224,
        "dmean2": 0.0343242362142,
        "dvar": 0.00075748807285,
        "dvar2": 0.00142612971831,
        "max": 0.524417042732,
        "mean": 0.177140846848,
        "median": 0.163480892777,
        "min": 0.0015551589895,
        "var": 0.00578929111362
    },
    "melbands_kurtosis": {
        "dmean": 7.63883495331,
        "dmean2": 10.7748832703,
        "dvar": 539.07635498,
        "dvar2": 1018.1907959,
        "max": 536.833435059,
        "mean": 13.6714887619,
        "median": 6.08218955994,
        "min": -1.74060297012,
        "var": 908.841369629
    },
    "melbands_skewness": {
        "dmean": 0.709370732307,
        "dmean2": 0.980974435806,
        "dvar": 1.13231813908,
        "dvar2": 1.89899384975,
        "max": 18.2204990387,
        "mean": 2.45863676071,
        "median": 2.07331848145,
        "min": -1.30959272385,
        "var": 3.96922874451
    },
    "melbands_spread": {
        "dmean": 7.8673377037,
        "dmean2": 11.5857305527,
        "dvar": 107.688179016,
        "dvar2": 229.770446777,
        "max": 234.802459717,
        "mean": 30.5810413361,
        "median": 27.1066112518,
        "min": 0.959728360176,
        "var": 446.271514893
    },
    "pitch_salience": {
        "dmean": 0.0671205148101,
        "dmean2": 0.104178793728,
        "dvar": 0.00573206180707,
        "dvar2": 0.0129512185231,
        "max": 0.956216335297,
        "mean": 0.51288074255,
        "median": 0.519316971302,
        "min": 0.0689613670111,
        "var": 0.0162920281291
    },
    "silence_rate_20dB": {
        "dmean": 0,
        "dmean2": 0,
        "dvar": 0,
        "dvar2": 0,
        "max": 1,
        "mean": 1,
        "median": 1,
        "min": 1,
        "var": 0
    },
    "silence_rate_30dB": {
        "dmean": 0,
        "dmean2": 0,
        "dvar": 0,
        "dvar2": 0,
        "max": 1,
        "mean": 1,
        "median": 1,
        "min": 1,
        "var": 0
    },
    "silence_rate_60dB": {
        "dmean": 0.00811161566526,
        "dmean2": 0.0162245482206,
        "dvar": 0.00804536882788,
        "dvar2": 0.0183964148164,
        "max": 1,
        "mean": 0.0833806470037,
        "median": 0,
        "min": 0,
        "var": 0.0764303952456
    },
    "spectral_centroid": {
        "dmean": 273.520935059,
        "dmean2": 401.556304932,
        "dvar": 95010.421875,
        "dvar2": 183406.6875,
        "max": 12007.4697266,
        "mean": 1716.3293457,
        "median": 1635.60388184,
        "min": 242.144439697,
        "var": 547848.5
    },
    "spectral_complexity": {
        "dmean": 4.90412092209,
        "dmean2": 7.15307855606,
        "dvar": 30.9924106598,
        "dvar2": 59.999797821,
        "max": 59,
        "mean": 19.8621139526,
        "median": 18,
        "min": 0,
        "var": 148.740890503
    },
    "spectral_decrease": {
        "dmean": 1.3843773905e-09,
        "dmean2": 1.93432447837e-09,
        "dvar": 2.8185658249e-18,
        "dvar2": 5.47549311347e-18,
        "max": 1.47896806735e-28,
        "mean": -6.36014485522e-09,
        "median": -6.12045303328e-09,
        "min": -2.71264219975e-08,
        "var": 1.52292917409e-17
    },
    "spectral_energy": {
        "dmean": 0.00572485104203,
        "dmean2": 0.00794686656445,
        "dvar": 4.59278016933e-05,
        "dvar2": 8.77056299942e-05,
        "max": 0.108009196818,
        "mean": 0.0267785843462,
        "median": 0.0259104222059,
        "min": 1.05183228483e-20,
        "var": 0.000261799257714
    },
    "spectral_energyband_high": {
        "dmean": 0.000743820972275,
        "dmean2": 0.00107400317211,
        "dvar": 1.19048695524e-06,
        "dvar2": 2.47143202614e-06,
        "max": 0.0177317131311,
        "mean": 0.00187074404676,
        "median": 0.00135942897759,
        "min": 7.35848644597e-21,
        "var": 3.42167618328e-06
    },
    "spectral_energyband_low": {
        "dmean": 0.00254270993173,
        "dmean2": 0.00380921945907,
        "dvar": 2.16554672079e-05,
        "dvar2": 4.69859587611e-05,
        "max": 0.0484244711697,
        "mean": 0.00772021757439,
        "median": 0.00751498620957,
        "min": 2.62806044457e-23,
        "var": 5.48044336028e-05
    },
    "spectral_energyband_middle_high": {
        "dmean": 0.0024275155738,
        "dmean2": 0.00332149723545,
        "dvar": 1.35628597491e-05,
        "dvar2": 2.34091694438e-05,
        "max": 0.0710973590612,
        "mean": 0.0071598966606,
        "median": 0.004063162487,
        "min": 1.49664922468e-21,
        "var": 7.63748103054e-05
    },
    "spectral_energyband_middle_low": {
        "dmean": 0.00374535936862,
        "dmean2": 0.00553550338373,
        "dvar": 3.1805720937e-05,
        "dvar2": 7.0501017035e-05,
        "max": 0.0996020063758,
        "mean": 0.0105995368212,
        "median": 0.00793115235865,
        "min": 2.20557254459e-22,
        "var": 9.85200022114e-05
    },
    "spectral_entropy": {
        "dmean": 0.148791626096,
        "dmean2": 0.217731788754,
        "dvar": 0.0250048656017,
        "dvar2": 0.0514739081264,
        "max": 9.81546401978,
        "mean": 7.79753017426,
        "median": 7.92657709122,
        "min": 5.02058649063,
        "var": 0.309085816145
    },
    "spectral_flux": {
        "dmean": 0.0238269679248,
        "dmean2": 0.0351646840572,
        "dvar": 0.000661844969727,
        "dvar2": 0.00131649291143,
        "max": 0.313185095787,
        "mean": 0.078223541379,
        "median": 0.0697768330574,
        "min": 6.71556907306e-11,
        "var": 0.00219042110257
    },
    "spectral_kurtosis": {
        "dmean": 1.32322025299,
        "dmean2": 2.18804621696,
        "dvar": 18.1269435883,
        "dvar2": 51.4816474915,
        "max": 141.942352295,
        "mean": 4.32459449768,
        "median": 2.4767665863,
        "min": -1.42706978321,
        "var": 104.162696838
    },
    "spectral_rms": {
        "dmean": 0.000537787796929,
        "dmean2": 0.000736171670724,
        "dvar": 3.46542435636e-07,
        "dvar2": 6.36216554994e-07,
        "max": 0.0102652246132,
        "mean": 0.0047767800279,
        "median": 0.00502776913345,
        "min": 3.20340108606e-12,
        "var": 3.30798775394e-06
    },
    "spectral_rolloff": {
        "dmean": 702.722473145,
        "dmean2": 1126.63464355,
        "dvar": 1331423,
        "dvar2": 2785971,
        "max": 19422.9492188,
        "mean": 2114.07714844,
        "median": 1421.19140625,
        "min": 64.599609375,
        "var": 4006041.5
    },
    "spectral_skewness": {
        "dmean": 0.168776392937,
        "dmean2": 0.265163362026,
        "dvar": 0.0689551457763,
        "dvar2": 0.184613272548,
        "max": 9.28101825714,
        "mean": 1.4725342989,
        "median": 1.3232909441,
        "min": -0.098503626883,
        "var": 0.625378012657
    },
    "spectral_spread": {
        "dmean": 601177.5625,
        "dmean2": 897164.5,
        "dvar": 600575770624,
        "dvar2": 1.13167210906e+12,
        "max": 42118504,
        "mean": 6029510.5,
        "median": 6034748.5,
        "min": 512692.78125,
        "var": 3.73491079578e+12
    },
    "spectral_strongpeak": {
        "dmean": 0.646067261696,
        "dmean2": 1.05947601795,
        "dvar": 1.20460486412,
        "dvar2": 2.77741408348,
        "max": 15.4694738388,
        "mean": 1.38068580627,
        "median": 0.480828881264,
        "min": 0,
        "var": 2.94806981087
    },
    "zerocrossingrate": {
        "dmean": 0.0135040581226,
        "dmean2": 0.0153521215543,
        "dvar": 0.000223340524826,
        "dvar2": 0.00025952613214,
        "max": 0.72314453125,
        "mean": 0.0856664478779,
        "median": 0.07861328125,
        "min": 0.00439453125,
        "var": 0.00223745731637
    },
    "barkbands": {
        "dmean": [0.000153929591761, 0.00212429417297, 0.000997017486952, 0.000591304444242, 0.000922524661291, 0.000984280603006, 0.000912466377486, 0.000509706325829, 0.0014486189466, 0.00104307022411, 0.000554995669518, 0.000505522650201, 0.000316689838655, 0.000322249048622, 0.000300487037748, 0.000277845421806, 0.000286565336864, 0.000189485421288, 0.000200658134418, 0.000215056454181, 0.000191778235603, 0.000137603434268, 0.000116278402857, 0.000160290263011, 0.000166499870829, 6.76032068441e-05, 1.72734398802e-05],
        "dmean2": [0.00022925142548, 0.00302680488676, 0.001773684402, 0.00102268287446, 0.00145943381358, 0.00151824066415, 0.00134649605025, 0.000775262538809, 0.00210306397639, 0.00151726976037, 0.00081587099703, 0.00073639821494, 0.000489962054417, 0.000502021401189, 0.000465293618618, 0.000432327011367, 0.000451359228464, 0.000298661238048, 0.000306779576931, 0.000334926124196, 0.000293543067528, 0.000209718651604, 0.000176175803063, 0.000245191593422, 0.000250105367741, 0.000102346508356, 2.78794359474e-05],
        "dvar": [8.44042702397e-08, 1.64379907801e-05, 1.14164686238e-05, 2.6705995424e-06, 4.40641633759e-06, 4.37346307081e-06, 6.83030111759e-06, 1.79207711426e-06, 1.21504754134e-05, 8.27351959742e-06, 2.21854793381e-06, 1.69959025698e-06, 5.55833253202e-07, 7.89408204582e-07, 7.23758660115e-07, 3.96189250296e-07, 4.22581194925e-07, 1.31823057359e-07, 1.42353101751e-07, 1.36869616085e-07, 7.41889110145e-08, 6.33361096902e-08, 4.65720795262e-08, 8.38980440676e-08, 1.10216490157e-07, 1.48723025006e-08, 7.79912134874e-10],
        "dvar2": [1.97829081117e-07, 2.97033784591e-05, 3.20734070556e-05, 7.54890970711e-06, 1.10398696052e-05, 9.18983732845e-06, 1.49592233356e-05, 4.02856403525e-06, 2.3454627808e-05, 1.5916340999e-05, 4.24654217568e-06, 2.96081225315e-06, 1.18528475923e-06, 1.58832961006e-06, 1.42702526773e-06, 8.64119726884e-07, 1.00844863482e-06, 2.99716987229e-07, 3.10880921006e-07, 3.25135232515e-07, 1.73483783783e-07, 1.48045174342e-07, 1.01348341275e-07, 1.8323379436e-07, 2.3096293944e-07, 3.35181624678e-08, 1.84215920296e-09],
        "max": [0.00570588884875, 0.0407582186162, 0.0319389887154, 0.035937551409, 0.0678940042853, 0.0506630428135, 0.0590226091444, 0.0363693982363, 0.0633200630546, 0.0620553977787, 0.0367064811289, 0.0395649932325, 0.0199589170516, 0.0361017659307, 0.0436302833259, 0.0150266457349, 0.0208547078073, 0.010986847803, 0.00927626807243, 0.0125596430153, 0.00469167809933, 0.00797727983445, 0.00778345344588, 0.00538128055632, 0.00974706653506, 0.00332547328435, 0.000327139539877],
        "mean": [0.0003926383215, 0.00597984250635, 0.000953972223215, 0.000806443218607, 0.00182153901551, 0.00203356193379, 0.00179189420305, 0.000854064885061, 0.00296325120144, 0.0019937348552, 0.000967544387095, 0.00100036943331, 0.000476339278976, 0.000492555031087, 0.000481470051454, 0.0004474343732, 0.000476837391034, 0.000336209253874, 0.00039492698852, 0.000440866802819, 0.000405336613767, 0.000268070754828, 0.00021797210502, 0.000318637903547, 0.000321571133099, 0.000120004384371, 2.15985746763e-05],
        "median": [0.000144398261909, 0.00553156156093, 0.000176744550117, 0.000198192894459, 0.000788854667917, 0.000707297935151, 0.000353294890374, 0.0002438667143, 0.000479776092106, 0.00023390458955, 0.000209591875318, 0.000236298074014, 0.000177199181053, 0.000175826033228, 0.000181259703822, 0.000160026233061, 0.000180227536475, 0.000150120395119, 0.000178756206878, 0.000257210398559, 0.000293405610137, 0.000159012124641, 0.000126999875647, 0.000193256651983, 0.000185984768905, 6.25851025688e-05, 4.67855397801e-06],
        "min": [1.98625768768e-24, 8.65976791872e-24, 1.06510204764e-24, 2.85989648831e-24, 1.61840431396e-23, 2.04297856171e-23, 4.16656892605e-23, 3.90178492331e-23, 2.57075648401e-23, 4.50731581634e-23, 3.25879828342e-23, 3.09223156546e-23, 6.28505173158e-23, 6.57078030689e-23, 1.04657671425e-22, 6.57300615682e-23, 1.52883035724e-22, 1.46636380692e-22, 2.15212690272e-22, 2.49080117142e-22, 2.94032289286e-22, 3.78657147256e-22, 5.61565617428e-22, 5.74864777304e-22, 1.04463914565e-21, 1.34321610678e-21, 1.9515531232e-21],
        "var": [3.0255347383e-07, 3.96686155e-05, 7.56343570174e-06, 2.84954876406e-06, 9.98079667625e-06, 1.39037783811e-05, 1.76609937625e-05, 3.49518677467e-06, 4.08265950682e-05, 3.36841549142e-05, 6.21685694568e-06, 7.76272827352e-06, 1.05591414012e-06, 1.70873079242e-06, 1.55942950641e-06, 8.62081037667e-07, 9.83358404483e-07, 3.75639444883e-07, 4.52659492112e-07, 3.88929151995e-07, 1.72212509142e-07, 1.21048458368e-07, 9.9255842656e-08, 1.77579423166e-07, 2.30985335747e-07, 2.83732006778e-08, 1.22611065745e-09]
    },
    "erbbands": {
        "dmean": [0.085339486599, 0.446435451508, 1.04804813862, 1.65695345402, 2.17905235291, 3.3081703186, 6.28963851929, 8.77048206329, 11.9258594513, 12.7615804672, 13.0486326218, 28.6122665405, 35.520450592, 28.3419551849, 21.187877655, 17.8170051575, 14.2522649765, 14.2620048523, 14.4287929535, 15.4667043686, 15.1356477737, 15.3940258026, 10.2816982269, 9.21775245667, 10.5973443985, 9.97117710114, 8.27363681793, 7.01801109314, 5.14263534546, 3.79257392883, 3.37050461769, 3.36837124825, 2.7640273571, 1.98965501785, 1.2063703537, 0.374064743519, 0.114147379994, 0.0302930362523, 0.00255762995221, 4.24090612796e-05],
        "dmean2": [0.110074020922, 0.621004402637, 1.78292572498, 2.87525439262, 3.56275963783, 5.20384407043, 9.83086013794, 13.3483724594, 17.7977771759, 18.6122665405, 19.5223026276, 42.2520828247, 51.0520095825, 39.7808914185, 30.433347702, 25.8535881042, 21.4620094299, 22.3378791809, 22.0435371399, 23.8167991638, 23.2268505096, 23.9463291168, 16.0764694214, 14.1517829895, 15.9939346313, 15.4645214081, 12.5277452469, 10.8507833481, 7.8452167511, 5.70885705948, 5.12492704391, 5.16027259827, 4.24574279785, 3.01852297783, 1.83287036419, 0.564510583878, 0.174248874187, 0.0472329072654, 0.00411602668464, 6.52635208098e-05],
        "dvar": [0.0234505794942, 0.858628928661, 11.2767391205, 22.0738773346, 50.4324493408, 63.6555252075, 162.528411865, 431.513580322, 1285.12268066, 1598.56799316, 1097.79345703, 5493.46484375, 8036.36474609, 5992.85253906, 2727.73535156, 1987.88317871, 1088.66601562, 1133.61950684, 1751.52575684, 1661.10339355, 1303.44165039, 1257.10168457, 394.588378906, 309.294921875, 356.365539551, 330.104705811, 178.720108032, 96.6742095947, 78.9244842529, 59.0569343567, 42.7124214172, 35.3208847046, 28.8192825317, 15.2466993332, 6.9920258522, 0.594093263149, 0.0359224639833, 0.00245092157274, 1.68246951944e-05, 3.96899313415e-09],
        "dvar2": [0.0389998741448, 1.64768660069, 30.5375556946, 62.0032348633, 149.670562744, 142.674591064, 361.846160889, 895.065368652, 2828.73144531, 3348.71972656, 2300.30712891, 11259.7373047, 16111.0175781, 11010.5175781, 5312.17382812, 3677.20947266, 2270.95410156, 2369.36865234, 3573.1418457, 3256.06835938, 2890.3840332, 2906.26000977, 924.030273438, 702.056518555, 720.048034668, 770.391662598, 423.974151611, 230.35005188, 182.834091187, 134.641784668, 94.1404037476, 75.240814209, 65.7366104126, 32.8682785034, 15.4514226913, 1.33812224865, 0.0811615884304, 0.00543075194582, 3.99998389184e-05, 8.97557583812e-09],
        "max": [1.7120680809, 9.26107883453, 31.5165863037, 72.3601303101, 252.835632324, 257.46975708, 283.562316895, 501.557495117, 834.153686523, 1089.56640625, 1051.3873291, 1573.77185059, 1729.99719238, 1886.37475586, 1517.69287109, 1540.53125, 847.908752441, 1435.04626465, 1557.45507812, 2087.59277344, 1027.50500488, 1411.203125, 681.309448242, 365.055755615, 689.46685791, 615.380371094, 278.0128479, 221.502166748, 212.246780396, 285.692077637, 221.434341431, 117.96421814, 111.026222229, 93.9408874512, 85.4998474121, 25.4482593536, 4.57456874847, 0.706950843334, 0.0457765497267, 0.00072249758523],
        "mean": [0.235380455852, 1.07813715935, 1.2254140377, 2.08393883705, 3.85110139847, 6.30658197403, 12.2694168091, 17.6027793884, 22.316947937, 26.2481746674, 24.674282074, 56.4429664612, 71.4915313721, 57.2492179871, 42.0782089233, 33.8921585083, 23.6592082977, 22.899023056, 24.6195583344, 26.8525676727, 25.8153438568, 27.6631698608, 19.4333133698, 18.3172473907, 22.0928859711, 21.0044670105, 17.0437850952, 14.5053777695, 10.0415487289, 7.14812374115, 6.29644489288, 6.46361398697, 5.26726007462, 3.80149626732, 2.17251873016, 0.672157287598, 0.197666481137, 0.046939689666, 0.00325239426456, 9.15065902518e-05],
        "median": [0.193202808499, 0.767413020134, 0.402161538601, 0.562080621719, 1.36532747746, 2.51819896698, 4.32114601135, 6.22196960449, 5.73268604279, 6.1505522728, 8.56876277924, 11.0592489243, 12.6811008453, 12.2809610367, 12.7014036179, 10.871465683, 9.75466918945, 9.41995429993, 9.9680185318, 10.466509819, 10.6828374863, 10.9243440628, 9.34827041626, 8.74121856689, 11.0867795944, 12.4265022278, 11.472864151, 10.3930063248, 5.984603405, 3.80401468277, 3.73364710808, 3.93348121643, 3.09674668312, 2.17548751831, 1.17432487011, 0.369874149561, 0.0990745574236, 0.0190562400967, 0.000745749974158, 6.25322281849e-05],
        "min": [2.96156811611e-22, 1.07207403661e-21, 5.07250900748e-21, 6.97557856274e-21, 2.90510936384e-20, 5.20666510126e-20, 9.42494889069e-20, 1.66935426145e-19, 3.16452289746e-19, 7.25366621568e-19, 6.81876928779e-19, 6.22711284502e-19, 6.36290229739e-19, 1.45821726313e-18, 1.40541212077e-18, 1.78710282711e-18, 2.7625113103e-18, 2.6570799034e-18, 5.6008312422e-18, 5.42575143452e-18, 5.73620762125e-18, 9.50446984718e-18, 8.2542632791e-18, 1.04568310105e-17, 1.08413814871e-17, 1.21027541662e-17, 9.8018023999e-18, 1.08179118915e-17, 1.198321416e-17, 1.83034456217e-17, 1.48933604592e-17, 1.35745740009e-17, 8.52887400758e-18, 1.12682902284e-17, 7.25514076852e-18, 4.89988335421e-18, 2.62164555391e-18, 1.04595396135e-18, 2.83423433176e-19, 2.59496752513e-20],
        "var": [0.0587763600051, 1.86677622795, 8.60406589508, 19.1250782013, 68.7566680908, 166.108612061, 509.739379883, 1211.21020508, 3013.07446289, 4807.56835938, 2541.24316406, 16462.6445312, 26810.5625, 19436.703125, 8304.828125, 6417.19189453, 2269.01904297, 2287.43432617, 4133.1875, 4334.91113281, 2638.94140625, 3686.52905273, 1149.78100586, 875.797241211, 1331.4552002, 935.006652832, 382.228881836, 222.601776123, 155.253936768, 117.856994629, 84.6405334473, 74.7477416992, 54.3225479126, 30.4373664856, 13.1775426865, 1.10802960396, 0.0693759992719, 0.00448038056493, 2.69423780992e-05, 8.50506332029e-09]
    },
    "gfcc": {
        "mean": [9.18361282349, 51.2578125, -110.200706482, 20.4875202179, -65.7364807129, 16.7794532776, -33.9646759033, 16.3015708923, -25.3714389801, 10.8596191406, -15.0539951324, 5.77946376801, -3.57113695145],
        "cov": [[17861.4199219, -2302.02636719, 1600.42504883, 2268.09399414, 824.911743164, 1297.63635254, -45.1258811951, 1084.02954102, -144.633117676, 414.966949463, -223.256973267, 325.43447876, -104.404953003], [-2302.02636719, 1430.03991699, -162.768417358, -375.771911621, 32.9040603638, -157.914428711, 140.58581543, -137.932647705, 125.00403595, 0.522865414619, 118.625587463, -76.857421875, 134.69140625], [1600.42504883, -162.768417358, 1068.17883301, 599.645385742, 353.14855957, 374.615234375, 66.5966796875, 282.490783691, 83.6399307251, 146.304412842, 66.2232894897, 120.715232849, -15.4919948578], [2268.09399414, -375.771911621, 599.645385742, 889.990722656, 334.970245361, 318.642578125, 81.1594390869, 280.612762451, 54.9959220886, 138.27482605, 41.2194366455, 92.6562728882, -35.8922157288], [824.911743164, 32.9040603638, 353.14855957, 334.970245361, 435.821411133, 271.23727417, 120.603118896, 141.083786011, 77.0969238281, 55.7123985291, 7.93462467194, 47.7864875793, -23.1047039032], [1297.63635254, -157.914428711, 374.615234375, 318.642578125, 271.23727417, 438.315185547, 127.632003784, 200.323410034, 55.6999511719, 104.421592712, -1.56211221218, 72.5041122437, 34.9044685364], [-45.1258811951, 140.58581543, 66.5966796875, 81.1594390869, 120.603118896, 127.632003784, 244.319915771, 107.988807678, 82.8994598389, 57.7836799622, 25.9276981354, 18.7280597687, 27.5505828857], [1084.02954102, -137.932647705, 282.490783691, 280.612762451, 141.083786011, 200.323410034, 107.988807678, 305.133178711, 86.7925872803, 92.1218795776, 49.2572937012, 55.666267395, 35.8864250183], [-144.633117676, 125.00403595, 83.6399307251, 54.9959220886, 77.0969238281, 55.6999511719, 82.8994598389, 86.7925872803, 179.674636841, 103.571037292, 53.0854187012, 21.5437164307, 9.41603279114], [414.966949463, 0.522865414619, 146.304412842, 138.27482605, 55.7123985291, 104.421592712, 57.7836799622, 92.1218795776, 103.571037292, 198.836868286, 90.535774231, 43.1893081665, 39.4419555664], [-223.256973267, 118.625587463, 66.2232894897, 41.2194366455, 7.93462467194, -1.56211221218, 25.9276981354, 49.2572937012, 53.0854187012, 90.535774231, 170.739334106, 45.1113433838, 35.7969818115], [325.43447876, -76.857421875, 120.715232849, 92.6562728882, 47.7864875793, 72.5041122437, 18.7280597687, 55.666267395, 21.5437164307, 43.1893081665, 45.1113433838, 116.044258118, 45.4723739624], [-104.404953003, 134.69140625, -15.4919948578, -35.8922157288, -23.1047039032, 34.9044685364, 27.5505828857, 35.8864250183, 9.41603279114, 39.4419555664, 35.7969818115, 45.4723739624, 168.063415527]],
        "icov": [[0.00012412230717, 1.85441294889e-05, 6.01923675276e-05, -0.000167753212736, -2.21826503548e-05, -0.000125754639157, 0.000209663950955, -0.000350919901393, 0.000336688797688, -0.000323984888382, 0.000317878293572, -0.000157838556333, 0.00012776737276], [1.85441294889e-05, 0.00154582504183, -0.000360837235348, 0.000463188393041, -0.000828952877782, 0.000585431873333, -0.000894735683687, 0.00105310208164, -0.00111941527575, 0.000739171984605, -0.00126978044864, 0.00171599013265, -0.00178002298344], [6.01923675276e-05, -0.000360837235348, 0.00205147103406, -0.000792337872554, -0.00035808555549, -0.000880483654328, 0.000965217652265, -0.00102010602131, 0.000423728663009, -0.000549126882106, 0.000156933427206, -0.00117778975982, 0.00093007524265], [-0.000167753212736, 0.000463188393041, -0.000792337872554, 0.00291352695785, -0.00129378121346, 0.000457712332718, -0.000335156772053, -0.000607422669418, 0.000359587691491, -0.000617982528638, -0.000510011974256, 0.000160055918968, 0.000175689347088], [-2.21826503548e-05, -0.000828952877782, -0.00035808555549, -0.00129378121346, 0.00554220285267, -0.00260887108743, -0.000623431580607, 0.000456296635093, -0.00124360853806, 0.00142546196003, 0.000204981610295, -0.000846451264806, 0.00157027191017], [-0.000125754639157, 0.000585431873333, -0.000880483654328, 0.000457712332718, -0.00260887108743, 0.00632557366043, -0.00170064950362, -0.000938705576118, 0.000897076912224, -0.0018295343034, 0.00146931584459, -0.000301436055452, -0.00157617917284], [0.000209663950955, -0.000894735683687, 0.000965217652265, -0.000335156772053, -0.000623431580607, -0.00170064950362, 0.00706215156242, -0.00251740845852, -0.000529266311787, -0.000864041212481, 0.000937788980082, -0.000769674021285, 0.000752984837163], [-0.000350919901393, 0.00105310208164, -0.00102010602131, -0.000607422669418, 0.000456296635093, -0.000938705576118, -0.00251740845852, 0.0086027039215, -0.00393220549449, 0.00246389303356, -0.00278424937278, 0.00186819327064, -0.00272267381661], [0.000336688797688, -0.00111941527575, 0.000423728663009, 0.000359587691491, -0.00124360853806, 0.000897076912224, -0.000529266311787, -0.00393220549449, 0.0120961321518, -0.00673115486279, 0.00202354905196, -0.00212955288589, 0.0028384453617], [-0.000323984888382, 0.000739171984605, -0.000549126882106, -0.000617982528638, 0.00142546196003, -0.0018295343034, -0.000864041212481, 0.00246389303356, -0.00673115486279, 0.0124131990597, -0.00566342892125, 0.00183040194679, -0.00260981475003], [0.000317878293572, -0.00126978044864, 0.000156933427206, -0.000510011974256, 0.000204981610295, 0.00146931584459, 0.000937788980082, -0.00278424937278, 0.00202354905196, -0.00566342892125, 0.0111477943137, -0.00442676246166, 0.00132351077627], [-0.000157838556333, 0.00171599013265, -0.00117778975982, 0.000160055918968, -0.000846451264806, -0.000301436055452, -0.000769674021285, 0.00186819327064, -0.00212955288589, 0.00183040194679, -0.00442676246166, 0.0145198386163, -0.00517014740035], [0.00012776737276, -0.00178002298344, 0.00093007524265, 0.000175689347088, 0.00157027191017, -0.00157617917284, 0.000752984837163, -0.00272267381661, 0.0028384453617, -0.00260981475003, 0.00132351077627, -0.00517014740035, 0.0101509103552]]
    },
    "melbands": {
        "dmean": [0.000657248077914, 0.000513225910254, 0.000295146135613, 0.000181285577128, 0.000205401622225, 0.000194097636268, 0.000182652132935, 0.000129593681777, 0.000124021345982, 0.000195488551981, 0.000183361640666, 0.000124769649119, 7.74423824623e-05, 5.91236166656e-05, 4.10242791986e-05, 2.99634848488e-05, 2.76707087323e-05, 2.54840597336e-05, 2.2436852305e-05, 2.03654508368e-05, 1.83405936696e-05, 1.84219152288e-05, 1.11230065158e-05, 1.01836940303e-05, 7.81211292633e-06, 8.92714433576e-06, 8.08863114798e-06, 6.87097281116e-06, 5.79908055443e-06, 5.01004387843e-06, 4.19490606873e-06, 3.15307715937e-06, 2.7638532174e-06, 2.07176458389e-06, 2.02587943932e-06, 2.15041109186e-06, 2.15842396756e-06, 2.00881527235e-06, 1.985594281e-06, 1.75018976734e-06],
        "dmean2": [0.000874713703524, 0.000783012248576, 0.000504414434545, 0.000286777853034, 0.00032159948023, 0.000296407873975, 0.000272415752988, 0.000189908241737, 0.000185700700968, 0.000285613437882, 0.000264048489043, 0.000175616354682, 0.000111813118565, 8.42322697281e-05, 6.12981239101e-05, 4.6308596211e-05, 4.37496237282e-05, 3.9291990106e-05, 3.46723827533e-05, 3.17847370752e-05, 2.85929818347e-05, 2.89907329716e-05, 1.76297289727e-05, 1.6207812223e-05, 1.21993452922e-05, 1.36601674967e-05, 1.26343747979e-05, 1.08147351057e-05, 8.94746881386e-06, 7.88595116319e-06, 6.61860394757e-06, 4.87824718221e-06, 4.35043648395e-06, 3.17479089063e-06, 3.13984423883e-06, 3.35191271006e-06, 3.34924720846e-06, 3.14365070153e-06, 3.08606104227e-06, 2.69871725322e-06],
        "dvar": [1.38449138376e-06, 1.74818126197e-06, 6.45887439532e-07, 2.30649078503e-07, 1.58837991648e-07, 1.92737843463e-07, 2.79137850612e-07, 1.50397838183e-07, 1.08345986405e-07, 2.3721597131e-07, 2.13825487094e-07, 1.2002912797e-07, 3.94622254873e-08, 2.82471237512e-08, 8.75116246135e-09, 5.80508752179e-09, 5.39454791948e-09, 6.23220763885e-09, 4.4038510616e-09, 2.35733921272e-09, 2.19075269037e-09, 2.0434673953e-09, 5.92758730988e-10, 4.10689926511e-10, 2.67074279359e-10, 3.64144214782e-10, 2.10552117408e-10, 1.67781372129e-10, 1.11293217697e-10, 6.04870459275e-11, 3.85504232703e-11, 2.68727748387e-11, 3.98274295488e-11, 1.67063845397e-11, 1.79802266825e-11, 1.53559005789e-11, 1.4404312812e-11, 1.47118324467e-11, 1.7109600195e-11, 1.26431998551e-11],
        "dvar2": [2.26220913646e-06, 4.39322502643e-06, 1.84194698249e-06, 5.95562198669e-07, 3.55945417141e-07, 4.02900752761e-07, 6.17375121692e-07, 3.18602303651e-07, 2.22707527087e-07, 4.69576917794e-07, 4.23845762043e-07, 2.17347192688e-07, 7.57649019079e-08, 4.55114594899e-08, 1.66674745117e-08, 1.32157511601e-08, 1.14686171671e-08, 1.25612258373e-08, 7.780474931e-09, 4.90758722549e-09, 4.98546537386e-09, 4.73198902284e-09, 1.3955495648e-09, 9.60937329708e-10, 6.17819240212e-10, 7.54819651227e-10, 4.6937953524e-10, 4.06055994384e-10, 2.7982585693e-10, 1.44087922149e-10, 9.43481959226e-11, 6.30617363884e-11, 9.79617290064e-11, 3.73473821313e-11, 4.03695132878e-11, 3.52510208523e-11, 3.09381791019e-11, 3.37677212581e-11, 3.98122541878e-11, 2.81828275994e-11],
        "max": [0.0130156101659, 0.0140051133931, 0.0138199105859, 0.017476901412, 0.00780499121174, 0.00979743804783, 0.0132407648489, 0.0104177277535, 0.0088415555656, 0.0102775041014, 0.00881778541952, 0.00791088026017, 0.00487939221784, 0.00544808106497, 0.00414629792795, 0.00276397936977, 0.00332774035633, 0.00352020096034, 0.00459814770147, 0.0018755744677, 0.00128479197156, 0.00195249076933, 0.000822736590635, 0.000596056517679, 0.000337453937391, 0.000558061699849, 0.000779922585934, 0.000383858627174, 0.000272064411547, 0.000135298527312, 0.000118474374176, 9.73710484686e-05, 0.000226262171054, 0.000141563476063, 0.00014316488523, 9.20122402022e-05, 7.93008439359e-05, 7.70937840571e-05, 0.000113159076136, 9.04336338863e-05],
        "mean": [0.00185891753063, 0.000913684954867, 0.000412814348238, 0.000350801943569, 0.000410121661844, 0.000395174894948, 0.000347576424247, 0.000258226005826, 0.000225488955039, 0.000390151137253, 0.000367333006579, 0.000246924464591, 0.000143286131788, 0.000121216806292, 6.36130571365e-05, 4.64881049993e-05, 4.16445036535e-05, 4.02514706366e-05, 3.57894095941e-05, 3.34800279234e-05, 2.80129133898e-05, 3.08785893139e-05, 1.83152224054e-05, 1.7449430743e-05, 1.38170144055e-05, 1.68949900399e-05, 1.53967703227e-05, 1.31665510708e-05, 1.08557305794e-05, 9.49555033003e-06, 7.98783912614e-06, 5.75837520955e-06, 4.79902200823e-06, 3.65541814062e-06, 3.52396205017e-06, 3.84751865568e-06, 3.93798700316e-06, 3.63655476576e-06, 3.5432601635e-06, 3.13224313686e-06],
        "median": [0.00176868354902, 0.000506175099872, 0.000132634915644, 0.000145010635606, 0.000156577632879, 0.000139045892865, 8.72274322319e-05, 6.00542516622e-05, 5.97919279244e-05, 6.28311099717e-05, 5.19108034496e-05, 3.93239934056e-05, 3.68277869711e-05, 2.51157234743e-05, 2.18928416871e-05, 1.79712315003e-05, 1.55756060849e-05, 1.38480991154e-05, 1.29675581775e-05, 1.1251806427e-05, 1.06575489554e-05, 1.03019929156e-05, 7.83121140557e-06, 7.29494104235e-06, 6.07310630585e-06, 7.06816035745e-06, 8.42254485178e-06, 7.1434496931e-06, 6.56708834867e-06, 6.35539436189e-06, 5.53289828531e-06, 3.30661509906e-06, 2.50001562563e-06, 1.85403928299e-06, 1.93296364159e-06, 2.28743874686e-06, 2.32275056078e-06, 2.14882743421e-06, 1.88633418929e-06, 1.74813590093e-06],
        "min": [2.63216634726e-24, 2.33305691605e-24, 2.40715462088e-24, 2.04386524136e-24, 3.16210969275e-24, 3.74590009199e-24, 5.65883453904e-24, 7.75430784968e-24, 5.33043174419e-24, 3.34858516947e-24, 2.90961208028e-24, 6.02619246867e-24, 4.77771950639e-24, 4.38903077788e-24, 6.15329255443e-24, 6.74026817678e-24, 4.96906560756e-24, 7.42608097082e-24, 7.63379830235e-24, 6.59524674898e-24, 6.12317266177e-24, 9.73301081369e-24, 7.42255081827e-24, 7.57284854223e-24, 7.93444581511e-24, 7.47283123464e-24, 6.76128264244e-24, 5.99140804148e-24, 6.03572348613e-24, 6.45998234729e-24, 6.00857207706e-24, 6.52369075399e-24, 7.60230145299e-24, 1.11682083355e-23, 8.40667057475e-24, 7.21986641931e-24, 7.89627914679e-24, 4.68864843272e-24, 7.45590385734e-24, 1.00668417604e-23],
        "var": [3.56568148163e-06, 2.13867815546e-06, 6.2708858195e-07, 4.57387784536e-07, 4.94843447996e-07, 5.64191225294e-07, 6.58228088923e-07, 4.31939582768e-07, 2.62112109795e-07, 7.88203976754e-07, 7.58984754157e-07, 4.1455984956e-07, 1.13075309116e-07, 1.42694474903e-07, 2.13177546726e-08, 1.10643538775e-08, 9.84073800225e-09, 1.4786921021e-08, 9.92220972051e-09, 5.91813886786e-09, 3.75925468532e-09, 6.19012485714e-09, 1.20503718115e-09, 1.06672248812e-09, 6.43995856642e-10, 1.21924337293e-09, 6.40066555313e-10, 4.17251150298e-10, 2.02819039341e-10, 1.16352719126e-10, 7.60634680241e-11, 5.13770866128e-11, 5.92450810633e-11, 3.36962263647e-11, 3.21559445737e-11, 2.88471590365e-11, 2.9188085976e-11, 2.59883746467e-11, 3.14287103287e-11, 2.29473731683e-11]
    },
    "mfcc": {
        "mean": [-634.316467285, 87.2677307129, 7.49094724655, 9.35497379303, -3.70917439461, -0.543612003326, 4.38545274734, -0.967673540115, 5.46702241898, 1.19262349606, -2.22253489494, 2.85368394852, -0.594426393509],
        "cov": [[11346.46875, -487.1980896, 517.593505859, 899.735900879, 908.012145996, 539.822265625, 539.272033691, 484.266662598, 281.725402832, 355.989196777, -26.1329593658, -46.5175323486, 212.676345825], [-487.1980896, 1034.3145752, -8.24959278107, -129.11126709, -62.5401878357, 10.8768539429, 5.17589235306, -73.8307876587, 85.0449295044, -5.78857374191, 48.0022087097, 88.1362838745, -12.5627298355], [517.593505859, -8.24959278107, 582.042480469, 285.205291748, 252.417648315, 133.157043457, 132.596923828, 121.720626831, 51.3909378052, 127.542739868, 89.5198745728, 31.5923633575, 86.1716003418], [899.735900879, -129.11126709, 285.205291748, 535.366455078, 283.730010986, 160.060134888, 159.704421997, 159.169616699, 66.4521331787, 131.081878662, 90.977722168, 48.2314453125, 102.956741333], [908.012145996, -62.5401878357, 252.417648315, 283.730010986, 400.123809814, 210.138458252, 137.194152832, 158.600982666, 80.7816696167, 124.898788452, 50.350063324, 39.8457107544, 103.665771484], [539.822265625, 10.8768539429, 133.157043457, 160.060134888, 210.138458252, 318.083435059, 136.612564087, 125.217926025, 109.327507019, 87.6834640503, 53.5313453674, 36.8562202454, 66.0356216431], [539.272033691, 5.17589235306, 132.596923828, 159.704421997, 137.194152832, 136.612564087, 237.612594604, 127.374389648, 94.7270431519, 95.231628418, 26.5227890015, 35.9122123718, 60.8255882263], [484.266662598, -73.8307876587, 121.720626831, 159.169616699, 158.600982666, 125.217926025, 127.374389648, 244.027282715, 92.6771697998, 89.1595230103, 42.6164894104, 8.47977733612, 49.3776054382], [281.725402832, 85.0449295044, 51.3909378052, 66.4521331787, 80.7816696167, 109.327507019, 94.7270431519, 92.6771697998, 214.865066528, 81.3498077393, 31.018611908, 51.5479660034, 37.0132713318], [355.989196777, -5.78857374191, 127.542739868, 131.081878662, 124.898788452, 87.6834640503, 95.231628418, 89.1595230103, 81.3498077393, 187.06211853, 80.4839248657, 40.5754470825, 58.5844078064], [-26.1329593658, 48.0022087097, 89.5198745728, 90.977722168, 50.350063324, 53.5313453674, 26.5227890015, 42.6164894104, 31.018611908, 80.4839248657, 172.62461853, 82.350151062, 31.7291431427], [-46.5175323486, 88.1362838745, 31.5923633575, 48.2314453125, 39.8457107544, 36.8562202454, 35.9122123718, 8.47977733612, 51.5479660034, 40.5754470825, 82.350151062, 149.083251953, 63.3132705688], [212.676345825, -12.5627298355, 86.1716003418, 102.956741333, 103.665771484, 66.0356216431, 60.8255882263, 49.3776054382, 37.0132713318, 58.5844078064, 31.7291431427, 63.3132705688, 140.377441406]],
