{
"lowlevel": {
    "average_loudness": 0.807730436325,
    "barkbands_crest": {
        "dmean": 2.42861819267,
        "dmean2": 3.61258983612,
        "dvar": 6.3141541481,
        "dvar2": 13.241153717,
        "max": 26.5815677643,
        "mean": 11.7507553101,
        "median": 10.3328542709,
        "min": 2.2728869915,
        "var": 29.910358429
    },
    "barkbands_flatness_db": {
        "dmean": 0.0207067243755,
        "dmean2": 0.0302451699972,
        "dvar": 0.000553890073206,
        "dvar2": 0.00112353696022,
        "max": 0.528304576874,
        "mean": 0.127007246017,
        "median": 0.119335196912,
        "min": 0.0169659983367,
        "var": 0.00332925189286
    },
    "barkbands_kurtosis": {
        "dmean": 2.53414773941,
        "dmean2": 4.07781505585,
        "dvar": 30.1563453674,
        "dvar2": 71.8398132324,
        "max": 219.962539673,
        "mean": 4.07983446121,
        "median": 1.79324388504,
        "min": -1.77646970749,
        "var": 53.124130249
    },
    "barkbands_skewness": {
        "dmean": 0.468144506216,
        "dmean2": 0.721020281315,
        "dvar": 0.324538856745,
        "dvar2": 0.734973073006,
        "max": 11.9342336655,
        "mean": 1.47566473484,
        "median": 1.29018962383,
        "min": -4.85799264908,
        "var": 1.58625078201
    },
    "barkbands_spread": {
        "dmean": 5.698990345,
        "dmean2": 8.46777534485,
        "dvar": 48.7073936462,
        "dvar2": 107.405502319,
        "max": 92.8043518066,
        "mean": 24.4748382568,
        "median": 21.8825454712,
        "min": 0.117765985429,
        "var": 206.82069397
    },
    "dissonance": {
        "dmean": 0.0177743285894,
        "dmean2": 0.030134614557,
        "dvar": 0.000317784113577,
        "dvar2": 0.000888920680154,
        "max": 0.5,
        "mean": 0.465291917324,
        "median": 0.471500754356,
        "min": 0.139377459884,
        "var": 0.000812977727037
    },
    "dynamic_complexity": 3.55545043945,
    "erbbands_crest": {
        "dmean": 2.88310360909,
        "dmean2": 4.60250759125,
        "dvar": 7.52166891098,
        "dvar2": 17.8285121918,
        "max": 33.5297966003,
        "mean": 10.3223571777,
        "median": 8.99078559875,
        "min": 2.42708563805,
        "var": 28.8896598816
    },
    "erbbands_flatness_db": {
        "dmean": 0.0155227063224,
        "dmean2": 0.023017751053,
        "dvar": 0.000254591286648,
        "dvar2": 0.000511048652697,
        "max": 0.528197824955,
        "mean": 0.144308775663,
        "median": 0.128066435456,
        "min": 0.0524582341313,
        "var": 0.00368189741857
    },
    "erbbands_kurtosis": {
        "dmean": 1.09832441807,
        "dmean2": 1.71741175652,
        "dvar": 4.49348211288,
        "dvar2": 10.1753406525,
        "max": 73.1844024658,
        "mean": 1.10062003136,
        "median": 0.286419868469,
        "min": -1.65972149372,
        "var": 10.2254056931
    },
    "erbbands_skewness": {
        "dmean": 0.334334969521,
        "dmean2": 0.517610669136,
        "dvar": 0.104465506971,
        "dvar2": 0.247711792588,
        "max": 4.609623909,
        "mean": 0.565632641315,
        "median": 0.543900430202,
        "min": -3.90617823601,
        "var": 0.457576692104
    },
    "erbbands_spread": {
        "dmean": 6.99687862396,
        "dmean2": 10.603427887,
        "dvar": 49.8219795227,
        "dvar2": 104.496772766,
        "max": 111.613380432,
        "mean": 36.2637062073,
        "median": 34.8194847107,
        "min": 0.816934525967,
        "var": 332.843933105
    },
    "hfc": {
        "dmean": 9.9656457901,
        "dmean2": 14.6926164627,
        "dvar": 375.177124023,
        "dvar2": 769.696594238,
        "max": 726.117492676,
        "mean": 31.4812717438,
        "median": 23.0578479767,
        "min": 1.1456919999e-16,
        "var": 1286.62243652
    },
    "melbands_crest": {
        "dmean": 3.14373278618,
        "dmean2": 4.86982345581,
        "dvar": 11.5407953262,
        "dvar2": 26.3413696289,
        "max": 33.3875694275,
        "mean": 17.3309764862,
        "median": 15.8144750595,
        "min": 1.7723968029,
        "var": 55.5986595154
    },
    "melbands_flatness_db": {
        "dmean": 0.0249685626477,
        "dmean2": 0.0366517454386,
        "dvar": 0.000821096531581,
        "dvar2": 0.00176082015969,
        "max": 0.606269538403,
        "mean": 0.196637123823,
        "median": 0.192010015249,
        "min": 0.00367514486425,
        "var": 0.0048586470075
    },
    "melbands_kurtosis": {
        "dmean": 6.29083776474,
        "dmean2": 10.0586299896,
        "dvar": 143.163299561,
        "dvar2": 349.223846436,
        "max": 220.990859985,
        "mean": 13.0447778702,
        "median": 6.53992557526,
        "min": -1.70555353165,
        "var": 338.417572021
    },
    "melbands_skewness": {
        "dmean": 0.669860422611,
        "dmean2": 1.02007675171,
        "dvar": 0.612566411495,
        "dvar2": 1.35579252243,
        "max": 12.9666891098,
        "mean": 2.50685858727,
        "median": 2.17951655388,
        "min": -3.81152367592,
        "var": 3.41681075096
    },
    "melbands_spread": {
        "dmean": 6.14594125748,
        "dmean2": 9.4643907547,
        "dvar": 61.2798500061,
        "dvar2": 135.971740723,
        "max": 175.325881958,
        "mean": 24.161031723,
        "median": 19.9433727264,
        "min": 0.33765655756,
        "var": 303.449981689
    },
    "pitch_salience": {
        "dmean": 0.0691307485104,
        "dmean2": 0.108815088868,
        "dvar": 0.0056017418392,
        "dvar2": 0.0141509165987,
        "max": 0.962594985962,
        "mean": 0.481420129538,
        "median": 0.488444268703,
        "min": 0.087424248457,
        "var": 0.0193019565195
    },
    "silence_rate_20dB": {
        "dmean": 0,
        "dmean2": 0,
        "dvar": 0,
        "dvar2": 0,
        "max": 1,
        "mean": 1,
        "median": 1,
        "min": 1,
        "var": 0
    },
    "silence_rate_30dB": {
        "dmean": 0.0581773817539,
        "dmean2": 0.11636659503,
        "dvar": 0.0547929517925,
        "dvar2": 0.119105786085,
        "max": 1,
        "mean": 0.944065928459,
        "median": 1,
        "min": 0,
        "var": 0.0528118424118
    },
    "silence_rate_60dB": {
        "dmean": 0.0124084623531,
        "dmean2": 0.0248194485903,
        "dvar": 0.0122531605884,
        "dvar2": 0.02867378667,
        "max": 1,
        "mean": 0.0977321267128,
        "median": 0,
        "min": 0,
        "var": 0.0881665870547
    },
    "spectral_centroid": {
        "dmean": 235.572952271,
        "dmean2": 358.83303833,
        "dvar": 72839.1171875,
        "dvar2": 166892.828125,
        "max": 11296.4384766,
        "mean": 1465.72839355,
        "median": 1410.96008301,
        "min": 243.869354248,
        "var": 369510.09375
    },
    "spectral_complexity": {
        "dmean": 3.73393011093,
        "dmean2": 5.86898565292,
        "dvar": 18.7408771515,
        "dvar2": 41.558555603,
        "max": 57,
        "mean": 20.565952301,
        "median": 19,
        "min": 0,
        "var": 125.053024292
    },
    "spectral_decrease": {
        "dmean": 2.67579469693e-09,
        "dmean2": 4.08366229721e-09,
        "dvar": 1.89191459301e-17,
        "dvar2": 4.58123692136e-17,
        "max": -2.34635052067e-29,
        "mean": -1.07183666387e-08,
        "median": -8.23315371434e-09,
        "min": -4.59272335718e-08,
        "var": 8.13645224579e-17
    },
    "spectral_energy": {
        "dmean": 0.0104081043974,
        "dmean2": 0.0158658195287,
        "dvar": 0.000270470249234,
        "dvar2": 0.000651697453577,
        "max": 0.179654166102,
        "mean": 0.0433089882135,
        "median": 0.0342722833157,
        "min": 1.04803298934e-20,
        "var": 0.00125193188433
    },
    "spectral_energyband_high": {
        "dmean": 0.000812435639091,
        "dmean2": 0.00117763527669,
        "dvar": 3.47113291355e-06,
        "dvar2": 7.21583455743e-06,
        "max": 0.0767384320498,
        "mean": 0.00193581264466,
        "median": 0.000902651518118,
        "min": 7.32127139634e-21,
        "var": 1.09729444375e-05
    },
    "spectral_energyband_low": {
        "dmean": 0.00857161078602,
        "dmean2": 0.0132073611021,
        "dvar": 0.00027422819403,
        "dvar2": 0.000681994715706,
        "max": 0.157314255834,
        "mean": 0.0241990145296,
        "median": 0.0110647939146,
        "min": 4.58977639339e-23,
        "var": 0.000851515855175
    },
    "spectral_energyband_middle_high": {
        "dmean": 0.00235444656573,
        "dmean2": 0.0037223494146,
        "dvar": 1.31893921207e-05,
        "dvar2": 3.19119317282e-05,
        "max": 0.0753533691168,
        "mean": 0.00634726090357,
        "median": 0.00458115153015,
        "min": 1.66072492185e-21,
        "var": 3.96391769755e-05
    },
    "spectral_energyband_middle_low": {
        "dmean": 0.00500511704013,
        "dmean2": 0.00815724395216,
        "dvar": 0.00011266751244,
        "dvar2": 0.00031210880843,
        "max": 0.103809759021,
        "mean": 0.0120081827044,
        "median": 0.00903018005192,
        "min": 3.27300308086e-22,
        "var": 0.000155074099894
    },
    "spectral_entropy": {
        "dmean": 0.153276950121,
        "dmean2": 0.231882542372,
        "dvar": 0.0314577333629,
        "dvar2": 0.072144433856,
        "max": 9.79057121277,
        "mean": 7.72434902191,
        "median": 7.82408332825,
        "min": 4.05384874344,
        "var": 0.23795889318
    },
    "spectral_flux": {
        "dmean": 0.0275050252676,
        "dmean2": 0.0418716780841,
        "dvar": 0.00160128704738,
        "dvar2": 0.00265100621618,
        "max": 0.38559949398,
        "mean": 0.0859930515289,
        "median": 0.0730290487409,
        "min": 1.02373484689e-10,
        "var": 0.00426841201261
    },
    "spectral_kurtosis": {
        "dmean": 1.31674849987,
        "dmean2": 2.17280578613,
        "dvar": 7.35036563873,
        "dvar2": 18.456861496,
        "max": 129.485351562,
        "mean": 4.45089244843,
        "median": 3.18064975739,
        "min": -1.20453226566,
        "var": 40.3222579956
    },
    "spectral_rms": {
        "dmean": 0.000706372142304,
        "dmean2": 0.00105969444849,
        "dvar": 8.06056164038e-07,
        "dvar2": 1.85661599517e-06,
        "max": 0.0132390465587,
        "mean": 0.00582889048383,
        "median": 0.00578241935,
        "min": 3.19761036226e-12,
        "var": 8.27680469229e-06
    },
    "spectral_rolloff": {
        "dmean": 479.260528564,
        "dmean2": 790.828857422,
        "dvar": 813003.3125,
        "dvar2": 1814828.875,
        "max": 19121.484375,
        "mean": 1492.3494873,
        "median": 968.994140625,
        "min": 64.599609375,
        "var": 2726287.75
    },
    "spectral_skewness": {
        "dmean": 0.179883435369,
        "dmean2": 0.285222232342,
        "dvar": 0.0435248501599,
        "dvar2": 0.108067512512,
        "max": 9.89537239075,
        "mean": 1.60139739513,
        "median": 1.51454353333,
        "min": -0.0581906661391,
        "var": 0.333518028259
    },
    "spectral_spread": {
        "dmean": 461669.28125,
        "dmean2": 681517.4375,
        "dvar": 342448046080,
        "dvar2": 575037046784,
        "max": 40466488,
        "mean": 5389057,
        "median": 5583312.5,
        "min": 649206.5,
        "var": 3.10514863309e+12
    },
    "spectral_strongpeak": {
        "dmean": 0.45689740777,
        "dmean2": 0.777456343174,
        "dvar": 1.03744292259,
        "dvar2": 2.62702035904,
        "max": 22.7925319672,
        "mean": 0.870107769966,
        "median": 0.534800946712,
        "min": 0,
        "var": 1.54473423958
    },
    "zerocrossingrate": {
        "dmean": 0.011114208959,
        "dmean2": 0.0127311721444,
        "dvar": 0.000207710982068,
        "dvar2": 0.00023473474721,
        "max": 0.88671875,
        "mean": 0.0672249495983,
        "median": 0.0576171875,
        "min": 0.00634765625,
        "var": 0.00259834667668
    },
    "barkbands": {
        "dmean": [0.000582853215747, 0.00666167819872, 0.0029168613255, 0.00164676876739, 0.00174635229632, 0.000928103982005, 0.00068974000169, 0.000854411395267, 0.000989524065517, 0.00109883176629, 0.000590156880207, 0.000378702272428, 0.000464494689368, 0.000310082425131, 0.000465892837383, 0.000199932648684, 0.000271262979368, 0.000169582592207, 0.000182679606951, 0.000134945774334, 0.000168972066604, 0.000164132987265, 0.000158281545737, 0.000165746096172, 0.000148524792166, 9.73814458121e-05, 3.21486841131e-05],
        "dmean2": [0.000864395638928, 0.00960404612124, 0.005311162211, 0.00281760492362, 0.00303467409685, 0.0015157519374, 0.00105026131496, 0.00127034517936, 0.00153023574967, 0.00171703437809, 0.000961130252108, 0.000608739617746, 0.000747806276195, 0.00050822191406, 0.000771625083871, 0.000331159477355, 0.00045729696285, 0.000288964860374, 0.000302782311337, 0.000222486487473, 0.000272681674687, 0.0002534033556, 0.000244963448495, 0.000253553356742, 0.000223278766498, 0.000140080141136, 4.82672039652e-05],
        "dvar": [1.12831685328e-06, 0.000147232232848, 0.000125217848108, 2.82898727164e-05, 2.03283634619e-05, 3.34969217874e-06, 1.17402396427e-06, 2.46061426878e-06, 4.58303429696e-06, 6.47722254143e-06, 3.24963707499e-06, 6.63633272779e-07, 7.91673414824e-07, 5.41256099496e-07, 8.39871745484e-07, 4.23264225446e-07, 2.13680010575e-07, 1.14905240878e-07, 1.0978117615e-07, 8.27522796953e-08, 3.90359417679e-07, 9.13823967608e-08, 1.34856023237e-07, 1.378288772e-07, 1.40338244137e-07, 1.40526069003e-07, 1.71113008207e-08],
        "dvar2": [2.51237452176e-06, 0.000305137917167, 0.0003588370746, 7.86389209679e-05, 5.68975883652e-05, 9.27696146391e-06, 2.72653960565e-06, 4.93855941386e-06, 1.01587302197e-05, 1.54469198606e-05, 7.75416992838e-06, 1.57226565989e-06, 1.81589462045e-06, 1.29370891955e-06, 2.07008724828e-06, 9.98180667011e-07, 5.76536990593e-07, 3.14184973149e-07, 2.89302562351e-07, 2.23506233965e-07, 1.06492677787e-06, 2.04105205626e-07, 2.81249896261e-07, 3.17449661225e-07, 3.0324380873e-07, 2.57376768786e-07, 3.69894550545e-08],
        "max": [0.0191353932023, 0.129840642214, 0.0985345691442, 0.0629604533315, 0.039773080498, 0.021048951894, 0.0231836345047, 0.0420861877501, 0.0438142605126, 0.0558485426009, 0.0666692256927, 0.0155545501038, 0.0215991903096, 0.0225665252656, 0.0233072973788, 0.0382520332932, 0.00768400868401, 0.00618922105059, 0.00774194626138, 0.00858317408711, 0.0391997694969, 0.0066010132432, 0.0180745348334, 0.0100804828107, 0.0130131412297, 0.0221821703017, 0.00646470161155],
        "mean": [0.0013455330627, 0.0193923637271, 0.00267364433967, 0.00182289653458, 0.00253638951108, 0.00166760385036, 0.00143782689702, 0.00189078284893, 0.00180419429671, 0.00199610576965, 0.00082303606905, 0.000558973988518, 0.000699334370438, 0.000486322300276, 0.000742366712075, 0.000320452090818, 0.000458486232674, 0.00027902299189, 0.000318348204019, 0.000255817634752, 0.000326747598592, 0.000325131404679, 0.000303645269014, 0.000322968582623, 0.000289038493065, 0.000183276817552, 4.8739304475e-05],
        "median": [0.000356471835403, 0.00674088438973, 0.000489249883685, 0.000290772237349, 0.000796452688519, 0.000770596903749, 0.000735288078431, 0.000711986504029, 0.000677122734487, 0.000748680264223, 0.000236769526964, 0.000243348215008, 0.000324247579556, 0.000200347640202, 0.000345334119629, 0.000143457131344, 0.000264303555014, 0.000147197235492, 0.000181018127478, 0.000143579789437, 0.000176621528226, 0.000149347193656, 0.000126304788864, 0.000123764621094, 9.95438895188e-05, 4.54223954875e-05, 3.2249324704e-06],
        "min": [1.12332696387e-23, 2.74941691297e-23, 3.92271892516e-24, 2.69125514506e-23, 4.33241304742e-23, 2.99960194025e-23, 8.10940869523e-23, 3.63963066729e-23, 8.63921777659e-23, 9.67283192844e-23, 9.34101936122e-23, 5.69358149533e-23, 1.76675030138e-22, 1.1624794401e-22, 1.46937043982e-22, 1.95061333111e-22, 3.05941185947e-22, 1.48056153617e-22, 1.52786315066e-22, 3.93257056724e-22, 4.66635030105e-22, 6.21416708877e-22, 6.34334691164e-22, 6.88313072895e-22, 1.09461319369e-21, 1.49854329865e-21, 2.31832532992e-21],
        "var": [4.44367196906e-06, 0.000621972780209, 7.71816557972e-05, 2.33908813243e-05, 2.16223452298e-05, 5.40179007658e-06, 3.64384732165e-06, 9.29081215872e-06, 1.18447951536e-05, 1.4783799088e-05, 5.60592616239e-06, 1.03247384686e-06, 1.37031781833e-06, 9.84583039099e-07, 1.62324420216e-06, 8.06940079201e-07, 3.3668951005e-07, 1.56017989639e-07, 1.70923144083e-07, 1.31162977368e-07, 4.10586579846e-07, 2.70266070856e-07, 3.41650093105e-07, 3.39744389066e-07, 3.31021055899e-07, 4.44606740757e-07, 2.78158509559e-08]
    },
    "erbbands": {
        "dmean": [0.294928878546, 1.31374239922, 3.15444159508, 4.53430700302, 6.67659091949, 5.26080608368, 6.05234003067, 7.61313962936, 9.23867034912, 13.5311813354, 19.2033138275, 26.0604496002, 25.3100566864, 29.9697036743, 21.3776226044, 18.7396469116, 22.6143112183, 17.075548172, 21.5508003235, 18.8880958557, 9.73804569244, 11.9675569534, 9.54532146454, 9.94989299774, 7.94269752502, 6.66704082489, 6.56776285172, 6.61199855804, 5.54736661911, 5.22202682495, 4.83728933334, 3.44193029404, 2.96800231934, 1.74454462528, 1.08402454853, 0.419013947248, 0.197520032525, 0.0548817850649, 0.00496933981776, 7.59998292779e-05],
        "dmean2": [0.370104670525, 2.00959181786, 5.63201522827, 7.93677616119, 11.5949935913, 8.95510292053, 10.1746416092, 12.4623632431, 13.9641294479, 20.9417057037, 28.2786045074, 39.9559326172, 38.7309608459, 48.2634963989, 34.6434860229, 29.8665065765, 36.2100715637, 27.9647579193, 35.1930923462, 31.2112293243, 16.2452907562, 20.1957912445, 16.128364563, 16.6013526917, 13.1185274124, 10.9197473526, 10.6554784775, 10.5371627808, 8.68000984192, 8.08247566223, 7.4950466156, 5.15779542923, 4.65285205841, 2.60671544075, 1.67124700546, 0.613106608391, 0.295894354582, 0.0810606479645, 0.00737809715793, 0.000111552151793],
        "dvar": [0.256423056126, 7.29880046844, 129.627807617, 261.507629395, 339.889282227, 151.779953003, 206.454956055, 201.321899414, 227.407501221, 655.338439941, 1310.19921875, 3192.24316406, 4182.60351562, 6318.50732422, 3698.82983398, 1612.39538574, 1928.88317871, 1594.81811523, 2179.28466797, 2380.80273438, 484.300842285, 425.829803467, 312.503509521, 345.851074219, 325.083312988, 217.587265015, 553.27331543, 400.098327637, 102.434936523, 126.294929504, 138.52381897, 60.894859314, 51.1282348633, 20.1787147522, 6.96580696106, 1.30794715881, 0.89747941494, 0.0564734600484, 0.000353683630237, 7.43406758374e-08],
        "dvar2": [0.426515728235, 17.2693977356, 366.970489502, 733.297607422, 956.344421387, 411.498779297, 578.1015625, 551.970275879, 523.855895996, 1500.22766113, 2685.47924805, 6964.50732422, 8867.65625, 16003.9091797, 8700.78320312, 3794.35742188, 4397.89013672, 3845.17553711, 5363.08105469, 5679.4453125, 1133.55847168, 1160.08679199, 851.98046875, 929.684875488, 868.906433105, 584.705566406, 1518.26574707, 1060.63659668, 238.448989868, 270.737426758, 289.885040283, 130.040725708, 123.808563232, 43.5213623047, 16.3191604614, 2.58908057213, 2.00275659561, 0.0960393846035, 0.000735295703635, 1.47244676896e-07],
        "max": [5.14205932617, 27.2474117279, 103.880554199, 149.854492188, 182.751174927, 181.229858398, 176.899658203, 181.210906982, 403.939758301, 829.094848633, 883.029296875, 1205.3392334, 1364.46203613, 2050.12963867, 2273.87304688, 790.981994629, 1081.30981445, 1191.65979004, 1435.19543457, 1800.734375, 1271.02514648, 293.266998291, 360.050048828, 354.421081543, 537.530029297, 476.634033203, 1448.8046875, 1152.66589355, 199.291137695, 470.443756104, 549.204650879, 216.272369385, 202.212768555, 163.228149414, 74.0971069336, 50.0376014709, 60.5951347351, 15.4386568069, 0.924588620663, 0.0144100775942],
        "mean": [0.861279368401, 3.12414813042, 3.48155117035, 4.5840921402, 8.449883461, 7.62726211548, 9.61956977844, 13.8002901077, 19.4005336761, 27.9964523315, 46.0460891724, 50.8692245483, 48.170124054, 50.4273414612, 33.88697052, 30.0511569977, 35.0407791138, 28.106262207, 35.8421211243, 30.0334300995, 17.8184165955, 21.0184516907, 17.3191604614, 17.3658332825, 14.270565033, 12.8685941696, 12.8134803772, 12.9525165558, 11.0519390106, 10.0238399506, 9.14837741852, 6.90394926071, 5.25137138367, 3.30254888535, 1.97753024101, 0.80076789856, 0.337033361197, 0.0967983976007, 0.00751282926649, 0.00016922269424],
        "median": [0.234974965453, 1.17679667473, 1.08369290829, 1.08599984646, 2.08774662018, 2.43464684486, 3.75346040726, 6.70749092102, 9.79527187347, 13.6785068512, 18.0127124786, 21.1712036133, 18.1842346191, 18.5250167847, 12.8726959229, 14.6620397568, 17.039068222, 13.3384742737, 16.5338039398, 13.4745693207, 9.60943222046, 12.6821908951, 10.3654251099, 9.89706516266, 8.0854511261, 7.38870429993, 7.18491649628, 6.39364957809, 5.32067871094, 4.26192140579, 3.91032505035, 2.75486469269, 1.82294750214, 1.08817577362, 0.717027246952, 0.244544938207, 0.076546728611, 0.0135209225118, 0.000472784944577, 7.54505381337e-05],
        "min": [7.09650283633e-22, 6.43262173231e-21, 8.77014770947e-21, 3.35682171036e-20, 1.14808481421e-19, 1.26365706767e-19, 2.71310096888e-19, 2.86548392283e-19, 1.21910995372e-18, 8.28283761297e-19, 9.00650174175e-19, 1.39153699318e-18, 2.9290273171e-18, 3.9943708056e-18, 3.83968348156e-18, 3.05044895242e-18, 7.68666186893e-18, 4.85183450037e-18, 9.42818807827e-18, 5.70187797147e-18, 1.47847764602e-17, 1.5547043247e-17, 9.09950786187e-18, 9.39470049835e-18, 1.02971016071e-17, 1.68185058753e-17, 2.26416092335e-17, 1.51985851422e-17, 2.52377437101e-17, 2.23011119149e-17, 1.49843966487e-17, 1.24989794699e-17, 1.29969645325e-17, 1.26930922899e-17, 7.75407460731e-18, 5.91221180327e-18, 2.39608953089e-18, 1.27904063666e-18, 3.02995353649e-19, 3.67248740304e-20],
        "var": [1.37426114082, 18.782201767, 87.9739074707, 180.492324829, 318.715606689, 195.026855469, 248.914794922, 359.672424316, 729.75567627, 1857.86743164, 5509.93457031, 8564.41113281, 10146.7695312, 12503.1259766, 6966.69726562, 2592.90942383, 3331.79589844, 2842.83496094, 4227.96484375, 4463.73681641, 972.058166504, 647.504699707, 469.152709961, 520.334350586, 436.923278809, 329.219299316, 570.889953613, 574.278808594, 287.990936279, 333.7265625, 322.128540039, 163.07598877, 102.581878662, 48.2132263184, 13.8063611984, 3.47494721413, 2.04266738892, 0.176339879632, 0.000653664232232, 1.711605222e-07]
    },
    "gfcc": {
        "mean": [16.9753093719, 70.9021835327, -110.74369812, 22.4571094513, -55.6606330872, 24.1543655396, -27.3553409576, 18.9665660858, -14.9931354523, 11.5303173065, -12.6809797287, 5.53022670746, -10.6657428741],
        "cov": [[13307.9697266, -1720.18493652, 1888.87756348, 1052.86987305, -21.6932163239, 184.807159424, -129.664230347, 381.495635986, -102.669952393, 169.261962891, -406.935760498, 135.522827148, -31.9455070496], [-1720.18493652, 1961.64038086, -212.037780762, 12.7056455612, 9.00480079651, -240.01159668, 61.3420524597, -116.623550415, 113.922966003, -119.537567139, 150.492950439, -129.184448242, 97.1918792725], [1888.87756348, -212.037780762, 871.7109375, 287.47869873, 76.9161300659, 101.707626343, 36.6014862061, 109.469032288, 0.204402089119, 40.1748580933, -82.1621322632, 11.2138948441, -40.3523483276], [1052.86987305, 12.7056455612, 287.47869873, 376.758148193, 63.790309906, 77.6966094971, 17.2342662811, 41.1228370667, 1.69690072536, 3.54186463356, -53.0292701721, -17.1361579895, -12.1395292282], [-21.6932163239, 9.00480079651, 76.9161300659, 63.790309906, 296.238952637, 147.376144409, 128.20149231, 70.7272109985, 52.7142982483, 43.7899436951, 42.8384361267, 36.7918777466, 23.7112693787], [184.807159424, -240.01159668, 101.707626343, 77.6966094971, 147.376144409, 265.97756958, 117.351013184, 96.3349990845, 18.7414340973, 48.3488006592, -3.38537979126, 39.4340934753, -10.8440189362], [-129.664230347, 61.3420524597, 36.6014862061, 17.2342662811, 128.20149231, 117.351013184, 184.210723877, 98.2030944824, 73.9167861938, 33.764831543, 38.1110877991, 17.5066757202, 20.719165802], [381.495635986, -116.623550415, 109.469032288, 41.1228370667, 70.7272109985, 96.3349990845, 98.2030944824, 160.291259766, 82.5864715576, 58.9546890259, 5.23271369934, 25.8351917267, 3.08582925797], [-102.669952393, 113.922966003, 0.204402089119, 1.69690072536, 52.7142982483, 18.7414340973, 73.9167861938, 82.5864715576, 145.225372314, 73.2581939697, 47.5583610535, -1.96252787113, 18.3412303925], [169.261962891, -119.537567139, 40.1748580933, 3.54186463356, 43.7899436951, 48.3488006592, 33.764831543, 58.9546890259, 73.2581939697, 138.953887939, 61.2747612, 25.7139453888, -12.8830957413], [-406.935760498, 150.492950439, -82.1621322632, -53.0292701721, 42.8384361267, -3.38537979126, 38.1110877991, 5.23271369934, 47.5583610535, 61.2747612, 148.427246094, 57.04063797, 19.6308631897], [135.522827148, -129.184448242, 11.2138948441, -17.1361579895, 36.7918777466, 39.4340934753, 17.5066757202, 25.8351917267, -1.96252787113, 25.7139453888, 57.04063797, 126.277534485, 52.2933769226], [-31.9455070496, 97.1918792725, -40.3523483276, -12.1395292282, 23.7112693787, -10.8440189362, 20.719165802, 3.08582925797, 18.3412303925, -12.8830957413, 19.6308631897, 52.2933769226, 114.841690063]],
        "icov": [[0.000153316112119, 7.94447914814e-05, -0.000186786812264, -0.000289021700155, 4.4041316869e-05, 0.00020548896282, 0.000100619261502, -0.000319745158777, 0.000204031312023, -0.000222240458243, 0.000198953945073, -0.000105090875877, -0.000163694305229], [7.94447914814e-05, 0.00119720678777, -0.000166888028616, -0.000566634640563, -5.13603408763e-05, 0.000734635104891, -0.000489408266731, 0.000497966306284, -0.000960073259193, 0.00164264778141, -0.00210076919757, 0.00189213361591, -0.00111963693053], [-0.000186786812264, -0.000166888028616, 0.00203371956013, -0.000800658366643, -0.000292676500976, 0.000167601159774, -0.000277866056422, -0.000606315326877, 0.00041114911437, -0.000527924275957, 0.000931272923481, -0.000751858344302, 0.000920201418921], [-0.000289021700155, -0.000566634640563, -0.000800658366643, 0.00456422194839, -0.000576049671508, -0.0015715995105, 0.000823507609311, 0.000377640593797, -0.000359269237379, 0.000141915079439, 0.000735416833777, 0.000459110451629, 0.000150638094055], [4.4041316869e-05, -5.13603408763e-05, -0.000292676500976, -0.000576049671508, 0.00588264362887, -0.00223543937318, -0.00242575164884, 0.000876404286828, -0.000537526095286, -0.000206979369977, -0.000895440112799, -0.000244349881541, -0.000792629434727], [0.00020548896282, 0.000734635104891, 0.000167601159774, -0.0015715995105, -0.00223543937318, 0.00897144153714, -0.00415210379288, -0.00200557592325, 0.00271199038252, -0.00195457413793, 0.00177973276004, -0.00175660825334, 0.00128312432207], [0.000100619261502, -0.000489408266731, -0.000277866056422, 0.000823507609311, -0.00242575164884, -0.00415210379288, 0.0139601565897, -0.00568443629891, -0.00211324519478, 0.00255372165702, -0.00286621856503, 0.00221245433204, -0.00171901995782], [-0.000319745158777, 0.000497966306284, -0.000606315326877, 0.000377640593797, 0.000876404286828, -0.00200557592325, -0.00568443629891, 0.01693062298, -0.00847247801721, -0.00040589706623, 0.00296752946451, -0.00353443040513, 0.00192653585691], [0.000204031312023, -0.000960073259193, 0.00041114911437, -0.000359269237379, -0.000537526095286, 0.00271199038252, -0.00211324519478, -0.00847247801721, 0.0184639785439, -0.00826075859368, -0.000830696895719, 0.00385967968032, -0.00353932729922], [-0.000222240458243, 0.00164264778141, -0.000527924275957, 0.000141915079439, -0.000206979369977, -0.00195457413793, 0.00255372165702, -0.00040589706623, -0.00826075859368, 0.0172560960054, -0.00858253240585, 0.00194807467051, 0.00162099313457], [0.000198953945073, -0.00210076919757, 0.000931272923481, 0.000735416833777, -0.000895440112799, 0.00177973276004, -0.00286621856503, 0.00296752946451, -0.000830696895719, -0.00858253240585, 0.0187202207744, -0.0112846717238, 0.00413687573746], [-0.000105090875877, 0.00189213361591, -0.000751858344302, 0.000459110451629, -0.000244349881541, -0.00175660825334, 0.00221245433204, -0.00353443040513, 0.00385967968032, 0.00194807467051, -0.0112846717238, 0.019961848855, -0.00982439517975], [-0.000163694305229, -0.00111963693053, 0.000920201418921, 0.000150638094055, -0.000792629434727, 0.00128312432207, -0.00171901995782, 0.00192653585691, -0.00353932729922, 0.00162099313457, 0.00413687573746, -0.00982439517975, 0.0150056211278]]
    },
    "melbands": {
        "dmean": [0.00213208817877, 0.00157541874796, 0.000848626485094, 0.000430479092756, 0.000204829499125, 0.000172480780748, 0.000139881012728, 0.00015031528892, 0.000167916921782, 0.000148330771481, 0.000127374049043, 0.000129192470922, 8.27544936328e-05, 4.93579973408e-05, 5.22031987202e-05, 3.36506491294e-05, 3.61132442777e-05, 3.37486198987e-05, 2.41568050114e-05, 2.22473718168e-05, 1.18144662338e-05, 1.20212125694e-05, 1.54216195369e-05, 7.98452219897e-06, 8.76141984918e-06, 7.12182463758e-06, 4.75825981994e-06, 4.57662190456e-06, 4.10028042097e-06, 4.48706987299e-06, 4.33692321167e-06, 3.39480038747e-06, 3.41888812727e-06, 2.90993489216e-06, 3.29602335114e-06, 2.30925957112e-06, 2.06428467209e-06, 2.33966079577e-06, 1.80815936801e-06, 1.50733285409e-06],
        "dmean2": [0.00284145586193, 0.00266850506887, 0.00146967428736, 0.000747086131014, 0.000345517415553, 0.00028056796873, 0.000210474157939, 0.00023165786115, 0.000248729193117, 0.000228428398259, 0.000195857923245, 0.000208140612813, 0.000134588059154, 7.88102697697e-05, 8.38428750285e-05, 5.43254900549e-05, 5.92440082983e-05, 5.50894183107e-05, 4.0215694753e-05, 3.63860235666e-05, 1.97231347556e-05, 2.01707189262e-05, 2.62769808614e-05, 1.3459710317e-05, 1.466183312e-05, 1.1816924598e-05, 7.94683364802e-06, 7.52484766053e-06, 6.62922138872e-06, 7.39632514524e-06, 6.98593612469e-06, 5.39952588952e-06, 5.39129086974e-06, 4.62198158857e-06, 5.18915658176e-06, 3.57989711119e-06, 3.13416535391e-06, 3.76199932361e-06, 2.83062468043e-06, 2.28474664254e-06],
        "dvar": [1.32762597786e-05, 2.1688916604e-05, 7.91785259935e-06, 1.26628219732e-06, 2.13406977423e-07, 1.03325881184e-07, 5.05651804872e-08, 8.05698476825e-08, 9.1820922421e-08, 9.87731425539e-08, 1.0402652606e-07, 1.23024321397e-07, 6.439628919e-08, 1.08621067696e-08, 8.37521607622e-09, 3.49266793265e-09, 8.17557843646e-09, 5.1760657982e-09, 2.28583330042e-09, 4.84422502112e-09, 5.47762391001e-10, 4.16575218765e-10, 8.68025207268e-10, 2.99619384858e-10, 2.74722800064e-10, 2.3841517649e-10, 1.31578886675e-10, 1.08893734307e-10, 1.35816705105e-10, 3.72849445762e-10, 1.1447352094e-10, 3.9091580667e-11, 4.78435867313e-11, 4.32256140603e-11, 7.39474453892e-11, 2.47001013393e-11, 2.25892290984e-11, 3.13200750057e-11, 2.15603975645e-11, 1.64780931955e-11],
        "dvar2": [2.39993914875e-05, 5.96915378992e-05, 2.21034679271e-05, 3.55333531843e-06, 5.9329903479e-07, 2.81522801515e-07, 1.15652341037e-07, 1.79762267294e-07, 1.95595660557e-07, 2.1808875772e-07, 2.22087152224e-07, 3.10338009513e-07, 1.51573999574e-07, 2.52950798085e-08, 1.95919547252e-08, 8.08106204175e-09, 1.95912903678e-08, 1.27623778212e-08, 5.50744605476e-09, 1.16710694442e-08, 1.37781142051e-09, 1.1306880987e-09, 2.37808528425e-09, 7.86517351248e-10, 7.37658323313e-10, 6.18505691108e-10, 3.7036773648e-10, 2.95081292734e-10, 3.66044278222e-10, 1.04781672228e-09, 2.86837165131e-10, 9.36273350516e-11, 1.09713925445e-10, 9.78331374246e-11, 1.56310256405e-10, 5.64151433902e-11, 4.87360707346e-11, 7.94068213961e-11, 4.70239090722e-11, 3.78111812693e-11],
        "max": [0.0393845327199, 0.0442148707807, 0.0278719589114, 0.0110416188836, 0.00599827757105, 0.00436997786164, 0.00585039705038, 0.0102098798379, 0.00661344686523, 0.00649500545114, 0.00672622350976, 0.00913198199123, 0.00958297587931, 0.00232544611208, 0.00215389812365, 0.00137165153865, 0.0027411589399, 0.00213226792403, 0.0013584397966, 0.00387716805562, 0.000895183999091, 0.000328897702275, 0.000455920322565, 0.000452523847343, 0.000300545536447, 0.000502182112541, 0.000404087331844, 0.000369802262867, 0.000668613996822, 0.00119066750631, 0.000489241909236, 0.000115875947813, 0.000197109155124, 0.000306084228214, 0.000411597575294, 0.000135432361276, 0.00012261516531, 0.00014938248205, 0.000207076926017, 0.000113650232379],
        "mean": [0.00630966946483, 0.00254072993994, 0.000938958255574, 0.000601798354182, 0.000334464537445, 0.000315900309943, 0.00029667140916, 0.000314983626595, 0.000397466064896, 0.000278895313386, 0.000234396720771, 0.000208166355151, 0.000118633855891, 7.41946059861e-05, 8.27590047265e-05, 5.29231911059e-05, 5.44626964256e-05, 5.46394985577e-05, 3.96764844481e-05, 3.45847511198e-05, 1.95005341084e-05, 2.0377956389e-05, 2.38125521719e-05, 1.30695943881e-05, 1.39423918881e-05, 1.17048730317e-05, 8.12171037978e-06, 8.45133217808e-06, 7.73553438194e-06, 7.64879769122e-06, 7.92414084572e-06, 6.34883053863e-06, 6.01338706474e-06, 5.22284517501e-06, 5.69045459997e-06, 4.37401376985e-06, 3.98827614845e-06, 3.84179656976e-06, 3.13084137815e-06, 2.6962973152e-06],
        "median": [0.00196199002676, 0.00116302561946, 0.000244893308263, 0.000172895743162, 0.000139911513543, 0.00015038352285, 0.000149546816829, 0.000154951296281, 0.000155160581926, 0.000111672641651, 7.9726545664e-05, 6.81905075908e-05, 3.55429801857e-05, 3.21844272548e-05, 4.19420393882e-05, 2.74550093309e-05, 2.03429153771e-05, 2.41732923314e-05, 1.97545814444e-05, 1.34367364808e-05, 9.86997201835e-06, 1.20948807307e-05, 1.18885154734e-05, 6.33315266896e-06, 7.04562580722e-06, 5.82313577979e-06, 4.53633856523e-06, 4.61343825009e-06, 3.97961139242e-06, 3.6809908579e-06, 3.60594276572e-06, 2.84941052087e-06, 2.51382220995e-06, 2.1606356313e-06, 2.29567513088e-06, 1.707526053e-06, 1.52303380219e-06, 1.30816601995e-06, 9.9277656318e-07, 8.27488690902e-07],
        "min": [8.56318531151e-24, 6.20593718694e-24, 1.0204143001e-23, 7.23158021489e-24, 9.13620361787e-24, 7.70339871116e-24, 1.72713490579e-23, 8.56466994773e-24, 7.80346177268e-24, 1.01800843211e-23, 1.43219716827e-23, 1.56935893821e-23, 1.16855283288e-23, 8.7964349151e-24, 1.27965466171e-23, 1.64050851207e-23, 7.71923746042e-24, 1.55990065373e-23, 9.91364655035e-24, 8.61593486252e-24, 1.90872816182e-23, 1.58882203001e-23, 1.29398447782e-23, 6.48707656394e-24, 7.91236165407e-24, 5.422916219e-24, 1.07702595633e-23, 1.13128593931e-23, 1.46749269843e-23, 1.19844584914e-23, 6.94832314079e-24, 1.60049685586e-23, 1.02224737618e-23, 1.39086480114e-23, 9.03065087331e-24, 6.51833320515e-24, 7.97224960741e-24, 8.01517941787e-24, 1.04157060294e-23, 1.08399207144e-23],
        "var": [6.84579863446e-05, 2.08001874853e-05, 5.82806478633e-06, 1.31104127377e-06, 2.69708039013e-07, 1.91157340623e-07, 1.65058210655e-07, 2.37649175006e-07, 3.80574249448e-07, 2.57046252727e-07, 2.52611783935e-07, 2.40845650978e-07, 1.14118556382e-07, 1.79070216433e-08, 1.50925973941e-08, 6.06554140248e-09, 1.44349909803e-08, 9.92688509172e-09, 4.40647385247e-09, 9.6351655543e-09, 8.98901786339e-10, 6.24601093069e-10, 1.23663634888e-09, 4.4629860918e-10, 3.91907534203e-10, 3.41585537633e-10, 1.42202125075e-10, 1.61318375325e-10, 1.72784217489e-10, 3.23612109332e-10, 2.10283207513e-10, 1.02193704887e-10, 1.09231831913e-10, 1.01477985737e-10, 1.48612344653e-10, 6.55076756728e-11, 5.60660164128e-11, 5.39556073431e-11, 4.79971062894e-11, 3.46516669525e-11]
    },
    "mfcc": {
        "mean": [-628.897949219, 108.140060425, 3.36157274246, 10.9702529907, 0.567130982876, 7.86814498901, 2.11441111565, 8.78485774994, 6.18336486816, 8.36569595337, 6.85180807114, 6.38481140137, 2.23660945892],
        "cov": [[9648.26464844, -1050.41931152, 1185.71801758, 643.83605957, 421.412719727, 8.28732204437, 71.2059020996, 49.6054496765, 263.883148193, 125.335220337, -71.2390289307, -164.602096558, -145.955322266], [-1050.41931152, 1456.74963379, -102.569076538, 173.695175171, -40.2740058899, -50.4557647705, -58.688949585, -13.2715301514, -35.4835891724, -0.375700503588, 22.4879398346, 34.6586761475, 18.8107757568], [1185.71801758, -102.569076538, 608.290649414, 175.325515747, 92.0447998047, 19.4488983154, 23.2811546326, 19.7156238556, 55.7962760925, 16.7229290009, 6.27759456635, -17.1612091064, -33.7167282104], [643.83605957, 173.695175171, 175.325515747, 277.862945557, 82.9857711792, 20.5506706238, -1.61433625221, 4.62765979767, 24.0775260925, 16.1100254059, 6.2419128418, -8.32259178162, -16.7072792053], [421.412719727, -40.2740058899, 92.0447998047, 82.9857711792, 170.476074219, 86.5519485474, 73.8661117554, 50.9800415039, 45.2371482849, 25.8218421936, 21.1808395386, 16.2460289001, 13.2498931885], [8.28732204437, -50.4557647705, 19.4488983154, 20.5506706238, 86.5519485474, 160.614517212, 103.829040527, 64.1925506592, 42.5440292358, 26.6853542328, 26.39661026, 13.0817012787, 16.9292907715], [71.2059020996, -58.688949585, 23.2811546326, -1.61433625221, 73.8661117554, 103.829040527, 161.41116333, 92.1038131714, 46.9468193054, 27.9650917053, 30.28840065, 20.3407287598, 26.1058311462], [49.6054496765, -13.2715301514, 19.7156238556, 4.62765979767, 50.9800415039, 64.1925506592, 92.1038131714, 145.396377563, 79.3999862671, 23.9340419769, 16.3536090851, 16.2799415588, 17.1645622253], [263.883148193, -35.4835891724, 55.7962760925, 24.0775260925, 45.2371482849, 42.5440292358, 46.9468193054, 79.3999862671, 153.921234131, 79.0088195801, 17.2505455017, -7.47714471817, 3.66033673286], [125.335220337, -0.375700503588, 16.7229290009, 16.1100254059, 25.8218421936, 26.6853542328, 27.9650917053, 23.9340419769, 79.0088195801, 138.625396729, 71.1390457153, 17.9302349091, 4.28777647018], [-71.2390289307, 22.4879398346, 6.27759456635, 6.2419128418, 21.1808395386, 26.39661026, 30.28840065, 16.3536090851, 17.2505455017, 71.1390457153, 142.257293701, 84.897644043, 25.0278053284], [-164.602096558, 34.6586761475, -17.1612091064, -8.32259178162, 16.2460289001, 13.0817012787, 20.3407287598, 16.2799415588, -7.47714471817, 17.9302349091, 84.897644043, 141.130828857, 60.423374176], [-145.955322266, 18.8107757568, -33.7167282104, -16.7072792053, 13.2498931885, 16.9292907715, 26.1058311462, 17.1645622253, 3.66033673286, 4.28777647018, 25.0278053284, 60.423374176, 105.723495483]],
