{
"lowlevel": {
    "average_loudness": 0.875375628471,
    "barkbands_crest": {
        "dmean": 2.71554756165,
        "dmean2": 3.96804022789,
        "dvar": 7.02487659454,
        "dvar2": 15.7812919617,
        "max": 26.3270778656,
        "mean": 11.5222444534,
        "median": 10.6851501465,
        "min": 1.95410823822,
        "var": 30.8736820221
    },
    "barkbands_flatness_db": {
        "dmean": 0.0248210486025,
        "dmean2": 0.0359923802316,
        "dvar": 0.000824856047984,
        "dvar2": 0.00164303532802,
        "max": 0.498234093189,
        "mean": 0.138197124004,
        "median": 0.121897310019,
        "min": 0.0190059486777,
        "var": 0.00560294417664
    },
    "barkbands_kurtosis": {
        "dmean": 5.01451683044,
        "dmean2": 7.29656076431,
        "dvar": 457.035919189,
        "dvar2": 872.290466309,
        "max": 719.403076172,
        "mean": 6.50985813141,
        "median": 1.21052074432,
        "min": -1.84360969067,
        "var": 704.985107422
    },
    "barkbands_skewness": {
        "dmean": 0.646871030331,
        "dmean2": 0.933470070362,
        "dvar": 0.92705899477,
        "dvar2": 1.65850281715,
        "max": 20.575838089,
        "mean": 1.54528999329,
        "median": 1.21561872959,
        "min": -4.39579343796,
        "var": 3.32849597931
    },
    "barkbands_spread": {
        "dmean": 6.65354251862,
        "dmean2": 10.3743162155,
        "dvar": 71.5581130981,
        "dvar2": 176.849563599,
        "max": 107.925537109,
        "mean": 26.9069023132,
        "median": 25.2674102783,
        "min": 0.120584771037,
        "var": 280.036621094
    },
    "dissonance": {
        "dmean": 0.0173315666616,
        "dmean2": 0.0296833738685,
        "dvar": 0.000419261603383,
        "dvar2": 0.0011835701298,
        "max": 0.499999910593,
        "mean": 0.469033956528,
        "median": 0.478475391865,
        "min": 0.215834543109,
        "var": 0.000900727638509
    },
    "dynamic_complexity": 3.65899038315,
    "erbbands_crest": {
        "dmean": 2.46686625481,
        "dmean2": 3.93781042099,
        "dvar": 6.49548864365,
        "dvar2": 15.0607872009,
        "max": 32.6239128113,
        "mean": 9.25261878967,
        "median": 7.28946018219,
        "min": 2.16540074348,
        "var": 33.7111930847
    },
    "erbbands_flatness_db": {
        "dmean": 0.0154166491702,
        "dmean2": 0.0228406339884,
        "dvar": 0.000251963734627,
        "dvar2": 0.000535431667231,
        "max": 0.59573751688,
        "mean": 0.156306996942,
        "median": 0.136194825172,
        "min": 0.0620948560536,
        "var": 0.00485642394051
    },
    "erbbands_kurtosis": {
        "dmean": 1.20722293854,
        "dmean2": 1.85532104969,
        "dvar": 7.53919267654,
        "dvar2": 16.9087505341,
        "max": 71.1856613159,
        "mean": 1.28678905964,
        "median": -0.0264527797699,
        "min": -1.77155029774,
        "var": 18.4017696381
    },
    "erbbands_skewness": {
        "dmean": 0.354047775269,
        "dmean2": 0.531632483006,
        "dvar": 0.174446508288,
        "dvar2": 0.373527556658,
        "max": 7.91017913818,
        "mean": 0.268964022398,
        "median": 0.146371513605,
        "min": -5.15337848663,
        "var": 0.820220768452
    },
    "erbbands_spread": {
        "dmean": 7.69484901428,
        "dmean2": 11.7880725861,
        "dvar": 79.8424530029,
        "dvar2": 189.226715088,
        "max": 164.541030884,
        "mean": 37.563709259,
        "median": 37.3031768799,
        "min": 0.469689190388,
        "var": 380.466217041
    },
    "hfc": {
        "dmean": 10.3123807907,
        "dmean2": 15.3820667267,
        "dvar": 284.623596191,
        "dvar2": 737.958862305,
        "max": 192.006408691,
        "mean": 30.0513572693,
        "median": 19.3838157654,
        "min": 1.20931542389e-16,
        "var": 792.55670166
    },
    "melbands_crest": {
        "dmean": 3.63547444344,
        "dmean2": 5.60552310944,
        "dvar": 14.7142944336,
        "dvar2": 36.3310966492,
        "max": 37.5101242065,
        "mean": 17.7402935028,
        "median": 16.6355056763,
        "min": 1.87672841549,
        "var": 74.8597106934
    },
    "melbands_flatness_db": {
        "dmean": 0.0294658299536,
        "dmean2": 0.0427261851728,
        "dvar": 0.00135752442293,
        "dvar2": 0.00272235204466,
        "max": 0.609945178032,
        "mean": 0.183024570346,
        "median": 0.171689197421,
        "min": 0.00764389848337,
        "var": 0.00853785593063
    },
    "melbands_kurtosis": {
        "dmean": 11.6147594452,
        "dmean2": 16.8493690491,
        "dvar": 998.246826172,
        "dvar2": 1868.84436035,
        "max": 747.207580566,
        "mean": 19.2818565369,
        "median": 6.23287296295,
        "min": -1.64509248734,
        "var": 2158.29833984
    },
    "melbands_skewness": {
        "dmean": 0.916322886944,
        "dmean2": 1.3297970295,
        "dvar": 1.68994522095,
        "dvar2": 3.25554966927,
        "max": 19.7684059143,
        "mean": 2.78315854073,
        "median": 2.18752193451,
        "min": -3.26184558868,
        "var": 6.57286214828
    },
    "melbands_spread": {
        "dmean": 8.93234825134,
        "dmean2": 14.036895752,
        "dvar": 160.45904541,
        "dvar2": 390.993011475,
        "max": 215.276062012,
        "mean": 29.691192627,
        "median": 23.5540428162,
        "min": 0.302966505289,
        "var": 560.459411621
    },
    "pitch_salience": {
        "dmean": 0.0810581669211,
        "dmean2": 0.124414429069,
        "dvar": 0.00861125998199,
        "dvar2": 0.0208205077797,
        "max": 0.966479420662,
        "mean": 0.481948375702,
        "median": 0.499945104122,
        "min": 0.0392798855901,
        "var": 0.0289063323289
    },
    "silence_rate_20dB": {
        "dmean": 0,
        "dmean2": 0,
        "dvar": 0,
        "dvar2": 0,
        "max": 1,
        "mean": 1,
        "median": 1,
        "min": 1,
        "var": 0
    },
    "silence_rate_30dB": {
        "dmean": 0.0275263674557,
        "dmean2": 0.0550568513572,
        "dvar": 0.0267721880227,
        "dvar2": 0.0631031319499,
        "max": 1,
        "mean": 0.973672389984,
        "median": 1,
        "min": 0,
        "var": 0.0256360825151
    },
    "silence_rate_60dB": {
        "dmean": 0.0219911728054,
        "dmean2": 0.0439856387675,
        "dvar": 0.02150814794,
        "dvar2": 0.0475834943354,
        "max": 1,
        "mean": 0.103964097798,
        "median": 0,
        "min": 0,
        "var": 0.0931517034769
    },
    "spectral_centroid": {
        "dmean": 280.35848999,
        "dmean2": 429.097808838,
        "dvar": 124727.6875,
        "dvar2": 289390.4375,
        "max": 10977.0683594,
        "mean": 1806.8248291,
        "median": 1824.18994141,
        "min": 101.566101074,
        "var": 633380.5625
    },
    "spectral_complexity": {
        "dmean": 4.57177066803,
        "dmean2": 6.91113090515,
        "dvar": 29.3477306366,
        "dvar2": 65.4803695679,
        "max": 64,
        "mean": 22.0363502502,
        "median": 18,
        "min": 0,
        "var": 183.973632812
    },
    "spectral_decrease": {
        "dmean": 2.55705145946e-09,
        "dmean2": 3.5581422253e-09,
        "dvar": 1.4545330834e-17,
        "dvar2": 2.7700811296e-17,
        "max": 3.32514483145e-29,
        "mean": -8.9860430208e-09,
        "median": -8.10187650302e-09,
        "min": -5.50404664068e-08,
        "var": 5.77664227754e-17
    },
    "spectral_energy": {
        "dmean": 0.0101615227759,
        "dmean2": 0.0140369767323,
        "dvar": 0.000210637153941,
        "dvar2": 0.000399974640459,
        "max": 0.20905919373,
        "mean": 0.0366411171854,
        "median": 0.0340856984258,
        "min": 1.08433410133e-20,
        "var": 0.000883228727616
    },
    "spectral_energyband_high": {
        "dmean": 0.000914187403396,
        "dmean2": 0.00143925438169,
        "dvar": 3.10106020152e-06,
        "dvar2": 8.17083218863e-06,
        "max": 0.0180034618825,
        "mean": 0.00208962196484,
        "median": 0.000875077792443,
        "min": 8.15215655019e-21,
        "var": 6.95196467859e-06
    },
    "spectral_energyband_low": {
        "dmean": 0.00782066397369,
        "dmean2": 0.0115318549797,
        "dvar": 0.000258286949247,
        "dvar2": 0.00053262594156,
        "max": 0.205889046192,
        "mean": 0.0202174223959,
        "median": 0.0118042202666,
        "min": 1.03176241132e-22,
        "var": 0.000714764406439
    },
    "spectral_energyband_middle_high": {
        "dmean": 0.00238312012516,
        "dmean2": 0.00366914761253,
        "dvar": 1.02465519376e-05,
        "dvar2": 2.53424568655e-05,
        "max": 0.0493699982762,
        "mean": 0.00621533626691,
        "median": 0.00445318315178,
        "min": 1.54970308668e-21,
        "var": 3.40628430422e-05
    },
    "spectral_energyband_middle_low": {
        "dmean": 0.00407967250794,
        "dmean2": 0.00651917047799,
        "dvar": 5.13399027113e-05,
        "dvar2": 0.000137692506541,
        "max": 0.0706559568644,
        "mean": 0.00853274296969,
        "median": 0.0050904545933,
        "min": 2.11936658218e-22,
        "var": 8.3008351794e-05
    },
    "spectral_entropy": {
        "dmean": 0.143966913223,
        "dmean2": 0.211056426167,
        "dvar": 0.0341794900596,
        "dvar2": 0.0702507942915,
        "max": 9.8030090332,
        "mean": 7.81260299683,
        "median": 8.01176452637,
        "min": 5.16929197311,
        "var": 0.292587935925
    },
    "spectral_flux": {
        "dmean": 0.0263261999935,
        "dmean2": 0.0372563749552,
        "dvar": 0.00109779613558,
        "dvar2": 0.00191103934776,
        "max": 0.347629129887,
        "mean": 0.0893088579178,
        "median": 0.0772278532386,
        "min": 1.04131363254e-10,
        "var": 0.00416598794982
    },
    "spectral_kurtosis": {
        "dmean": 1.28903663158,
        "dmean2": 2.16348147392,
        "dvar": 5.22892141342,
        "dvar2": 15.2490921021,
        "max": 53.13514328,
        "mean": 3.58865356445,
        "median": 2.16466856003,
        "min": -1.22953534126,
        "var": 14.5891475677
    },
    "spectral_rms": {
        "dmean": 0.000788294652011,
        "dmean2": 0.0010688417824,
        "dvar": 9.34268484798e-07,
        "dvar2": 1.67373491422e-06,
        "max": 0.014281462878,
        "mean": 0.00536205759272,
        "median": 0.00576665811241,
        "min": 3.25251739604e-12,
        "var": 6.99586507835e-06
    },
    "spectral_rolloff": {
        "dmean": 681.736022949,
        "dmean2": 1109.87548828,
        "dvar": 1156474.125,
        "dvar2": 2606256.5,
        "max": 18841.5527344,
        "mean": 2092.328125,
        "median": 1313.52539062,
        "min": 43.06640625,
        "var": 4605496
    },
    "spectral_skewness": {
        "dmean": 0.178674653172,
        "dmean2": 0.288758575916,
        "dvar": 0.0494472049177,
        "dvar2": 0.128361359239,
        "max": 4.87481021881,
        "mean": 1.39963674545,
        "median": 1.21908664703,
        "min": 0.024506226182,
        "var": 0.257727086544
    },
    "spectral_spread": {
        "dmean": 478511.3125,
        "dmean2": 716215.375,
        "dvar": 306228920320,
        "dvar2": 560299114496,
        "max": 40799096,
        "mean": 5226794.5,
        "median": 5593059,
        "min": 1064117.875,
        "var": 2.40383741133e+12
    },
    "spectral_strongpeak": {
        "dmean": 0.394020736217,
        "dmean2": 0.641980707645,
        "dvar": 0.593675196171,
        "dvar2": 1.48349750042,
        "max": 13.6151371002,
        "mean": 0.877087235451,
        "median": 0.404558598995,
        "min": 0,
        "var": 1.31075668335
    },
    "zerocrossingrate": {
        "dmean": 0.0125488899648,
        "dmean2": 0.0148495500907,
        "dvar": 0.000229315672186,
        "dvar2": 0.000269614771241,
        "max": 0.7421875,
        "mean": 0.0804999768734,
        "median": 0.068359375,
        "min": 0.00390625,
        "var": 0.00322018912993
    },
    "barkbands": {
        "dmean": [0.00127199070994, 0.00648063607514, 0.00290815415792, 0.00124362460338, 0.00158417352941, 0.000708938459866, 0.0004170203174, 0.000626290682703, 0.000887949601747, 0.000400717282901, 0.000500047288369, 0.000601517560426, 0.000535973580554, 0.000392483110772, 0.00031617397326, 0.000374603958335, 0.000255294231465, 0.00017999218835, 0.000221459253225, 0.000224787989282, 0.000262716406723, 0.000206015378353, 0.000196623339434, 0.000139443800435, 0.00013652339112, 5.80792839173e-05, 3.14735757456e-06],
        "dmean2": [0.00196119979955, 0.00903874449432, 0.00519530614838, 0.00223269476555, 0.00265900744125, 0.0011304456275, 0.000679429445881, 0.000942998041864, 0.00133677548729, 0.000642693834379, 0.000806584663223, 0.00095922278706, 0.000832488003653, 0.000606623885687, 0.000499641231727, 0.000637123303022, 0.000431370834121, 0.000292700744467, 0.00037049446837, 0.000370211229892, 0.000434635294368, 0.000344028085237, 0.000323151558405, 0.00022253143834, 0.000211563383345, 9.22648250707e-05, 5.18393426319e-06],
        "dvar": [8.39813401399e-06, 0.000186416495126, 0.000112137560791, 1.53877244884e-05, 1.29137715703e-05, 1.49348966261e-06, 8.59789565766e-07, 2.1596233637e-06, 2.60708566202e-06, 6.62189563627e-07, 1.28146302814e-06, 1.27556972984e-06, 1.45719752709e-06, 7.4121930993e-07, 9.54978531809e-07, 7.60539649036e-07, 2.3569215557e-07, 9.31225656586e-08, 1.5631594863e-07, 1.72627267148e-07, 2.51370551041e-07, 1.59640819675e-07, 1.50289451994e-07, 6.57307239749e-08, 7.63066694276e-08, 1.48079468687e-08, 9.97578547546e-11],
        "dvar2": [1.91992839973e-05, 0.00034623456304, 0.000308493996272, 4.39796349383e-05, 3.49795700458e-05, 3.67093912246e-06, 2.15677664528e-06, 4.0755048758e-06, 5.76691672904e-06, 1.58360273872e-06, 3.31702653966e-06, 3.11908615913e-06, 3.12317388307e-06, 1.56581802457e-06, 2.14289843825e-06, 2.14242504626e-06, 6.61847025185e-07, 2.38730990532e-07, 4.32298890019e-07, 4.57204549775e-07, 6.83585597017e-07, 4.40183782757e-07, 4.00801781097e-07, 1.66732476714e-07, 1.72085250938e-07, 3.67555657022e-08, 2.36727804026e-10],
        "max": [0.0496320314705, 0.189525708556, 0.0903809592128, 0.0384621322155, 0.0562751144171, 0.0298908334225, 0.0246772877872, 0.0468650087714, 0.0438322909176, 0.0229062084109, 0.0270562339574, 0.0321402214468, 0.0387888103724, 0.0284051131457, 0.0427026115358, 0.0238405112177, 0.00981145910919, 0.00655113998801, 0.00676393788308, 0.00542580010369, 0.00920703448355, 0.00496277818456, 0.0051857419312, 0.00395395979285, 0.00411722622812, 0.00131241208874, 0.000279660336673],
        "mean": [0.00330003560521, 0.0142171569169, 0.00233556958847, 0.00117099203635, 0.00218325736932, 0.00124261761084, 0.000711549946573, 0.00137970177457, 0.00175312405918, 0.000603302731179, 0.000793782703113, 0.000937046133913, 0.000904568936676, 0.000614704040345, 0.000536143023055, 0.000545870279893, 0.000392439484131, 0.000315469747875, 0.000389641238144, 0.000402977108024, 0.000487334909849, 0.00039393879706, 0.000368335167877, 0.000298521074001, 0.000259673048276, 0.000100104785815, 3.11328494718e-06],
        "median": [0.000240149034653, 0.00523398118094, 0.000241042638663, 0.000168901577126, 0.000626977300271, 0.000566401751712, 0.000260476139374, 0.000319338752888, 0.000594735087361, 0.000223922223086, 0.000239009212237, 0.000379577977583, 0.00031722796848, 0.000270648248261, 0.000178207352292, 0.00026353233261, 0.000161437899806, 0.00015478534624, 0.000172156520421, 0.000175993627636, 0.000205200718483, 0.000160090072313, 0.00014044958516, 0.000110718770884, 7.9991412349e-05, 3.0103026802e-05, 2.98343536542e-07],
        "min": [1.77201856694e-23, 1.70590697438e-23, 5.19378257606e-23, 2.45142076172e-23, 2.10622958686e-23, 2.3580606513e-23, 6.92006582762e-23, 3.98875210495e-23, 2.8028928471e-23, 2.81888621309e-23, 8.54146970628e-23, 4.83301881362e-23, 5.67747800435e-23, 1.51635600508e-22, 8.33693006424e-23, 8.26227984124e-23, 3.80492858137e-22, 2.84138888062e-22, 2.88433295369e-22, 2.5849442105e-22, 5.37882927581e-22, 3.97276309347e-22, 8.53501152293e-22, 7.08938264091e-22, 1.51792186242e-21, 1.46037969742e-21, 2.6299343237e-21],
        "var": [2.49461863859e-05, 0.000455741945188, 7.27743972675e-05, 1.0034819752e-05, 1.66836653079e-05, 3.38981226378e-06, 2.93392417916e-06, 1.2317645087e-05, 1.01170044218e-05, 1.30959324451e-06, 2.68909252554e-06, 2.55090662904e-06, 3.80297706215e-06, 1.49822051299e-06, 2.79222376776e-06, 8.72288069331e-07, 3.53085482629e-07, 1.83121045438e-07, 2.83383457145e-07, 3.08669626747e-07, 4.71480035458e-07, 2.77427659512e-07, 2.69466710279e-07, 1.52791798769e-07, 1.59443089842e-07, 2.36627002437e-08, 1.091671753e-10]
    },
    "erbbands": {
        "dmean": [0.321767032146, 1.21232700348, 2.99801254272, 3.8596124649, 3.74563002586, 5.70034408569, 6.81896352768, 6.38720703125, 5.49431276321, 8.3769159317, 13.082198143, 17.4454994202, 16.9645080566, 13.8092336655, 22.7097015381, 17.5014896393, 24.1392269135, 20.636713028, 16.072511673, 16.3984851837, 21.4298019409, 14.3327417374, 10.175989151, 9.51637649536, 11.5623817444, 10.7868461609, 10.111084938, 10.7244815826, 7.9280257225, 7.01734304428, 5.10297107697, 3.22382116318, 2.46775126457, 1.78189468384, 0.845759153366, 0.319234848022, 0.102979116142, 0.0133941993117, 0.000324517663103, 2.16857715714e-05],
        "dmean2": [0.445246875286, 1.64652788639, 5.06926822662, 6.77474784851, 6.51823282242, 9.70123386383, 10.826292038, 10.1517848969, 9.20790195465, 12.9670734406, 19.746635437, 26.9202919006, 25.8280830383, 22.0281352997, 36.440158844, 27.5244846344, 37.0126037598, 31.7920532227, 25.0721740723, 26.7958717346, 36.3586044312, 24.1074905396, 16.4382610321, 16.0348243713, 19.0397701263, 18.000043869, 16.771320343, 17.9265975952, 13.4319829941, 11.5923299789, 8.3828830719, 5.19914150238, 3.96602988243, 2.79434800148, 1.34012985229, 0.510456502438, 0.164838403463, 0.0210569631308, 0.00050813035341, 3.11141084239e-05],
        "dvar": [0.521714448929, 7.79994773865, 105.122207642, 155.084335327, 114.327560425, 182.60836792, 200.611251831, 138.084671021, 128.278930664, 319.251342773, 787.718811035, 1187.43859863, 959.785949707, 626.106445312, 1798.10266113, 944.453430176, 3286.24316406, 2647.28222656, 2946.21704102, 1642.51831055, 2177.04296875, 772.887207031, 296.888031006, 275.569854736, 467.298492432, 426.375396729, 355.050933838, 503.191162109, 251.315002441, 200.484893799, 91.992980957, 33.4411506653, 20.4513473511, 13.2911739349, 2.76851892471, 0.413040369749, 0.0559527613223, 0.00103366735857, 6.74378156873e-07, 1.11196585273e-09],
        "dvar2": [0.999121129513, 15.5686445236, 274.338562012, 424.025878906, 317.456268311, 512.535644531, 469.377960205, 343.042388916, 359.875671387, 695.299316406, 1517.38525391, 2785.67675781, 2063.28735352, 1541.35058594, 4618.1328125, 2239.9206543, 6914.76220703, 5559.75, 6177.24951172, 4088.97973633, 5956.11035156, 2169.42602539, 758.236328125, 757.113464355, 1259.34216309, 1153.52868652, 949.801330566, 1373.16833496, 698.785766602, 540.297302246, 242.418380737, 86.9632263184, 51.187587738, 29.869846344, 6.73853349686, 1.04679322243, 0.1414103508, 0.00226998375729, 1.50313815084e-06, 2.34946817557e-09],
        "max": [8.72060871124, 35.8868255615, 87.404876709, 113.070678711, 171.252090454, 259.075927734, 390.66708374, 246.443695068, 179.476501465, 648.544372559, 850.923706055, 1201.58032227, 874.249023438, 519.61315918, 874.500366211, 920.094604492, 1616.71765137, 1612.51843262, 2571.44482422, 1573.79833984, 1609.40454102, 641.004516602, 402.744140625, 300.490783691, 391.244659424, 310.257415771, 316.545776367, 460.181060791, 194.977813721, 201.108383179, 192.727737427, 78.4879379272, 74.8593215942, 57.6161766052, 21.7492904663, 9.33589363098, 2.7179248333, 0.583999693394, 0.0170350875705, 0.000463952368591],
        "mean": [0.693197071552, 2.04048442841, 2.93841147423, 3.5340154171, 4.17019748688, 7.43413257599, 11.3106632233, 10.9563903809, 8.51781463623, 19.2990016937, 29.2276859283, 33.6024055481, 32.659488678, 23.7703437805, 40.6821556091, 30.9850521088, 42.2314682007, 33.6073493958, 27.9853019714, 27.5910511017, 31.7372703552, 23.4107723236, 18.9685287476, 16.9819145203, 21.3442153931, 19.1641960144, 18.4794139862, 18.6213932037, 14.4809160233, 12.7562437057, 9.92811489105, 6.7137670517, 4.95217466354, 3.32602524757, 1.55677974224, 0.562281250954, 0.160725995898, 0.020444881171, 0.000500430702232, 6.63425307721e-05],
        "median": [0.130823820829, 0.72102022171, 0.637742578983, 0.498937785625, 0.949984073639, 1.95610618591, 3.68871688843, 4.82043933868, 4.10500621796, 6.05615663528, 8.68105888367, 12.6137514114, 13.6110181808, 11.3462257385, 18.4528808594, 15.7317905426, 15.4039583206, 14.4599094391, 10.8001155853, 12.7865715027, 14.9221096039, 10.1031970978, 9.57748985291, 8.38325691223, 8.8950252533, 8.61390686035, 8.01616954803, 7.35028839111, 5.87919902802, 4.65280342102, 3.89783620834, 2.47818946838, 1.7714881897, 1.04210948944, 0.478951215744, 0.171801656485, 0.046174235642, 0.0054293605499, 0.000141699885717, 5.25990253664e-05],
        "min": [8.74391198805e-22, 3.10280476284e-21, 3.65535571708e-20, 1.05987168874e-19, 2.46819337208e-20, 1.27891816224e-19, 1.55233237396e-19, 1.83906729547e-19, 7.47677698941e-19, 1.08076048075e-18, 9.45991665861e-19, 5.36043384123e-19, 6.71649098998e-19, 3.20095487847e-18, 1.91005598734e-18, 2.13678060977e-18, 2.81536856503e-18, 7.96729612663e-18, 4.76291961556e-18, 4.94631134763e-18, 8.49305708705e-18, 1.77315362549e-17, 1.85442676765e-17, 9.26518469394e-18, 1.62699230018e-17, 1.04703545864e-17, 2.18069889585e-17, 2.07430444392e-17, 1.27009347893e-17, 1.65221419511e-17, 2.47606573657e-17, 1.80746855146e-17, 1.1001378897e-17, 1.2332964321e-17, 1.32478533754e-17, 6.05277501835e-18, 2.78369085629e-18, 1.00719186425e-18, 3.63404715676e-19, 4.35688436341e-20],
        "var": [1.11247372627, 13.4961214066, 79.286781311, 106.309066772, 90.7598648071, 222.629394531, 489.392333984, 303.096679688, 157.012084961, 2260.42138672, 4348.14892578, 3499.58740234, 3446.09301758, 1342.890625, 3958.94580078, 2061.85083008, 8548.56933594, 5422.87988281, 7818.81054688, 3271.21972656, 2964.45092773, 1179.54821777, 625.24230957, 479.693969727, 919.150756836, 687.611022949, 635.673522949, 845.425415039, 391.273834229, 338.267730713, 179.529724121, 76.740562439, 44.1860542297, 27.6667823792, 5.23544788361, 0.689716935158, 0.0735999196768, 0.00160992366727, 9.95320419861e-07, 3.49285844692e-09]
    },
    "gfcc": {
        "mean": [3.17324256897, 59.8331565857, -126.632324219, 26.1521110535, -66.3612670898, 22.1368331909, -34.6405754089, 10.3056640625, -24.4052238464, 7.50471258163, -15.3744649887, 4.73220062256, -8.22006130219],
        "cov": [[11529.8701172, -786.149230957, 1717.13415527, 1374.68640137, 257.259979248, 697.06427002, -207.885726929, 798.640930176, -98.6190567017, 318.95300293, -209.152587891, 539.521606445, 13.1393499374], [-786.149230957, 2551.43725586, 147.67237854, -133.630279541, 349.484344482, -130.143432617, 476.987548828, -115.205589294, 351.971435547, -101.280250549, 255.468292236, -112.189788818, 182.081817627], [1717.13415527, 147.67237854, 1264.75634766, 683.042724609, 461.283905029, 454.246734619, 162.440246582, 294.914031982, 41.0438194275, 156.244918823, 41.4294548035, 195.904830933, 27.6270809174], [1374.68640137, -133.630279541, 683.042724609, 770.340026855, 411.750030518, 350.915222168, 107.913986206, 195.66885376, 63.4026947021, 107.13634491, 44.5924758911, 117.48992157, 48.4503517151], [257.259979248, 349.484344482, 461.283905029, 411.750030518, 665.543029785, 342.344055176, 282.974151611, 183.879501343, 169.1690979, 146.711196899, 123.626502991, 78.5198898315, 81.5517730713], [697.06427002, -130.143432617, 454.246734619, 350.915222168, 342.344055176, 403.144744873, 150.708892822, 179.230651855, 49.8031921387, 129.83732605, 60.9008255005, 105.882156372, 35.5182762146], [-207.885726929, 476.987548828, 162.440246582, 107.913986206, 282.974151611, 150.708892822, 312.880218506, 116.287391663, 157.886001587, 57.7369880676, 107.503364563, 32.907875061, 70.4835357666], [798.640930176, -115.205589294, 294.914031982, 195.66885376, 183.879501343, 179.230651855, 116.287391663, 274.899169922, 102.951454163, 110.724906921, 15.2427692413, 94.0918655396, 36.1278457642], [-98.6190567017, 351.971435547, 41.0438194275, 63.4026947021, 169.1690979, 49.8031921387, 157.886001587, 102.951454163, 222.378372192, 66.0319747925, 73.6532669067, -3.87245106697, 75.1772918701], [318.95300293, -101.280250549, 156.244918823, 107.13634491, 146.711196899, 129.83732605, 57.7369880676, 110.724906921, 66.0319747925, 152.272354126, 53.4061279297, 55.4319152832, 12.0076856613], [-209.152587891, 255.468292236, 41.4294548035, 44.5924758911, 123.626502991, 60.9008255005, 107.503364563, 15.2427692413, 73.6532669067, 53.4061279297, 143.255630493, 39.3037185669, 51.5709190369], [539.521606445, -112.189788818, 195.904830933, 117.48992157, 78.5198898315, 105.882156372, 32.907875061, 94.0918655396, -3.87245106697, 55.4319152832, 39.3037185669, 155.311660767, 48.4040641785], [13.1393499374, 182.081817627, 27.6270809174, 48.4503517151, 81.5517730713, 35.5182762146, 70.4835357666, 36.1278457642, 75.1772918701, 12.0076856613, 51.5709190369, 48.4040641785, 132.576934814]],
        "icov": [[0.000204424592084, -0.000291356176604, 0.000165926510817, -0.000424508005381, 0.000270406686468, -0.000272211036645, 0.00051896716468, -0.000642447266728, 0.000307999143843, -0.000400584220188, 0.000543320609722, -0.000512200582307, 0.000143499055412], [-0.000291356176604, 0.00192195014097, -0.00146307575051, 0.00141908344813, -0.000950999499764, 0.00173448305577, -0.00225415523164, 0.00219981861301, -0.0019542966038, 0.00220189802349, -0.00226782960817, 0.00163944601081, -0.000912868534215], [0.000165926510817, -0.00146307575051, 0.00310582108796, -0.00212232326157, 0.000480912596686, -0.00194166123401, 0.00136737676803, -0.00214405264705, 0.00184717902448, -0.00160154514015, 0.00199162121862, -0.00215051439591, 0.00131107540801], [-0.000424508005381, 0.00141908344813, -0.00212232326157, 0.00459179654717, -0.00202558608726, 9.26291031647e-05, -0.000453926069895, 0.00170626421459, -0.00205374928191, 0.00274172471836, -0.00214163493365, 0.00153704651166, -0.000957036740147], [0.000270406686468, -0.000950999499764, 0.000480912596686, -0.00202558608726, 0.00502947578207, -0.00244206399657, -0.00106184999458, -0.000594327400904, 0.000269632757409, -0.00255662738346, 0.00104718084913, -0.00033972717938, 1.65845665379e-06], [-0.000272211036645, 0.00173448305577, -0.00194166123401, 9.26291031647e-05, -0.00244206399657, 0.00902913324535, -0.00374222709797, 0.000647839799058, 0.00105479802005, -0.000854516634718, -0.00207172404043, 0.00131228007376, -0.00128216843586], [0.00051896716468, -0.00225415523164, 0.00136737676803, -0.000453926069895, -0.00106184999458, -0.00374222709797, 0.011580305174, -0.00483193667606, -0.00115307501983, 0.00105283304583, -0.000919260899536, -0.00183646986261, 0.00132783700246], [-0.000642447266728, 0.00219981861301, -0.00214405264705, 0.00170626421459, -0.000594327400904, 0.000647839799058, -0.00483193667606, 0.0128945652395, -0.00645467685536, -0.000872358097695, 0.00197721435688, -0.00198468868621, -0.000192665727809], [0.000307999143843, -0.0019542966038, 0.00184717902448, -0.00205374928191, 0.000269632757409, 0.00105479802005, -0.00115307501983, -0.00645467685536, 0.0144888591021, -0.00576650071889, 7.93257349869e-05, 0.00373228592798, -0.00414445484057], [-0.000400584220188, 0.00220189802349, -0.00160154514015, 0.00274172471836, -0.00255662738346, -0.000854516634718, 0.00105283304583, -0.000872358097695, -0.00576650071889, 0.0168369449675, -0.00720217637718, 4.3538348109e-05, 0.00235754717141], [0.000543320609722, -0.00226782960817, 0.00199162121862, -0.00214163493365, 0.00104718084913, -0.00207172404043, -0.000919260899536, 0.00197721435688, 7.93257349869e-05, -0.00720217637718, 0.0168348159641, -0.00609222566709, -0.000427704071626], [-0.000512200582307, 0.00163944601081, -0.00215051439591, 0.00153704651166, -0.00033972717938, 0.00131228007376, -0.00183646986261, -0.00198468868621, 0.00373228592798, 4.3538348109e-05, -0.00609222566709, 0.0154083231464, -0.00631597219035], [0.000143499055412, -0.000912868534215, 0.00131107540801, -0.000957036740147, 1.65845665379e-06, -0.00128216843586, 0.00132783700246, -0.000192665727809, -0.00414445484057, 0.00235754717141, -0.000427704071626, -0.00631597219035, 0.0131568135694]]
    },
    "melbands": {
        "dmean": [0.00219113449566, 0.00141987227835, 0.000651265901979, 0.000313875672873, 0.000258329935605, 0.000137866692967, 8.42208537506e-05, 0.000107778912934, 0.000102637932287, 0.000118928051961, 8.76559424796e-05, 5.77472710575e-05, 7.87768876762e-05, 7.97342217993e-05, 4.69722726848e-05, 5.05099706061e-05, 3.65441992471e-05, 2.76035461866e-05, 1.98929337785e-05, 2.38536122197e-05, 2.55061786447e-05, 1.57924496307e-05, 1.24778316604e-05, 9.01531439013e-06, 8.17748605186e-06, 8.98191592569e-06, 8.88703198143e-06, 7.21384958524e-06, 7.19812896932e-06, 5.99009808866e-06, 6.82807831254e-06, 4.85239934278e-06, 4.2508727347e-06, 4.23788560511e-06, 3.126876436e-06, 2.66070583166e-06, 1.95022153093e-06, 1.9456690552e-06, 1.66325810369e-06, 1.55093528065e-06],
        "dmean2": [0.00296228285879, 0.00212817033753, 0.00112199899741, 0.000543128175195, 0.000414635840571, 0.000219411827857, 0.000140174146509, 0.000164781959029, 0.00015586669906, 0.000181470371899, 0.000133565146825, 9.20617530937e-05, 0.000126116268802, 0.000126244674902, 7.25403951947e-05, 7.83929426689e-05, 5.64929869142e-05, 4.33966124547e-05, 3.20954131894e-05, 4.02816731366e-05, 4.32759297837e-05, 2.68718740699e-05, 2.0436666091e-05, 1.47935434143e-05, 1.39194644362e-05, 1.49469024109e-05, 1.46123393279e-05, 1.21705770653e-05, 1.19907381304e-05, 9.95161008177e-06, 1.1590498616e-05, 8.29792588775e-06, 7.08600055077e-06, 7.07096205588e-06, 5.12954966325e-06, 4.43298267783e-06, 3.17318722409e-06, 3.19504420077e-06, 2.6401244213e-06, 2.46666218118e-06],
        "dvar": [2.12828690564e-05, 1.63058757607e-05, 3.98609745389e-06, 6.4675197109e-07, 2.95456032973e-07, 6.20262881057e-08, 2.98657951703e-08, 5.08651432085e-08, 4.02903204133e-08, 4.99060952563e-08, 2.60512180716e-08, 1.14599982837e-08, 2.76587908132e-08, 2.43152431523e-08, 1.18167529095e-08, 1.20544454418e-08, 7.71432429048e-09, 7.20558235301e-09, 2.37267627767e-09, 4.31158664327e-09, 2.88568458018e-09, 1.071266853e-09, 5.13690978643e-10, 2.46755421651e-10, 2.10983258642e-10, 2.80243689366e-10, 2.56834609136e-10, 2.11246714565e-10, 1.93633067913e-10, 1.25575064236e-10, 2.39032099669e-10, 1.03074063174e-10, 5.70752368978e-11, 8.30810559238e-11, 3.54600585006e-11, 2.38327638874e-11, 1.32290515348e-11, 1.37803761457e-11, 9.82436181018e-12, 1.16041013604e-11],
        "dvar2": [3.93490627175e-05, 3.77209435101e-05, 1.07119294626e-05, 1.81186237569e-06, 7.13459883173e-07, 1.538622314e-07, 8.29033126593e-08, 1.05920996418e-07, 8.07166955497e-08, 1.14966368869e-07, 5.59638628772e-08, 2.7753387144e-08, 7.20817112665e-08, 5.86668029712e-08, 2.55871785981e-08, 2.60591477286e-08, 1.62859112862e-08, 1.51406620574e-08, 5.90731374928e-09, 1.21645795659e-08, 7.7713666613e-09, 3.01377189871e-09, 1.35881417229e-09, 6.43116893073e-10, 5.8194571384e-10, 7.71403441124e-10, 6.67098987162e-10, 5.72739411453e-10, 5.09133735171e-10, 3.38516326082e-10, 6.54839404923e-10, 2.87261131549e-10, 1.53311752182e-10, 2.23002213917e-10, 9.33166877104e-11, 6.3392693872e-11, 3.48461190458e-11, 3.57886636992e-11, 2.27486588594e-11, 2.68946861309e-11],
        "max": [0.0642310082912, 0.0370459146798, 0.0178457647562, 0.0119937313721, 0.0144465751946, 0.00529928645119, 0.00279255746864, 0.0062607047148, 0.00562452198938, 0.00645336741582, 0.00446442933753, 0.00252042710781, 0.00388767919503, 0.00482847262174, 0.0029547396116, 0.00328170135617, 0.00275987642817, 0.00387587002479, 0.00155632570386, 0.00129135733005, 0.00185533124022, 0.000859309511725, 0.000521880865563, 0.000360868521966, 0.000268179835984, 0.000328530470142, 0.000327554938849, 0.000224838469876, 0.000260481698206, 0.000248622847721, 0.000392087327782, 0.000141144249937, 0.000113956550194, 0.000160604744451, 0.000122000237752, 8.9488014055e-05, 5.86315327382e-05, 7.32312400942e-05, 4.56927591586e-05, 5.68797513552e-05],
        "mean": [0.00500008277595, 0.00192702875938, 0.000638962956145, 0.000382947036996, 0.000415721908212, 0.000237446423853, 0.000134707268444, 0.000256811326835, 0.000222775430302, 0.000230124656809, 0.000164061799296, 9.35042626224e-05, 0.000135885959025, 0.000123496007291, 7.64145806897e-05, 8.65519177751e-05, 5.69211879338e-05, 4.51348205388e-05, 3.37769197358e-05, 3.59941914212e-05, 3.60140547855e-05, 2.32194233831e-05, 2.07123175642e-05, 1.49453107952e-05, 1.32764462251e-05, 1.55075395014e-05, 1.56260102813e-05, 1.15567254397e-05, 1.16885621537e-05, 1.09472321128e-05, 1.05456629171e-05, 7.97787743068e-06, 7.84882740845e-06, 6.90143497195e-06, 5.75814738113e-06, 4.94712958243e-06, 3.78611366614e-06, 3.62446940017e-06, 3.09494157591e-06, 2.67147584054e-06],
        "median": [0.00155268039089, 0.000650193658657, 0.000101564321085, 0.000101406883914, 0.000129474618006, 0.000105323728349, 6.19690981694e-05, 7.32194166631e-05, 6.91085297149e-05, 7.89565674495e-05, 6.40053185634e-05, 4.00268982048e-05, 5.29368335265e-05, 4.64235272375e-05, 2.5883617127e-05, 3.21182124026e-05, 2.38635766436e-05, 1.57658651005e-05, 1.32113491418e-05, 1.66664740391e-05, 1.52646643983e-05, 8.99847236724e-06, 9.02207284526e-06, 7.182176887e-06, 6.31133025308e-06, 6.71351199344e-06, 6.34192201687e-06, 5.0399266911e-06, 4.8123902161e-06, 4.21594177169e-06, 4.07901961808e-06, 3.14828685077e-06, 3.09918414132e-06, 2.33430682783e-06, 2.23911547437e-06, 1.80766573976e-06, 1.3309499991e-06, 1.29014563299e-06, 1.00969009509e-06, 7.80275627221e-07],
        "min": [7.41664856097e-24, 1.5123280813e-23, 1.52691522384e-23, 4.50787543426e-24, 5.73952357116e-24, 4.09172211891e-24, 1.21716299406e-23, 1.13005823509e-23, 6.58447564218e-24, 3.60008388682e-24, 2.92311481518e-24, 1.18852016457e-23, 8.08239510016e-24, 4.35027167502e-24, 7.66033558321e-24, 5.30628392302e-24, 1.68443733598e-23, 7.16959546926e-24, 6.50706984915e-24, 6.89178074655e-24, 1.1965739611e-23, 2.23434028232e-23, 1.30320996945e-23, 1.65865120848e-23, 5.39062419784e-24, 1.4005914561e-23, 6.82993326272e-24, 7.35605221054e-24, 1.28583870012e-23, 1.58751015433e-23, 1.10149878819e-23, 7.1915605123e-24, 6.90846199925e-24, 1.00937458616e-23, 1.41656068295e-23, 1.45507807882e-23, 9.93493001757e-24, 7.16763988308e-24, 8.85689715918e-24, 1.08531972434e-23],
        "var": [5.35262915946e-05, 1.81241048267e-05, 2.87461921289e-06, 5.85530813169e-07, 6.66413825456e-07, 1.36664738193e-07, 4.52255761729e-08, 3.54207202236e-07, 2.05982445323e-07, 1.72772061546e-07, 9.07282426965e-08, 2.40412383334e-08, 6.10456112327e-08, 4.9466379437e-08, 2.80453580359e-08, 2.97206277367e-08, 1.56899577775e-08, 1.84996000741e-08, 6.41991171335e-09, 4.71790606582e-09, 4.14611234234e-09, 1.45473055824e-09, 9.40437394625e-10, 4.39870445623e-10, 3.28483629186e-10, 4.87769324931e-10, 5.23053100832e-10, 2.88145701743e-10, 2.99218427813e-10, 2.82941226004e-10, 2.99276436966e-10, 1.35859670736e-10, 1.13130949053e-10, 1.22232682309e-10, 6.46824260819e-11, 4.53966517155e-11, 2.66487977518e-11, 2.51064863344e-11, 2.11908910558e-11, 2.08764689563e-11]
    },
    "mfcc": {
        "mean": [-634.701843262, 92.0103759766, -3.48445439339, 8.65421962738, -6.4312915802, 7.26121234894, 0.745257139206, 3.06482815742, 0.365840494633, 1.16864907742, -0.869735836983, 1.5648368597, 0.810899317265],
        "cov": [[8991.37207031, -987.76953125, 871.816162109, 727.194641113, 714.599731445, 197.582336426, 246.914260864, 356.988922119, 325.46786499, 94.5382156372, 73.006149292, 113.184829712, 95.8335113525], [-987.76953125, 2316.40454102, -50.7884140015, 119.597251892, -130.069061279, 68.8221740723, 66.9214172363, 108.647705078, 103.068084717, 60.6320915222, 98.4284133911, 115.133453369, 89.5435638428], [871.816162109, -50.7884140015, 738.905273438, 330.96395874, 338.655944824, 230.183486938, 218.993026733, 170.608474731, 111.186080933, 52.7854652405, 55.8367958069, 60.0163078308, 62.1158103943], [727.194641113, 119.597251892, 330.96395874, 470.774780273, 330.89276123, 218.187866211, 179.380279541, 168.190246582, 143.721710205, 91.7942123413, 76.0218048096, 75.2345275879, 68.6430435181], [714.599731445, -130.069061279, 338.655944824, 330.89276123, 508.847991943, 292.099243164, 249.697021484, 168.938537598, 164.54637146, 124.91885376, 105.670806885, 82.4774169922, 79.7744522095], [197.582336426, 68.8221740723, 230.183486938, 218.187866211, 292.099243164, 318.130493164, 225.163619995, 132.852874756, 98.5087051392, 81.6700592041, 84.0389404297, 73.943359375, 62.9899253845], [246.914260864, 66.9214172363, 218.993026733, 179.380279541, 249.697021484, 225.163619995, 279.804779053, 159.119628906, 107.292686462, 73.5265579224, 91.0385818481, 83.3241348267, 82.763381958], [356.988922119, 108.647705078, 170.608474731, 168.190246582, 168.938537598, 132.852874756, 159.119628906, 203.841888428, 138.525405884, 66.5069198608, 60.2870407104, 68.5529022217, 72.9506378174], [325.46786499, 103.068084717, 111.186080933, 143.721710205, 164.54637146, 98.5087051392, 107.292686462, 138.525405884, 223.285720825, 111.010391235, 80.2605209351, 56.2573242188, 59.8374137878], [94.5382156372, 60.6320915222, 52.7854652405, 91.7942123413, 124.91885376, 81.6700592041, 73.5265579224, 66.5069198608, 111.010391235, 168.100906372, 94.7277069092, 47.1514854431, 20.3258686066], [73.006149292, 98.4284133911, 55.8367958069, 76.0218048096, 105.670806885, 84.0389404297, 91.0385818481, 60.2870407104, 80.2605209351, 94.7277069092, 147.98928833, 87.8560791016, 30.8966751099], [113.184829712, 115.133453369, 60.0163078308, 75.2345275879, 82.4774169922, 73.943359375, 83.3241348267, 68.5529022217, 56.2573242188, 47.1514854431, 87.8560791016, 126.719940186, 62.0742874146], [95.8335113525, 89.5435638428, 62.1158103943, 68.6430435181, 79.7744522095, 62.9899253845, 82.763381958, 72.9506378174, 59.8374137878, 20.3258686066, 30.8966751099, 62.0742874146, 123.048744202]],
