{
"lowlevel": {
    "average_loudness": 0.917790174484,
    "barkbands_crest": {
        "dmean": 2.46407318115,
        "dmean2": 3.72014045715,
        "dvar": 5.78190803528,
        "dvar2": 12.9856538773,
        "max": 26.5548057556,
        "mean": 11.6385564804,
        "median": 10.8795366287,
        "min": 1.80992817879,
        "var": 26.8582630157
    },
    "barkbands_flatness_db": {
        "dmean": 0.0211043506861,
        "dmean2": 0.0305988229811,
        "dvar": 0.000479594629724,
        "dvar2": 0.0010023987852,
        "max": 0.400455147028,
        "mean": 0.129909336567,
        "median": 0.130426585674,
        "min": 0.00893410015851,
        "var": 0.00295945093967
    },
    "barkbands_kurtosis": {
        "dmean": 2.47286200523,
        "dmean2": 3.7295293808,
        "dvar": 23.0721035004,
        "dvar2": 46.0471572876,
        "max": 163.019638062,
        "mean": 4.53237247467,
        "median": 2.28502893448,
        "min": -1.88271737099,
        "var": 61.8187332153
    },
    "barkbands_skewness": {
        "dmean": 0.467799514532,
        "dmean2": 0.706707119942,
        "dvar": 0.313612192869,
        "dvar2": 0.637999773026,
        "max": 10.7130565643,
        "mean": 1.6591835022,
        "median": 1.45655250549,
        "min": -2.12593388557,
        "var": 1.41228246689
    },
    "barkbands_spread": {
        "dmean": 5.33947372437,
        "dmean2": 8.25378513336,
        "dvar": 43.6470146179,
        "dvar2": 105.204299927,
        "max": 78.1813278198,
        "mean": 23.1034832001,
        "median": 19.7109527588,
        "min": 0.692569792271,
        "var": 185.990753174
    },
    "dissonance": {
        "dmean": 0.0179176088423,
        "dmean2": 0.0303522981703,
        "dvar": 0.000309661612846,
        "dvar2": 0.000860690139234,
        "max": 0.500000059605,
        "mean": 0.462258964777,
        "median": 0.469016969204,
        "min": 0.249582484365,
        "var": 0.000873359036632
    },
    "dynamic_complexity": 3.20795559883,
    "erbbands_crest": {
        "dmean": 2.6023581028,
        "dmean2": 4.13014984131,
        "dvar": 6.24853754044,
        "dvar2": 14.8988418579,
        "max": 31.3732738495,
        "mean": 9.61814594269,
        "median": 8.6219367981,
        "min": 2.2850689888,
        "var": 24.2391166687
    },
    "erbbands_flatness_db": {
        "dmean": 0.0155372805893,
        "dmean2": 0.0226078499109,
        "dvar": 0.000236689113081,
        "dvar2": 0.000504080322571,
        "max": 0.432564169168,
        "mean": 0.14656226337,
        "median": 0.139782339334,
        "min": 0.0498274751008,
        "var": 0.00310621131212
    },
    "erbbands_kurtosis": {
        "dmean": 0.984202325344,
        "dmean2": 1.54406809807,
        "dvar": 2.89817786217,
        "dvar2": 6.60734844208,
        "max": 62.8277893066,
        "mean": 0.899634718895,
        "median": 0.0732111930847,
        "min": -1.73886048794,
        "var": 7.07635402679
    },
    "erbbands_skewness": {
        "dmean": 0.332191050053,
        "dmean2": 0.508749067783,
        "dvar": 0.103006407619,
        "dvar2": 0.23610752821,
        "max": 7.40605401993,
        "mean": 0.633972585201,
        "median": 0.533005952835,
        "min": -1.45675599575,
        "var": 0.619237959385
    },
    "erbbands_spread": {
        "dmean": 7.63591146469,
        "dmean2": 11.4552993774,
        "dvar": 83.2467193604,
        "dvar2": 178.980178833,
        "max": 134.765487671,
        "mean": 37.5685005188,
        "median": 35.2313117981,
        "min": 2.16569662094,
        "var": 315.713806152
    },
    "hfc": {
        "dmean": 9.02669715881,
        "dmean2": 13.7899007797,
        "dvar": 230.250762939,
        "dvar2": 576.99798584,
        "max": 190.105773926,
        "mean": 28.0809230804,
        "median": 21.0235767365,
        "min": 1.10237513202e-16,
        "var": 642.180969238
    },
    "melbands_crest": {
        "dmean": 3.25231695175,
        "dmean2": 5.08962965012,
        "dvar": 11.0940027237,
        "dvar2": 26.7156772614,
        "max": 35.9523429871,
        "mean": 16.8747844696,
        "median": 15.1528816223,
        "min": 1.7973099947,
        "var": 56.8103218079
    },
    "melbands_flatness_db": {
        "dmean": 0.0252815261483,
        "dmean2": 0.0370279215276,
        "dvar": 0.000776008178946,
        "dvar2": 0.00167536025401,
        "max": 0.409665048122,
        "mean": 0.190784171224,
        "median": 0.192726224661,
        "min": 0.00508543942124,
        "var": 0.00447533139959
    },
    "melbands_kurtosis": {
        "dmean": 7.12149238586,
        "dmean2": 10.7316360474,
        "dvar": 306.959625244,
        "dvar2": 624.903808594,
        "max": 358.522888184,
        "mean": 14.9547662735,
        "median": 7.329829216,
        "min": -1.53706812859,
        "var": 697.633911133
    },
    "melbands_skewness": {
        "dmean": 0.68446367979,
        "dmean2": 1.01810455322,
        "dvar": 0.892111241817,
        "dvar2": 1.77137517929,
        "max": 16.2992553711,
        "mean": 2.68649053574,
        "median": 2.23744130135,
        "min": -0.918733477592,
        "var": 3.83337044716
    },
    "melbands_spread": {
        "dmean": 6.40392637253,
        "dmean2": 10.051027298,
        "dvar": 77.630645752,
        "dvar2": 186.707504272,
        "max": 167.982788086,
        "mean": 22.9836978912,
        "median": 18.5861263275,
        "min": 0.652688324451,
        "var": 270.048461914
    },
    "pitch_salience": {
        "dmean": 0.0674200132489,
        "dmean2": 0.105740323663,
        "dvar": 0.00543617643416,
        "dvar2": 0.0132201677188,
        "max": 0.930498540401,
        "mean": 0.495583862066,
        "median": 0.509300708771,
        "min": 0.0642368271947,
        "var": 0.0204963143915
    },
    "silence_rate_20dB": {
        "dmean": 0,
        "dmean2": 0,
        "dvar": 0,
        "dvar2": 0,
        "max": 1,
        "mean": 1,
        "median": 1,
        "min": 1,
        "var": 0
    },
    "silence_rate_30dB": {
        "dmean": 0,
        "dmean2": 0,
        "dvar": 0,
        "dvar2": 0,
        "max": 1,
        "mean": 1,
        "median": 1,
        "min": 1,
        "var": 0
    },
    "silence_rate_60dB": {
        "dmean": 0.0195327457041,
        "dmean2": 0.0390692315996,
        "dvar": 0.0191511940211,
        "dvar2": 0.0440540015697,
        "max": 1,
        "mean": 0.0588798485696,
        "median": 0,
        "min": 0,
        "var": 0.055417817086
    },
    "spectral_centroid": {
        "dmean": 254.333831787,
        "dmean2": 393.186431885,
        "dvar": 102490.304688,
        "dvar2": 247670.375,
        "max": 11703.6298828,
        "mean": 1502.29846191,
        "median": 1349.26721191,
        "min": 328.04385376,
        "var": 550107.3125
    },
    "spectral_complexity": {
        "dmean": 4.32382249832,
        "dmean2": 6.68773317337,
        "dvar": 25.3979549408,
        "dvar2": 56.2704200745,
        "max": 59,
        "mean": 21.3730010986,
        "median": 18,
        "min": 0,
        "var": 141.575256348
    },
    "spectral_decrease": {
        "dmean": 1.87023641018e-09,
        "dmean2": 2.83450196648e-09,
        "dvar": 6.99172675681e-18,
        "dvar2": 1.71736078948e-17,
        "max": 1.41316891155e-28,
        "mean": -8.64955307378e-09,
        "median": -8.38128588754e-09,
        "min": -3.19737267773e-08,
        "var": 3.44839785234e-17
    },
    "spectral_energy": {
        "dmean": 0.00743765896186,
        "dmean2": 0.0112544335425,
        "dvar": 0.00010807140643,
        "dvar2": 0.000264971458819,
        "max": 0.12346611917,
        "mean": 0.0351924672723,
        "median": 0.0347545892,
        "min": 1.03334277865e-20,
        "var": 0.000539233908057
    },
    "spectral_energyband_high": {
        "dmean": 0.000780023750849,
        "dmean2": 0.00123100320343,
        "dvar": 2.26984025176e-06,
        "dvar2": 5.8038735915e-06,
        "max": 0.0179804414511,
        "mean": 0.00170572043862,
        "median": 0.000745537166949,
        "min": 7.25162989734e-21,
        "var": 5.20807043358e-06
    },
    "spectral_energyband_low": {
        "dmean": 0.00486645149067,
        "dmean2": 0.00765873864293,
        "dvar": 8.59306019265e-05,
        "dvar2": 0.000203809846425,
        "max": 0.11225079,
        "mean": 0.0155713250861,
        "median": 0.0131134670228,
        "min": 2.462879913e-23,
        "var": 0.000318488659104
    },
    "spectral_energyband_middle_high": {
        "dmean": 0.00228139339015,
        "dmean2": 0.00351704494096,
        "dvar": 1.03806623883e-05,
        "dvar2": 2.43995727942e-05,
        "max": 0.0502385124564,
        "mean": 0.0061759785749,
        "median": 0.00447576865554,
        "min": 1.28323006332e-21,
        "var": 3.16047990054e-05
    },
    "spectral_energyband_middle_low": {
        "dmean": 0.00430401600897,
        "dmean2": 0.00680024083704,
        "dvar": 5.74385594518e-05,
        "dvar2": 0.000155759102199,
        "max": 0.0749220699072,
        "mean": 0.0123220412061,
        "median": 0.00815957784653,
        "min": 2.55950148993e-22,
        "var": 0.000149418308865
    },
    "spectral_entropy": {
        "dmean": 0.150953784585,
        "dmean2": 0.226629599929,
        "dvar": 0.0272362977266,
        "dvar2": 0.0620526410639,
        "max": 9.80900001526,
        "mean": 7.7316031456,
        "median": 7.79953718185,
        "min": 5.64943790436,
        "var": 0.206399217248
    },
    "spectral_flux": {
        "dmean": 0.0243539661169,
        "dmean2": 0.0354539118707,
        "dvar": 0.00093323161127,
        "dvar2": 0.00152136024553,
        "max": 0.348068714142,
        "mean": 0.080775052309,
        "median": 0.0713644996285,
        "min": 6.47292705547e-11,
        "var": 0.00291275163181
    },
    "spectral_kurtosis": {
        "dmean": 1.04389059544,
        "dmean2": 1.70617282391,
        "dvar": 1.96949112415,
        "dvar2": 5.35553693771,
        "max": 26.5610923767,
        "mean": 3.91407585144,
        "median": 3.21498394012,
        "min": -1.49884343147,
        "var": 6.55285406113
    },
    "spectral_rms": {
        "dmean": 0.00060985062737,
        "dmean2": 0.000917152443435,
        "dvar": 5.7249820884e-07,
        "dvar2": 1.36548101182e-06,
        "max": 0.0109751876444,
        "mean": 0.00542733306065,
        "median": 0.00582296447828,
        "min": 3.17512097343e-12,
        "var": 4.87819716e-06
    },
    "spectral_rolloff": {
        "dmean": 529.86529541,
        "dmean2": 877.461914062,
        "dvar": 816599.1875,
        "dvar2": 1940571.5,
        "max": 19143.0175781,
        "mean": 1597.77978516,
        "median": 947.4609375,
        "min": 64.599609375,
        "var": 3037879.75
    },
    "spectral_skewness": {
        "dmean": 0.163620665669,
        "dmean2": 0.260524302721,
        "dvar": 0.0323879234493,
        "dvar2": 0.0802067220211,
        "max": 3.76255893707,
        "mean": 1.57476902008,
        "median": 1.47167921066,
        "min": -0.111684001982,
        "var": 0.168148592114
    },
    "spectral_spread": {
        "dmean": 510882.0625,
        "dmean2": 748479.5625,
        "dvar": 745865674752,
        "dvar2": 1.52476188672e+12,
        "max": 42744644,
        "mean": 5459053.5,
        "median": 5442214.5,
        "min": 1634055.5,
        "var": 3.15667172557e+12
    },
    "spectral_strongpeak": {
        "dmean": 0.457064270973,
        "dmean2": 0.778144836426,
        "dvar": 0.610793113708,
        "dvar2": 1.50615024567,
        "max": 9.01905727386,
        "mean": 0.988328397274,
        "median": 0.567427814007,
        "min": 0,
        "var": 1.06704592705
    },
    "zerocrossingrate": {
        "dmean": 0.0108648184687,
        "dmean2": 0.0128533504903,
        "dvar": 0.000150312378537,
        "dvar2": 0.000175553854206,
        "max": 0.80517578125,
        "mean": 0.0685942396522,
        "median": 0.05712890625,
        "min": 0.0078125,
        "var": 0.00231677666306
    },
    "barkbands": {
        "dmean": [0.000568339135498, 0.00392074603587, 0.00205479585566, 0.00115407293197, 0.00140946509782, 0.00140153046232, 0.00108703086153, 0.000432784727309, 0.000669017026667, 0.000791054510046, 0.000740341783967, 0.000352123461198, 0.000402566161938, 0.000304102373775, 0.000249771255767, 0.00022684239957, 0.000243286849582, 0.000210319674807, 0.000172992120497, 0.000244639290031, 0.000194803942577, 0.00014357593318, 0.000146220481838, 0.000118666852359, 0.000119639706099, 7.2972070484e-05, 1.89440179383e-05],
        "dmean2": [0.000843233952764, 0.00581169268116, 0.00362674705684, 0.00207292078994, 0.00231908145361, 0.00214341282845, 0.00158652686514, 0.000665671599563, 0.000994096277282, 0.0012204805389, 0.0011832882883, 0.000563537993003, 0.000625973916613, 0.000509175239131, 0.000410224980442, 0.000378019612981, 0.00039669679245, 0.000349725742126, 0.000279822270386, 0.000396378803998, 0.000329331000103, 0.000236446227063, 0.000244107359322, 0.000193444459001, 0.00018754528719, 0.000112028159492, 3.04136246996e-05],
        "dvar": [1.18967079743e-06, 5.07951008331e-05, 5.59055661142e-05, 1.80863880814e-05, 1.05695880848e-05, 9.71691224549e-06, 7.01356384525e-06, 1.51223389366e-06, 1.37364941111e-06, 3.8936400415e-06, 2.82859127765e-06, 4.18941425551e-07, 4.24563125989e-07, 3.3037096614e-07, 2.39462451646e-07, 1.81711570235e-07, 1.95526425273e-07, 1.59517114184e-07, 1.09452173547e-07, 2.25054918701e-07, 1.33522746637e-07, 7.90636960346e-08, 1.04115002841e-07, 5.8728808483e-08, 5.47713732146e-08, 2.17697451177e-08, 2.33276620243e-09],
        "dvar2": [2.94968799608e-06, 9.93553912849e-05, 0.000157499234774, 5.27154297743e-05, 2.77125836874e-05, 2.08449873753e-05, 1.37979313877e-05, 4.07893321608e-06, 2.78581501334e-06, 9.0984021881e-06, 6.89967282597e-06, 9.71860345089e-07, 9.64376681623e-07, 8.55614757711e-07, 6.25737357041e-07, 4.74088864166e-07, 4.9602249419e-07, 4.42097473297e-07, 2.64252889792e-07, 5.54734526759e-07, 3.6507529444e-07, 2.03160979595e-07, 2.86605882138e-07, 1.48207149664e-07, 1.28176552039e-07, 5.24691969872e-08, 5.78872949575e-09],
        "max": [0.0186609905213, 0.0880956053734, 0.0799470320344, 0.0521428845823, 0.0540968105197, 0.0560549348593, 0.056072384119, 0.0549919493496, 0.0378686189651, 0.0449045337737, 0.0381835214794, 0.0216700658202, 0.012089336291, 0.0113388039172, 0.0178519561887, 0.0111252246425, 0.00845945812762, 0.0103097846732, 0.00728041632101, 0.00942692253739, 0.00549960276112, 0.0051335231401, 0.00568067282438, 0.00362001708709, 0.00289508304559, 0.00233481940813, 0.000639282574411],
        "mean": [0.00116680981591, 0.0116790067405, 0.00225026463158, 0.0010909041157, 0.00224305829033, 0.00352366850711, 0.00303659006022, 0.000906296132598, 0.00137142743915, 0.00125810457394, 0.00123154127505, 0.000615790951997, 0.000679265940562, 0.000430112995673, 0.000403610261856, 0.000351311668055, 0.000408084830269, 0.000340015161783, 0.000302584085148, 0.000419636024162, 0.000350555405021, 0.000257753679762, 0.000252934580203, 0.000227708049351, 0.000229178695008, 0.000145320416777, 2.08922137972e-05],
        "median": [0.000346495071426, 0.00930951256305, 0.000172398955328, 0.000189182028407, 0.000741336087231, 0.000751191982999, 0.000593434902839, 0.000392496760469, 0.00069385196548, 0.000464949611342, 0.000489371770527, 0.000311902986141, 0.000338807149092, 0.000212383063626, 0.00017845488037, 0.000162761120009, 0.000189678918105, 0.000151630607434, 0.000130200773128, 0.000204997122637, 0.00015318779333, 9.8648997664e-05, 0.000101855002868, 8.26344476081e-05, 6.82777754264e-05, 4.38642346126e-05, 1.63799347774e-06],
        "min": [1.25860134466e-24, 2.29532392402e-24, 1.29319072598e-24, 5.2858449314e-24, 2.14297441228e-23, 2.11384808994e-23, 9.85226291673e-24, 1.82023421879e-23, 1.48052815158e-23, 7.24861329955e-24, 8.32822387975e-24, 3.31552968874e-23, 5.0762388302e-23, 5.4101652291e-23, 4.03954464983e-23, 8.4203757708e-23, 1.34109105434e-22, 1.24682141886e-22, 2.68455172063e-22, 2.26327172447e-22, 3.1477930585e-22, 3.83757606325e-22, 3.36257729001e-22, 6.80975681978e-22, 9.44480215435e-22, 1.40326546107e-21, 2.1910326138e-21],
        "var": [3.32789682034e-06, 0.000222832037252, 3.84149461752e-05, 1.12821353468e-05, 1.62498781719e-05, 5.32477824891e-05, 4.20880533056e-05, 4.01866918764e-06, 4.20948117608e-06, 6.56200973026e-06, 5.73558327233e-06, 1.08552785605e-06, 9.1311687811e-07, 4.35931013953e-07, 4.52725259947e-07, 2.78252088037e-07, 3.97389101181e-07, 2.56734352888e-07, 2.15263156633e-07, 3.9825715703e-07, 2.40929125539e-07, 1.40009220218e-07, 1.51029965423e-07, 1.21359661875e-07, 1.34629232207e-07, 4.69703671513e-08, 2.6757980276e-09]
    },
    "erbbands": {
        "dmean": [0.184758916497, 0.755411684513, 2.08827590942, 3.36009263992, 3.89657235146, 5.19956731796, 7.49257659912, 13.5905189514, 15.3171300888, 11.6741733551, 8.4298210144, 17.4602451324, 19.0948257446, 31.784538269, 16.6205844879, 12.3020505905, 18.1031990051, 12.2754459381, 13.412065506, 11.6427364349, 11.5363044739, 14.5658454895, 13.055109024, 7.81430149078, 10.7629776001, 10.1553983688, 8.44393539429, 6.97445440292, 5.58578824997, 4.25623178482, 4.50154972076, 2.76281070709, 2.03344893456, 1.44530618191, 0.846841931343, 0.35952219367, 0.131848916411, 0.0346067473292, 0.00280092237517, 4.86046046717e-05],
        "dmean2": [0.24595233798, 1.06674313545, 3.45199322701, 6.10717105865, 6.73966026306, 8.3667755127, 11.3461961746, 20.7230873108, 22.703037262, 16.9645500183, 13.1163845062, 25.8869094849, 28.8373374939, 51.045085907, 26.1289768219, 19.8031253815, 28.0615901947, 20.4573612213, 21.9380912781, 18.9639453888, 19.1775131226, 23.6453132629, 21.7546958923, 12.9509124756, 16.978187561, 16.6810054779, 14.1521835327, 11.7376718521, 9.23614883423, 7.10300636292, 7.6045422554, 4.52237939835, 3.3202354908, 2.29750442505, 1.35032629967, 0.564973831177, 0.206273794174, 0.0531097501516, 0.00448938691989, 7.49723112676e-05],
        "dvar": [0.0920417681336, 2.58810901642, 46.9878616333, 166.721115112, 132.726547241, 142.881591797, 342.635803223, 1038.61828613, 1638.95056152, 787.880981445, 480.605529785, 1054.23730469, 2280.24047852, 4548.36132812, 1397.53259277, 418.264373779, 798.654296875, 457.111541748, 481.247711182, 407.868408203, 429.05065918, 790.718383789, 651.526062012, 208.104385376, 485.538208008, 348.183227539, 245.632324219, 189.174407959, 136.008850098, 70.3923187256, 109.35282135, 29.6666412354, 19.0703659058, 8.22151184082, 3.08758234978, 0.50140184164, 0.0750251486897, 0.00583151448518, 4.88168843731e-05, 1.11685309889e-08],
        "dvar2": [0.163026914001, 4.9649848938, 125.055610657, 481.888549805, 379.391387939, 347.101257324, 720.166015625, 2218.84985352, 3310.88549805, 1603.44189453, 1340.77783203, 2096.10791016, 5230.76025391, 11417.9111328, 3214.0078125, 1024.56970215, 1831.81616211, 1246.11645508, 1196.27160645, 1060.24499512, 1102.7746582, 1975.47888184, 1813.4720459, 529.48223877, 1133.65344238, 891.51940918, 662.280029297, 507.393035889, 347.439361572, 186.494018555, 306.308349609, 76.3775939941, 48.3930931091, 19.2768535614, 7.77263784409, 1.2271270752, 0.185092046857, 0.0140113392845, 0.000121672535897, 2.74237947906e-08],
        "max": [4.0099196434, 20.5101890564, 73.9532318115, 136.97718811, 128.115631104, 248.502380371, 430.16696167, 696.212341309, 1037.64599609, 775.976989746, 1133.41918945, 1110.56848145, 1198.68212891, 1482.75134277, 1494.65197754, 438.418334961, 535.93927002, 254.758178711, 495.270812988, 541.118469238, 580.169006348, 570.728759766, 654.719909668, 278.444396973, 621.363525391, 324.87600708, 223.650650024, 264.549194336, 219.888565063, 122.099403381, 214.217758179, 69.0588226318, 76.486000061, 50.2082557678, 32.2099151611, 10.3035869598, 4.33043003082, 1.03255712986, 0.0896584317088, 0.0013181862887],
        "mean": [0.522938787937, 1.87002825737, 2.74318957329, 3.15251851082, 4.9748339653, 8.52204799652, 17.5685272217, 33.4732933044, 42.4854431152, 30.5949077606, 19.1348342896, 34.9834518433, 34.2884101868, 54.4829711914, 30.3088417053, 22.9457302094, 32.261264801, 20.5437374115, 23.3018074036, 20.3445281982, 19.8825187683, 25.0972862244, 21.2140769958, 14.3614034653, 18.6740112305, 17.5365753174, 15.2129011154, 12.6760311127, 9.44483852386, 8.23475456238, 7.26344013214, 5.03617763519, 3.81707429886, 2.68708634377, 1.54712665081, 0.688606500626, 0.252341866493, 0.0545619577169, 0.00332406209782, 0.000103421210952],
        "median": [0.39361461997, 1.06418633461, 0.58572947979, 0.568390905857, 1.64018762112, 2.45603823662, 3.63786387444, 7.93355703354, 9.45498466492, 12.1022920609, 10.756816864, 16.5618362427, 17.0112686157, 23.6943454742, 15.3973655701, 13.0890407562, 17.9860172272, 12.367770195, 12.7987546921, 10.941116333, 10.2614583969, 12.0949811935, 9.6965637207, 6.94870615005, 8.34297275543, 8.47491836548, 6.81989097595, 5.64999389648, 3.63461041451, 3.06170272827, 2.9534881115, 1.93212926388, 1.21076202393, 0.696847856045, 0.517060279846, 0.232602372766, 0.0696322023869, 0.0109989177436, 0.000440472591436, 6.31879156572e-05],
        "min": [9.85280707298e-23, 6.92032962271e-22, 2.18674625918e-21, 1.8590074858e-20, 2.24549324829e-20, 9.35010584736e-20, 7.83328860225e-20, 2.26578133915e-19, 1.75504707098e-19, 2.55596043394e-19, 3.11760857354e-19, 3.41254447383e-19, 5.32494727596e-19, 8.80707159799e-19, 1.37310368682e-18, 2.05060989664e-18, 2.45166200598e-18, 2.68984638862e-18, 3.32763572812e-18, 3.31645555496e-18, 5.00523473138e-18, 7.68037695064e-18, 8.48364459886e-18, 9.96349222142e-18, 1.2177565208e-17, 9.0875302866e-18, 8.23375416299e-18, 1.33318088989e-17, 1.27258883468e-17, 1.31839156228e-17, 1.0244405239e-17, 1.20161591094e-17, 1.24146500608e-17, 1.08780950714e-17, 6.09779349601e-18, 4.57215977219e-18, 2.69955997055e-18, 9.97136553328e-19, 2.86773695602e-19, 3.09356146378e-20],
        "var": [0.470919132233, 7.64302682877, 40.0001602173, 101.372932434, 104.52028656, 281.642242432, 1743.83056641, 5385.58691406, 9595.97753906, 3477.67114258, 1032.79077148, 3193.83276367, 3806.48852539, 9172.13378906, 2682.73925781, 959.375671387, 1765.85681152, 606.812561035, 923.35546875, 772.306884766, 727.653015137, 1607.96520996, 1038.39343262, 401.605895996, 912.197875977, 615.72845459, 463.505493164, 317.319519043, 207.76902771, 143.844955444, 133.595291138, 56.2962913513, 37.5260810852, 20.4398326874, 6.0589017868, 1.03306138515, 0.15006712079, 0.00960602611303, 5.90023955738e-05, 1.80343153744e-08]
    },
    "gfcc": {
        "mean": [15.4689741135, 57.5615844727, -117.721794128, 13.5875883102, -64.9502716064, 15.6264686584, -34.8195724487, 16.0198860168, -22.4565124512, 10.1229438782, -14.0732545853, 8.91663742065, -8.25584411621],
        "cov": [[10259.3046875, -230.175460815, 1296.10327148, 1258.4576416, 514.752868652, 426.340759277, 34.5823249817, -4.97520399094, -194.990158081, 366.182525635, -30.5433654785, 219.350830078, -92.1105651855], [-230.175460815, 2258.34692383, 736.597717285, 409.425689697, 306.27166748, 4.20420074463, 77.6911315918, -37.5228462219, 162.315505981, -40.9834022522, 163.258285522, -63.0038528442, 132.832672119], [1296.10327148, 736.597717285, 1403.83117676, 742.262878418, 578.765625, 317.144805908, 167.022003174, 56.4328842163, 52.910900116, 126.036506653, 59.5929260254, 109.314094543, 44.3794746399], [1258.4576416, 409.425689697, 742.262878418, 751.214477539, 459.308654785, 291.73727417, 205.03755188, 65.4136962891, 58.2009353638, 103.663612366, 75.4851913452, 91.3576431274, 30.9411296844], [514.752868652, 306.27166748, 578.765625, 459.308654785, 545.750671387, 321.473632812, 225.998016357, 106.45677948, 91.6929550171, 79.3782272339, 49.3691520691, 62.9658546448, 14.4694395065], [426.340759277, 4.20420074463, 317.144805908, 291.73727417, 321.473632812, 368.728363037, 202.809417725, 137.191665649, 85.4296798706, 96.1963424683, 34.6395683289, 57.889465332, 7.7791428566], [34.5823249817, 77.6911315918, 167.022003174, 205.03755188, 225.998016357, 202.809417725, 272.24887085, 134.71875, 111.972496033, 78.2194519043, 61.9101448059, 56.1910247803, 22.0127696991], [-4.97520399094, -37.5228462219, 56.4328842163, 65.4136962891, 106.45677948, 137.191665649, 134.71875, 189.491516113, 97.7613983154, 69.6740875244, 40.0121383667, 45.9093818665, 21.0022773743], [-194.990158081, 162.315505981, 52.910900116, 58.2009353638, 91.6929550171, 85.4296798706, 111.972496033, 97.7613983154, 180.372619629, 85.2842788696, 67.8823394775, 26.6004905701, 25.1519889832], [366.182525635, -40.9834022522, 126.036506653, 103.663612366, 79.3782272339, 96.1963424683, 78.2194519043, 69.6740875244, 85.2842788696, 170.234680176, 75.2476806641, 62.0973167419, 24.5165348053], [-30.5433654785, 163.258285522, 59.5929260254, 75.4851913452, 49.3691520691, 34.6395683289, 61.9101448059, 40.0121383667, 67.8823394775, 75.2476806641, 128.844467163, 48.4062538147, 43.1576919556], [219.350830078, -63.0038528442, 109.314094543, 91.3576431274, 62.9658546448, 57.889465332, 56.1910247803, 45.9093818665, 26.6004905701, 62.0973167419, 48.4062538147, 130.298461914, 43.7802581787], [-92.1105651855, 132.832672119, 44.3794746399, 30.9411296844, 14.4694395065, 7.7791428566, 22.0127696991, 21.0022773743, 25.1519889832, 24.5165348053, 43.1576919556, 43.7802581787, 93.9083175659]],
        "icov": [[0.000161995718372, -1.19397673188e-05, 9.85232873063e-06, -0.000333567819325, 9.10287344595e-05, -3.73357688659e-05, 0.000175740467967, -6.23063169769e-05, 0.000308124552248, -0.00047743297182, 0.000243791320827, -0.000140091447975, 0.000238226013607], [-1.19397673188e-05, 0.00100002915133, -0.000570829957724, -0.000140127565828, -0.000190983788343, 0.000500615802594, 9.53247581492e-06, 0.00038572421181, -0.00119058543351, 0.00128628069069, -0.00132280541584, 0.0013522162335, -0.00125026248861], [9.85232873063e-06, -0.000570829957724, 0.00213994202204, -0.00116421584971, -0.00117154465988, -8.18274347694e-05, 0.000817476946395, -0.000155534973601, 0.000773899431806, -0.00134165736381, 0.00121174310334, -0.00103209062945, 0.00028710620245], [-0.000333567819325, -0.000140127565828, -0.00116421584971, 0.0046497611329, -0.00151142058894, -0.000620862818323, -0.00139207299799, 0.00101559469476, 0.00026871933369, 0.000568610674236, -0.00126791908406, -0.000323795742588, -0.000214073428651], [9.10287344595e-05, -0.000190983788343, -0.00117154465988, -0.00151142058894, 0.00678926939145, -0.00315546779893, -0.00165197381284, 0.000370815600036, -0.000642164377496, 0.000955698371399, 0.000177070964128, -0.0001774540724, 0.000854513898958], [-3.73357688659e-05, 0.000500615802594, -8.18274347694e-05, -0.000620862818323, -0.00315546779893, 0.00809737294912, -0.00189381209202, -0.00233519077301, 0.00015660392819, -0.00136011384893, 0.000927716377191, 0.000701006851159, -0.000159920629812], [0.000175740467967, 9.53247581492e-06, 0.000817476946395, -0.00139207299799, -0.00165197381284, -0.00189381209202, 0.00951870344579, -0.00297458190471, -0.00179534056224, 0.000151807354996, -0.000977383926511, -0.00088912533829, 0.000381565274438], [-6.23063169769e-05, 0.00038572421181, -0.000155534973601, 0.00101559469476, 0.000370815600036, -0.00233519077301, -0.00297458190471, 0.0107783097774, -0.00354366539977, 5.03525880049e-05, 9.75027578534e-05, -0.000902941101231, -0.00113268080167], [0.000308124552248, -0.00119058543351, 0.000773899431806, 0.00026871933369, -0.000642164377496, 0.00015660392819, -0.00179534056224, -0.00354366539977, 0.0125573193654, -0.00544568756595, -0.000654688570648, 0.000244680093601, 0.00107658118941], [-0.00047743297182, 0.00128628069069, -0.00134165736381, 0.000568610674236, 0.000955698371399, -0.00136011384893, 0.000151807354996, 5.03525880049e-05, -0.00544568756595, 0.013978230767, -0.00627221679315, -0.000704905425664, -0.000902026891708], [0.000243791320827, -0.00132280541584, 0.00121174310334, -0.00126791908406, 0.000177070964128, 0.000927716377191, -0.000977383926511, 9.75027578534e-05, -0.000654688570648, -0.00627221679315, 0.0156696476042, -0.00340047921054, -0.00174470397178], [-0.000140091447975, 0.0013522162335, -0.00103209062945, -0.000323795742588, -0.0001774540724, 0.000701006851159, -0.00088912533829, -0.000902941101231, 0.000244680093601, -0.000704905425664, -0.00340047921054, 0.0136111881584, -0.00574035011232], [0.000238226013607, -0.00125026248861, 0.00028710620245, -0.000214073428651, 0.000854513898958, -0.000159920629812, 0.000381565274438, -0.00113268080167, 0.00107658118941, -0.000902026891708, -0.00174470397178, -0.00574035011232, 0.0160562768579]]
    },
    "melbands": {
        "dmean": [0.00126974680461, 0.000927629880607, 0.000582819629926, 0.00032361180638, 0.000250059034443, 0.000294278288493, 0.000227215117775, 0.000122374476632, 6.78723590681e-05, 0.000116419585538, 0.000102046898974, 0.000133181791171, 6.82616737322e-05, 3.64548068319e-05, 3.62071950804e-05, 4.96683496749e-05, 2.27401360462e-05, 2.43924077949e-05, 2.38887623709e-05, 1.67553007486e-05, 1.37091064971e-05, 1.75287132151e-05, 1.23666814034e-05, 8.65503716341e-06, 6.71887119097e-06, 7.69037524151e-06, 9.13361600396e-06, 7.39421329854e-06, 5.69417670704e-06, 5.21708125234e-06, 3.82804910259e-06, 3.56375585397e-06, 2.70982491202e-06, 2.37180074691e-06, 2.83288659375e-06, 2.34454364545e-06, 1.53052644691e-06, 1.53315363605e-06, 1.35302286708e-06, 1.27838404751e-06],
        "dmean2": [0.0018203338841, 0.00137840060052, 0.00103499752004, 0.000539062952157, 0.000380743091227, 0.00044769863598, 0.00033537831041, 0.000179425900569, 0.000105697647086, 0.000172360931174, 0.000154338631546, 0.000213444101973, 0.00010817690054, 5.83727232879e-05, 5.8496465499e-05, 7.60415423429e-05, 3.89409033232e-05, 3.99527816626e-05, 3.90818677261e-05, 2.78805000562e-05, 2.30473597185e-05, 2.84103371087e-05, 2.08034671232e-05, 1.43273045978e-05, 1.12939133032e-05, 1.23363488456e-05, 1.48430572153e-05, 1.23876980069e-05, 9.51853053266e-06, 8.84970631887e-06, 6.41667566015e-06, 5.92068681726e-06, 4.54883456769e-06, 3.96932182412e-06, 4.85306236442e-06, 3.94291373595e-06, 2.52238532994e-06, 2.52506015386e-06, 2.22745848077e-06, 2.04977504836e-06],
        "dvar": [4.59462626168e-06, 6.29061059954e-06, 4.39642735728e-06, 6.50343167763e-07, 3.03852601746e-07, 4.32612978329e-07, 3.21758477639e-07, 8.56742374822e-08, 2.46642084534e-08, 4.82466084861e-08, 6.84092000824e-08, 7.46374126948e-08, 2.15449897922e-08, 6.64240884518e-09, 4.22263068955e-09, 7.47483763774e-09, 1.96607641278e-09, 1.95557814386e-09, 2.51610865476e-09, 1.22959786797e-09, 6.53199827561e-10, 1.20926069158e-09, 5.83189385672e-10, 2.31529073691e-10, 1.58786081506e-10, 2.69190586488e-10, 4.18362261501e-10, 1.93227864265e-10, 1.1220703533e-10, 8.94879587099e-11, 7.62921947839e-11, 5.5383340275e-11, 3.02873524871e-11, 2.35048595171e-11, 4.61791993533e-11, 2.2813809869e-11, 8.72343690339e-12, 1.01500778268e-11, 8.78229433621e-12, 6.72074592159e-12],
        "dvar2": [8.49867774377e-06, 1.48444760271e-05, 1.25518436107e-05, 1.78057564426e-06, 6.5701397034e-07, 9.33290834837e-07, 6.57987811792e-07, 1.87067399793e-07, 6.70471251851e-08, 9.5498421615e-08, 1.5682671517e-07, 1.86687998394e-07, 5.05927353345e-08, 1.52207704218e-08, 1.01245616335e-08, 1.66518088207e-08, 5.42263034475e-09, 4.75638639585e-09, 6.51287379583e-09, 3.31594196545e-09, 1.69841252173e-09, 2.98975910695e-09, 1.60639579416e-09, 6.27095320116e-10, 4.15311618429e-10, 6.36343588933e-10, 1.01092312299e-09, 5.1350179664e-10, 2.97184526987e-10, 2.48798343039e-10, 2.07797834495e-10, 1.42110517798e-10, 8.08940067709e-11, 6.36000072052e-11, 1.30646257701e-10, 6.13828710083e-11, 2.22585751913e-11, 2.5578060503e-11, 2.2393064833e-11, 1.5989981908e-11],
        "max": [0.0285323597491, 0.0293885599822, 0.0223492607474, 0.0147159583867, 0.011351570487, 0.0135006047785, 0.0131322136149, 0.00693268468603, 0.00760768866166, 0.00728553207591, 0.00639305915684, 0.00565721979365, 0.00514568760991, 0.00287456135266, 0.00116751517635, 0.00163015979342, 0.000559544889256, 0.00112666958012, 0.00183896219824, 0.00107369723264, 0.000711151049472, 0.000719489471521, 0.00055401987629, 0.000375360395992, 0.000261357607087, 0.000332586292643, 0.000515529653057, 0.000223753406317, 0.000138730189065, 0.000131742388476, 0.000217696608161, 0.000147263708641, 0.000133278415888, 8.4978491941e-05, 0.000169313629158, 5.95510864514e-05, 4.96225402458e-05, 5.60800908715e-05, 5.43904352526e-05, 5.24629322172e-05],
        "mean": [0.00382832391188, 0.00175766390748, 0.000607326626778, 0.000482008006657, 0.000568503222894, 0.000746171688661, 0.000632337643765, 0.000306259375066, 0.000145133017213, 0.000226020260016, 0.000172517931787, 0.000225727198995, 0.000118491749163, 6.62748425384e-05, 5.97263860982e-05, 7.98796027084e-05, 3.27499728883e-05, 3.78788245143e-05, 3.70625966752e-05, 2.42898422584e-05, 2.15315230889e-05, 2.83550562017e-05, 1.95841366804e-05, 1.44090417962e-05, 1.10051023512e-05, 1.28300571305e-05, 1.39616704473e-05, 1.16388910101e-05, 9.7325664683e-06, 8.89487728273e-06, 6.55823441775e-06, 5.55102224098e-06, 4.56795260106e-06, 4.43082581114e-06, 4.23117353421e-06, 3.73633679374e-06, 2.80861968349e-06, 2.75437946584e-06, 2.36734877035e-06, 2.24933341997e-06],
        "median": [0.00307847512886, 0.000797516026068, 0.00014234893024, 0.000145937461639, 0.00013570394367, 0.000167924488778, 0.00014081315021, 0.000117640549433, 7.32383705326e-05, 9.89990949165e-05, 7.49245518818e-05, 9.70597830019e-05, 5.57462080906e-05, 3.29768226948e-05, 2.85777787212e-05, 3.41731210938e-05, 1.76304274646e-05, 1.94458025362e-05, 1.51219910549e-05, 1.07237701741e-05, 9.97226834443e-06, 1.25768692669e-05, 8.91871241038e-06, 6.54907125863e-06, 4.95741142004e-06, 5.00890973854e-06, 6.19667162027e-06, 5.06634250996e-06, 4.09694075643e-06, 3.66286599274e-06, 2.78818265542e-06, 2.06549680115e-06, 1.59932289989e-06, 1.58236639436e-06, 1.6678530983e-06, 1.42599844821e-06, 1.03461275103e-06, 9.00373777313e-07, 6.01392457611e-07, 5.57525936529e-07],
        "min": [8.28686054983e-25, 8.35846052382e-25, 3.29739539369e-24, 4.79106269417e-24, 3.34433084261e-24, 4.94565931564e-24, 2.19773591359e-24, 3.78605863409e-24, 2.15450771649e-24, 1.62951161355e-24, 2.26082190904e-24, 4.06349588686e-24, 2.92883701497e-24, 4.87549053255e-24, 5.93079709712e-24, 4.7157521157e-24, 5.09149879221e-24, 3.97137349921e-24, 2.92254427153e-24, 4.93203489895e-24, 5.29949893038e-24, 6.04585561559e-24, 8.16383867774e-24, 6.95567926873e-24, 6.85256568209e-24, 1.08752072515e-23, 8.90497192047e-24, 5.57310034699e-24, 4.0461559353e-24, 7.56505854079e-24, 8.09729273836e-24, 6.93918103176e-24, 7.63126369227e-24, 6.54321151152e-24, 5.13402273373e-24, 7.12061667338e-24, 7.1103354492e-24, 7.39733172399e-24, 8.30707767432e-24, 8.12540143013e-24],
        "var": [2.36840678554e-05, 8.93317610462e-06, 2.84555085273e-06, 8.07665060165e-07, 1.41340854043e-06, 2.29175134336e-06, 1.86720433248e-06, 3.45335450902e-07, 5.499521194e-08, 1.44830067939e-07, 1.13647814715e-07, 1.47598342437e-07, 4.28912052541e-08, 1.77758909814e-08, 8.23064549849e-09, 1.57961999037e-08, 2.11902451142e-09, 3.2454343657e-09, 4.65081617662e-09, 1.59516633236e-09, 1.02381358946e-09, 2.39340036678e-09, 8.69308292017e-10, 4.19055762313e-10, 2.71658140427e-10, 4.94109697602e-10, 6.15726969411e-10, 3.08543440797e-10, 2.02105346347e-10, 1.6746098952e-10, 1.02569952531e-10, 7.8461438735e-11, 4.8165152422e-11, 4.57029240841e-11, 5.07812264461e-11, 3.20938067788e-11, 1.86437826982e-11, 1.96635503019e-11, 1.64087337468e-11, 1.54725936924e-11]
    },
    "mfcc": {
        "mean": [-629.856506348, 99.9914398193, -2.62884950638, 4.95969057083, -6.82502222061, -0.613539218903, -0.689413368702, 3.20119071007, 0.724108994007, 2.80157637596, -2.32454919815, 3.47269296646, 0.772510349751],
        "cov": [[7048.31689453, -551.042724609, 830.220153809, 883.403503418, 571.539123535, 606.534240723, 360.452850342, -22.2672576904, 74.6426391602, -40.3658485413, 89.3769378662, 112.691040039, 238.431976318], [-551.042724609, 1735.9140625, 500.006072998, 366.030700684, 247.088394165, 80.5735626221, 20.7215232849, 32.5515403748, -4.49422883987, 82.5089797974, -7.62514591217, 27.6767215729, -52.0954246521], [830.220153809, 500.006072998, 847.179748535, 515.195007324, 417.05657959, 321.429321289, 194.92010498, 86.4609680176, 79.6270904541, 39.4903640747, 45.4669342041, 52.4482727051, 75.6034011841], [883.403503418, 366.030700684, 515.195007324, 595.329589844, 342.915313721, 307.102722168, 201.804672241, 117.293731689, 71.6056442261, 46.0907020569, 58.1454963684, 55.4969673157, 87.0944976807], [571.539123535, 247.088394165, 417.05657959, 342.915313721, 439.556793213, 298.831420898, 212.246200562, 132.350601196, 110.268859863, 61.4700775146, 75.907371521, 61.9154243469, 55.9016723633], [606.534240723, 80.5735626221, 321.429321289, 307.102722168, 298.831420898, 381.68649292, 224.309265137, 144.117294312, 119.871086121, 76.293182373, 96.55519104, 67.338218689, 88.1845703125], [360.452850342, 20.7215232849, 194.92010498, 201.804672241, 212.246200562, 224.309265137, 259.234039307, 144.296707153, 107.246528625, 70.2372131348, 71.6317214966, 59.7144699097, 66.4947433472], [-22.2672576904, 32.5515403748, 86.4609680176, 117.293731689, 132.350601196, 144.117294312, 144.296707153, 210.906478882, 117.324920654, 65.0606155396, 65.9360351562, 50.0371398926, 47.0295562744], [74.6426391602, -4.49422883987, 79.6270904541, 71.6056442261, 110.268859863, 119.871086121, 107.246528625, 117.324920654, 159.944915771, 81.9498901367, 75.1226425171, 53.2398033142, 53.8248748779], [-40.3658485413, 82.5089797974, 39.4903640747, 46.0907020569, 61.4700775146, 76.293182373, 70.2372131348, 65.0606155396, 81.9498901367, 132.965332031, 75.2624740601, 55.4340896606, 28.2968711853], [89.3769378662, -7.62514591217, 45.4669342041, 58.1454963684, 75.907371521, 96.55519104, 71.6317214966, 65.9360351562, 75.1226425171, 75.2624740601, 141.462677002, 71.2577133179, 56.9617729187], [112.691040039, 27.6767215729, 52.4482727051, 55.4969673157, 61.9154243469, 67.338218689, 59.7144699097, 50.0371398926, 53.2398033142, 55.4340896606, 71.2577133179, 126.227233887, 72.0116424561], [238.431976318, -52.0954246521, 75.6034011841, 87.0944976807, 55.9016723633, 88.1845703125, 66.4947433472, 47.0295562744, 53.8248748779, 28.2968711853, 56.9617729187, 72.0116424561, 150.031814575]],
