{
"lowlevel": {
    "average_loudness": 0.877984642982,
    "barkbands_crest": {
        "dmean": 2.11174559593,
        "dmean2": 3.18228626251,
        "dvar": 6.25456237793,
        "dvar2": 13.8174543381,
        "max": 26.8894500732,
        "mean": 14.685297966,
        "median": 14.5464248657,
        "min": 3.13256239891,
        "var": 28.0140857697
    },
    "barkbands_flatness_db": {
        "dmean": 0.0247652642429,
        "dmean2": 0.0371515452862,
        "dvar": 0.000882099557202,
        "dvar2": 0.00187016860582,
        "max": 0.602253973484,
        "mean": 0.286878466606,
        "median": 0.28779822588,
        "min": 0.0639914423227,
        "var": 0.00542723108083
    },
    "barkbands_kurtosis": {
        "dmean": 4.13667440414,
        "dmean2": 6.10178661346,
        "dvar": 150.444015503,
        "dvar2": 328.808807373,
        "max": 569.946716309,
        "mean": 8.50559139252,
        "median": 1.516507864,
        "min": -1.88223469257,
        "var": 607.44543457
    },
    "barkbands_skewness": {
        "dmean": 0.554105401039,
        "dmean2": 0.80064368248,
        "dvar": 0.55089455843,
        "dvar2": 1.11736428738,
        "max": 21.9665393829,
        "mean": 1.33182871342,
        "median": 0.928376376629,
        "min": -9.66945266724,
        "var": 4.74053907394
    },
    "barkbands_spread": {
        "dmean": 2.50455665588,
        "dmean2": 3.76018691063,
        "dvar": 11.836476326,
        "dvar2": 25.6245975494,
        "max": 48.9207878113,
        "mean": 10.7800207138,
        "median": 9.15554141998,
        "min": 0.115104041994,
        "var": 51.7456893921
    },
    "dissonance": {
        "dmean": 0.0404695682228,
        "dmean2": 0.0695609822869,
        "dvar": 0.00165688211564,
        "dvar2": 0.00466331001371,
        "max": 0.500000178814,
        "mean": 0.419793516397,
        "median": 0.433899343014,
        "min": 0.131612211466,
        "var": 0.00332909519784
    },
    "dynamic_complexity": 3.40372824669,
    "erbbands_crest": {
        "dmean": 3.06507015228,
        "dmean2": 4.54708194733,
        "dvar": 10.8610563278,
        "dvar2": 22.0983390808,
        "max": 34.8905906677,
        "mean": 17.4954433441,
        "median": 16.6663017273,
        "min": 2.76521372795,
        "var": 60.4945487976
    },
    "erbbands_flatness_db": {
        "dmean": 0.0185731574893,
        "dmean2": 0.0264885462821,
        "dvar": 0.000398795527872,
        "dvar2": 0.000724602141418,
        "max": 0.637649655342,
        "mean": 0.2936886549,
        "median": 0.299792647362,
        "min": 0.0628594532609,
        "var": 0.00927552953362
    },
    "erbbands_kurtosis": {
        "dmean": 1.99953603745,
        "dmean2": 2.90682530403,
        "dvar": 12.1585855484,
        "dvar2": 24.4084014893,
        "max": 103.502677917,
        "mean": 4.00443506241,
        "median": 1.16561245918,
        "min": -1.78834629059,
        "var": 67.4661254883
    },
    "erbbands_skewness": {
        "dmean": 0.429647028446,
        "dmean2": 0.625526547432,
        "dvar": 0.196944624186,
        "dvar2": 0.40176871419,
        "max": 4.4687204361,
        "mean": -0.151522800326,
        "median": -0.0826614871621,
        "min": -7.45337152481,
        "var": 1.31295895576
    },
    "erbbands_spread": {
        "dmean": 3.83769774437,
        "dmean2": 5.60902929306,
        "dvar": 24.2497463226,
        "dvar2": 48.8727073669,
        "max": 101.104476929,
        "mean": 17.0133152008,
        "median": 13.9605293274,
        "min": 0.226965859532,
        "var": 166.536102295
    },
    "hfc": {
        "dmean": 6.15430212021,
        "dmean2": 9.53980064392,
        "dvar": 135.041870117,
        "dvar2": 331.634124756,
        "max": 130.316772461,
        "mean": 18.1719684601,
        "median": 12.9699649811,
        "min": 1.24358703868e-16,
        "var": 297.715240479
    },
    "melbands_crest": {
        "dmean": 2.5361392498,
        "dmean2": 3.93165802956,
        "dvar": 9.80645370483,
        "dvar2": 23.0968284607,
        "max": 36.9249267578,
        "mean": 19.1456890106,
        "median": 18.5838394165,
        "min": 1.00103533268,
        "var": 56.2369880676
    },
    "melbands_flatness_db": {
        "dmean": 0.0267250873148,
        "dmean2": 0.039665363729,
        "dvar": 0.00127703079488,
        "dvar2": 0.00266391807236,
        "max": 0.642100095749,
        "mean": 0.369248270988,
        "median": 0.372038304806,
        "min": -8.62865601192e-09,
        "var": 0.00702586071566
    },
    "melbands_kurtosis": {
        "dmean": 6.44032239914,
        "dmean2": 9.36692619324,
        "dvar": 315.190551758,
        "dvar2": 668.925354004,
        "max": 673.053771973,
        "mean": 14.7612838745,
        "median": 2.84811353683,
        "min": -1.86289596558,
        "var": 1422.9309082
    },
    "melbands_skewness": {
        "dmean": 0.614855527878,
        "dmean2": 0.887575805187,
        "dvar": 0.680765509605,
        "dvar2": 1.36667060852,
        "max": 19.148683548,
        "mean": 2.0341732502,
        "median": 1.50011992455,
        "min": -6.57609891891,
        "var": 6.4382352829
    },
    "melbands_spread": {
        "dmean": 3.61859703064,
        "dmean2": 5.49020242691,
        "dvar": 26.9285449982,
        "dvar2": 58.1334571838,
        "max": 135.774414062,
        "mean": 14.8496236801,
        "median": 12.9774465561,
        "min": 0.252995371819,
        "var": 111.337654114
    },
    "pitch_salience": {
        "dmean": 0.0616257563233,
        "dmean2": 0.097747258842,
        "dvar": 0.00659287488088,
        "dvar2": 0.01649970375,
        "max": 0.998777389526,
        "mean": 0.402561247349,
        "median": 0.401492416859,
        "min": 0.0353038422763,
        "var": 0.0169407501817
    },
    "silence_rate_20dB": {
        "dmean": 0,
        "dmean2": 0,
        "dvar": 0,
        "dvar2": 0,
        "max": 1,
        "mean": 1,
        "median": 1,
        "min": 1,
        "var": 0
    },
    "silence_rate_30dB": {
        "dmean": 0.0555179417133,
        "dmean2": 0.111046627164,
        "dvar": 0.0524315610528,
        "dvar2": 0.122702948749,
        "max": 1,
        "mean": 0.907156646252,
        "median": 1,
        "min": 0,
        "var": 0.0842141062021
    },
    "silence_rate_60dB": {
        "dmean": 0.0106393266469,
        "dmean2": 0.0212807115167,
        "dvar": 0.0105267148465,
        "dvar2": 0.0237302556634,
        "max": 1,
        "mean": 0.0681818202138,
        "median": 0,
        "min": 0,
        "var": 0.0635305643082
    },
    "spectral_centroid": {
        "dmean": 128.198150635,
        "dmean2": 199.270553589,
        "dvar": 41143.2148438,
        "dvar2": 75195.984375,
        "max": 11154.6337891,
        "mean": 851.876525879,
        "median": 810.634521484,
        "min": 139.60647583,
        "var": 148694.21875
    },
    "spectral_complexity": {
        "dmean": 2.49946808815,
        "dmean2": 4.02631092072,
        "dvar": 16.4513664246,
        "dvar2": 32.291179657,
        "max": 54,
        "mean": 11.6663446426,
        "median": 11,
        "min": 0,
        "var": 44.7831840515
    },
    "spectral_decrease": {
        "dmean": 2.92138535585e-09,
        "dmean2": 4.5119823433e-09,
        "dvar": 2.15400379225e-17,
        "dvar2": 5.77038151292e-17,
        "max": 3.52393871845e-30,
        "mean": -1.20276926197e-08,
        "median": -9.45196454438e-09,
        "min": -6.73169253673e-08,
        "var": 9.86507179059e-17
    },
    "spectral_energy": {
        "dmean": 0.0114813186228,
        "dmean2": 0.0177585985512,
        "dvar": 0.000327248766553,
        "dvar2": 0.000880793610122,
        "max": 0.255463153124,
        "mean": 0.0470435246825,
        "median": 0.0375218987465,
        "min": 1.12663921978e-20,
        "var": 0.00145486486144
    },
    "spectral_energyband_high": {
        "dmean": 4.57809910586e-05,
        "dmean2": 6.86019848217e-05,
        "dvar": 2.49782790007e-08,
        "dvar2": 5.40078914923e-08,
        "max": 0.00264964508824,
        "mean": 6.76062190905e-05,
        "median": 8.39701260702e-06,
        "min": 8.0598620962e-21,
        "var": 3.83606320042e-08
    },
    "spectral_energyband_low": {
        "dmean": 0.00721881072968,
        "dmean2": 0.0103786522523,
        "dvar": 0.000213638501009,
        "dvar2": 0.000507070682943,
        "max": 0.252200186253,
        "mean": 0.027439204976,
        "median": 0.0116157559678,
        "min": 1.00495338366e-22,
        "var": 0.00123750185594
    },
    "spectral_energyband_middle_high": {
        "dmean": 0.00363919674419,
        "dmean2": 0.0055121993646,
        "dvar": 5.30360339326e-05,
        "dvar2": 0.000122774305055,
        "max": 0.121486805379,
        "mean": 0.00943564809859,
        "median": 0.00421947240829,
        "min": 1.66412098698e-21,
        "var": 0.000157495684107
    },
    "spectral_energyband_middle_low": {
        "dmean": 0.00481571117416,
        "dmean2": 0.00804430618882,
        "dvar": 0.000136148388265,
        "dvar2": 0.000376952608349,
        "max": 0.172716140747,
        "mean": 0.0117666730657,
        "median": 0.00718217948452,
        "min": 4.25127769358e-22,
        "var": 0.000191264014575
    },
    "spectral_entropy": {
        "dmean": 0.190453931689,
        "dmean2": 0.290178418159,
        "dvar": 0.054666288197,
        "dvar2": 0.117149323225,
        "max": 9.86481285095,
        "mean": 6.50011396408,
        "median": 6.47089767456,
        "min": 3.46407914162,
        "var": 0.482995063066
    },
    "spectral_flux": {
        "dmean": 0.0254176426679,
        "dmean2": 0.0371148884296,
        "dvar": 0.00136001140345,
        "dvar2": 0.00248923967592,
        "max": 0.477975398302,
        "mean": 0.0641051083803,
        "median": 0.0448936484754,
        "min": 1.06143260847e-10,
        "var": 0.00356695638038
    },
    "spectral_kurtosis": {
        "dmean": 12.494977951,
        "dmean2": 21.5797748566,
        "dvar": 273.277099609,
        "dvar2": 757.137023926,
        "max": 235.102737427,
        "mean": 29.1881351471,
        "median": 16.4988136292,
        "min": -1.24517428875,
        "var": 945.06817627
    },
    "spectral_rms": {
        "dmean": 0.000777206732891,
        "dmean2": 0.00118672964163,
        "dvar": 1.11586825824e-06,
        "dvar2": 2.89368267659e-06,
        "max": 0.0157870948315,
        "mean": 0.00610176892951,
        "median": 0.00605034967884,
        "min": 3.31535862132e-12,
        "var": 8.66468144523e-06
    },
    "spectral_rolloff": {
        "dmean": 159.259292603,
        "dmean2": 270.019775391,
        "dvar": 132058.4375,
        "dvar2": 254361.140625,
        "max": 18820.0195312,
        "mean": 834.879394531,
        "median": 904.39453125,
        "min": 64.599609375,
        "var": 347777.75
    },
    "spectral_skewness": {
        "dmean": 0.85281342268,
        "dmean2": 1.47202217579,
        "dvar": 0.916036009789,
        "dvar2": 2.65311789513,
        "max": 12.8902235031,
        "mean": 3.33436965942,
        "median": 2.83597660065,
        "min": -0.0343961790204,
        "var": 3.06097245216
    },
    "spectral_spread": {
        "dmean": 388028.40625,
        "dmean2": 612958,
        "dvar": 392424390656,
        "dvar2": 545989033984,
        "max": 40902232,
        "mean": 2282067.75,
        "median": 1953224.75,
        "min": 318897.3125,
        "var": 2.11706576896e+12
    },
    "spectral_strongpeak": {
        "dmean": 0.56245213747,
        "dmean2": 0.899750947952,
        "dvar": 1.51435709,
        "dvar2": 3.22061657906,
        "max": 13.9655838013,
        "mean": 1.73103451729,
        "median": 0.616667509079,
        "min": 0,
        "var": 5.16553544998
    },
    "zerocrossingrate": {
        "dmean": 0.0040201144293,
        "dmean2": 0.00466124853119,
        "dvar": 5.17094485986e-05,
        "dvar2": 6.76860654494e-05,
        "max": 0.505859375,
        "mean": 0.0303973499686,
        "median": 0.029296875,
        "min": 0.001953125,
        "var": 0.000329002534272
    },
    "barkbands": {
        "dmean": [0.000449060549727, 0.00604158639908, 0.00161258049775, 0.0014301474439, 0.00146087526809, 0.00112771918066, 0.000749471131712, 0.000566449481994, 0.000541396613698, 0.000621048442554, 0.00128072476946, 0.000907984212972, 0.00089479010785, 0.000235057959799, 0.000265894195763, 0.000234246705077, 0.000149705185322, 6.99970769347e-05, 8.08298500488e-05, 2.32149250223e-05, 1.53998898895e-05, 7.01005137671e-06, 4.04885258831e-06, 3.90893092117e-06, 3.82691086998e-06, 2.01917282538e-06, 5.65529525431e-08],
        "dmean2": [0.000638649507891, 0.0086847608909, 0.00282843247987, 0.00259980675764, 0.00255322852172, 0.00177505321335, 0.00117487437092, 0.000847769435495, 0.000862863613293, 0.000915402721148, 0.00182070338633, 0.0013448484242, 0.00137698010076, 0.000407046143664, 0.000443954544608, 0.000372096576029, 0.000249593285844, 0.0001150527969, 0.000130045576952, 3.60265694326e-05, 2.43530575972e-05, 1.13411588245e-05, 6.13638758296e-06, 5.47998160982e-06, 5.29296539753e-06, 2.86954650619e-06, 8.78381456459e-08],
        "dvar": [1.33991363782e-06, 0.00019309092022, 3.77899486921e-05, 2.08374003705e-05, 1.53446217155e-05, 9.65367416939e-06, 4.82288851344e-06, 2.09047266253e-06, 2.11435963138e-06, 4.95524727739e-06, 1.68980877788e-05, 7.07292065272e-06, 9.41929829423e-06, 7.08989716713e-07, 1.06235677322e-06, 5.79656898481e-07, 1.55076861574e-07, 5.26583505689e-08, 9.18515041803e-08, 9.00376573298e-09, 2.92769541943e-09, 4.47945569526e-10, 1.86418436243e-10, 1.92957094747e-10, 2.49342879677e-10, 7.57046716982e-11, 8.27593134539e-14],
        "dvar2": [2.16999546865e-06, 0.000484580057673, 0.000106660983874, 6.21801009402e-05, 4.55418776255e-05, 2.51703095273e-05, 1.08244830699e-05, 3.99692726205e-06, 4.60510727862e-06, 7.81099788583e-06, 3.25234759657e-05, 1.43006318467e-05, 2.04568823392e-05, 1.85676140063e-06, 2.6479481221e-06, 1.35539858093e-06, 3.76997235207e-07, 1.26593860728e-07, 2.08616285136e-07, 1.95571789874e-08, 6.65760691021e-09, 1.06520292587e-09, 3.68947095097e-10, 3.38030853309e-10, 4.58482724008e-10, 1.52689555444e-10, 1.85509919058e-13],
        "max": [0.0265838671476, 0.226079657674, 0.100032448769, 0.0904081612825, 0.0647435188293, 0.0579970553517, 0.0393275991082, 0.0585901737213, 0.0706052184105, 0.0944801494479, 0.119540765882, 0.0654309466481, 0.0779699757695, 0.031431440264, 0.0448561161757, 0.0134119875729, 0.00769159197807, 0.004568756558, 0.00834426656365, 0.00169932970311, 0.000848365423735, 0.000357520999387, 0.000250906887231, 0.000314261676976, 0.000359055906301, 0.000205046497285, 7.73101692175e-06],
        "mean": [0.00184033648111, 0.0222633387893, 0.00223494763486, 0.00186243513599, 0.00232344679534, 0.00232680654153, 0.00128967489582, 0.00138116569724, 0.00128203886561, 0.00186308042612, 0.00335068209097, 0.00188184995204, 0.00165216473397, 0.000313302036375, 0.00038086148561, 0.000321361323586, 0.000212690632907, 8.36373001221e-05, 9.91792694549e-05, 3.02722619381e-05, 1.90750652109e-05, 9.26330085349e-06, 6.19007414571e-06, 6.35504420643e-06, 6.27617373539e-06, 3.05851585836e-06, 7.04677702856e-08],
        "median": [8.16718966234e-05, 0.00623485073447, 0.000340084719937, 0.000529463693965, 0.000962676713243, 0.00064688292332, 0.000419360294472, 0.000319395476254, 0.000415676622652, 0.000223944560275, 0.000258679443505, 0.000254399608821, 0.000109205037006, 3.95380047848e-05, 3.4780750866e-05, 3.60559497494e-05, 3.64666921087e-05, 1.32869172376e-05, 1.11311601358e-05, 4.12379176851e-06, 2.6194959446e-06, 1.21568996292e-06, 6.36725815184e-07, 3.10700329464e-07, 1.32920007445e-07, 1.9194970946e-08, 1.30163702039e-09],
        "min": [8.55524321769e-23, 4.27452990518e-23, 1.43427818334e-23, 3.32730801314e-23, 5.30355856637e-23, 1.48853067214e-23, 1.22959458996e-22, 8.4971306747e-23, 1.04055650647e-22, 6.0026010311e-23, 9.11998684647e-23, 5.38945037282e-23, 1.0850722429e-22, 1.2176081956e-22, 1.21770323757e-22, 1.54412378273e-22, 2.04620345664e-22, 2.49443851439e-22, 3.28216876105e-22, 3.7068806177e-22, 2.63632139597e-22, 5.8265973279e-22, 5.28966754624e-22, 8.33791292182e-22, 1.28252021472e-21, 1.88152125796e-21, 2.72153124795e-21],
        "var": [1.58401908266e-05, 0.000931228918489, 3.51972157659e-05, 1.90036880667e-05, 1.54752651724e-05, 2.31062476814e-05, 8.56638962432e-06, 1.24522803162e-05, 1.2898211935e-05, 4.73899708595e-05, 7.52619162085e-05, 2.70454602287e-05, 2.32884867728e-05, 1.30994806113e-06, 2.66537108473e-06, 8.77057971138e-07, 2.49566596722e-07, 7.38849408322e-08, 1.24008892044e-07, 1.21215624205e-08, 3.72691211226e-09, 6.14182649183e-10, 3.43487766008e-10, 4.30223884296e-10, 5.49710832409e-10, 1.47943907125e-10, 1.56890315626e-13]
    },
    "erbbands": {
        "dmean": [0.239986523986, 1.11307537556, 1.6168718338, 3.74717235565, 4.50829648972, 4.9958524704, 6.94636154175, 9.7129278183, 8.90254211426, 15.7064561844, 11.1385669708, 13.6644744873, 18.7173786163, 19.0586776733, 57.2500305176, 45.3668670654, 45.6840438843, 14.703496933, 13.1498947144, 12.236246109, 9.9001493454, 6.82529878616, 4.58727550507, 5.89196491241, 1.87541878223, 1.13481545448, 0.83353805542, 0.50912541151, 0.270245194435, 0.159702792764, 0.115373283625, 0.0874644964933, 0.0653529241681, 0.0355741679668, 0.0327266529202, 0.0136315831915, 0.00267920875922, 0.000338621815899, 1.17669897008e-05, 1.30380949486e-05],
        "dmean2": [0.326962441206, 1.66638767719, 2.69428133965, 6.75447320938, 8.14984798431, 8.78832626343, 9.88125896454, 16.3338832855, 13.9997367859, 25.4671535492, 16.2601013184, 21.3043670654, 26.9834499359, 29.9355716705, 81.719619751, 65.1518630981, 70.0430603027, 25.195230484, 21.5198726654, 20.2996902466, 15.8395614624, 11.4244232178, 7.60776519775, 9.5815782547, 2.94308137894, 1.77421283722, 1.3460586071, 0.811521530151, 0.431334614754, 0.250267863274, 0.176845729351, 0.127302765846, 0.0926663130522, 0.0508050769567, 0.0456750616431, 0.0201948285103, 0.00371009577066, 0.000468442885904, 1.71351093741e-05, 2.01955699595e-05],
        "dvar": [0.284491211176, 8.19338321686, 31.0915336609, 153.533233643, 180.516662598, 213.908569336, 289.054443359, 1120.30480957, 692.118591309, 2298.82788086, 1106.80700684, 1423.63793945, 6181.21240234, 3139.51416016, 32591.0136719, 17283.5761719, 24438.4414062, 2219.15454102, 2992.79882812, 1277.21264648, 913.804443359, 347.134094238, 169.557098389, 522.849365234, 48.8939285278, 18.3926010132, 12.5683965683, 2.90475797653, 0.658232331276, 0.266575813293, 0.148621797562, 0.0933228805661, 0.0572693124413, 0.019125027582, 0.0181491486728, 0.00385435554199, 0.000118454416224, 1.95598613573e-06, 1.03538999596e-09, 4.10346950863e-10],
        "dvar2": [0.6070099473, 21.2875347137, 81.6111755371, 450.381103516, 545.33581543, 635.335327148, 518.99005127, 3100.61743164, 1777.13525391, 5738.47998047, 1749.97827148, 2988.58081055, 9004.58984375, 6564.30664062, 65027.5351562, 33969.2226562, 53189.5234375, 5864.9765625, 7369.93701172, 2973.05151367, 2106.98657227, 870.440673828, 411.143585205, 1207.41589355, 107.913658142, 35.1875267029, 31.7651538849, 6.65198564529, 1.50975894928, 0.581969082355, 0.294647872448, 0.166885674, 0.104128986597, 0.0348591059446, 0.0351384878159, 0.0084069725126, 0.000215374035179, 3.41002896675e-06, 1.89870541512e-09, 1.11149989213e-09],
        "max": [12.3434352875, 53.0650901794, 78.7973022461, 209.539657593, 269.947845459, 271.310028076, 518.254516602, 697.117553711, 604.748840332, 800.30645752, 1607.6237793, 1897.36218262, 3747.80981445, 2632.29907227, 4311.06494141, 3397.02954102, 4073.70336914, 1491.38623047, 2579.38476562, 1169.20861816, 562.040588379, 247.967514038, 249.753311157, 602.747497559, 268.644042969, 67.4342041016, 63.510509491, 30.0764884949, 13.5500144958, 11.1001462936, 7.30105495453, 7.68057441711, 4.76905727386, 3.21898627281, 3.06234169006, 1.49109768867, 0.254650682211, 0.0355089008808, 0.000869783514645, 0.000275386846624],
        "mean": [1.01355183125, 3.49371147156, 2.82880568504, 5.24530267715, 6.41111898422, 7.14154815674, 15.853553772, 17.4701938629, 17.3596057892, 26.8298454285, 29.1384468079, 35.4250602722, 61.895816803, 43.9302482605, 149.390487671, 105.819717407, 89.3283462524, 21.0491504669, 21.2668819427, 16.8957042694, 14.1612348557, 9.21766090393, 6.18318891525, 6.78794336319, 2.58853292465, 1.52873170376, 0.967877984047, 0.628611505032, 0.365082830191, 0.226472944021, 0.1757068187, 0.135389566422, 0.103950589895, 0.0600014738739, 0.0507511794567, 0.0197173468769, 0.00434912135825, 0.000542302499525, 3.44285617757e-05, 5.319234333e-05],
        "median": [0.194105923176, 1.03898382187, 0.817790865898, 1.4199937582, 2.64690303802, 2.84678316116, 3.33635354042, 5.28076267242, 5.6738948822, 8.5096616745, 8.00387859344, 10.4991960526, 9.76866912842, 9.92161369324, 17.9301719666, 22.2272186279, 9.26478004456, 4.4944152832, 2.58942627907, 2.68427944183, 2.78402137756, 1.9817507267, 1.18444371223, 0.753091335297, 0.398077487946, 0.223274514079, 0.13154707849, 0.0893262922764, 0.0478570908308, 0.0270522292703, 0.0162477344275, 0.0078408587724, 0.00488296430558, 0.00220008846372, 0.000597630627453, 0.000138765812153, 5.15843203175e-05, 9.40881909628e-06, 2.21292502829e-05, 4.37753915321e-05],
        "min": [2.35728743509e-21, 6.12002218167e-21, 1.43550022102e-20, 6.1550767874e-20, 2.56086483949e-19, 6.87696635526e-20, 7.65862036862e-20, 1.98190923804e-19, 1.16770729609e-18, 2.70070375455e-18, 9.97639789333e-19, 2.01056484241e-18, 2.22568494803e-18, 2.6348039295e-18, 4.33486233396e-18, 2.58172333601e-18, 4.16113620735e-18, 5.16194823433e-18, 5.11558269305e-18, 7.39393092196e-18, 9.88640891449e-18, 1.14398458331e-17, 1.52466526076e-17, 1.76164456532e-17, 1.57368100601e-17, 1.68464033686e-17, 1.48318695069e-17, 1.05643189952e-17, 1.88232938951e-17, 1.76664172884e-17, 1.48503536848e-17, 1.49746309544e-17, 1.64403271711e-17, 1.19763154737e-17, 1.02674289842e-17, 7.84196172022e-18, 3.13060461494e-18, 1.76181053911e-18, 3.39179232172e-19, 3.75501288631e-20],
        "var": [2.27682995796, 25.8994102478, 37.5644035339, 148.384170532, 138.490600586, 207.070571899, 1360.07128906, 1595.64697266, 1408.2052002, 3690.45654297, 6943.09619141, 9573.15527344, 64248.7460938, 14453.8603516, 131056.304688, 70057.3671875, 61189.3242188, 3748.8828125, 8550.95019531, 2059.7355957, 1335.8079834, 481.625915527, 259.197814941, 666.950561523, 75.0818328857, 28.3249034882, 12.9130153656, 3.64369368553, 0.970601499081, 0.40020942688, 0.285698026419, 0.192157164216, 0.122177273035, 0.045260488987, 0.0378785394132, 0.00672244979069, 0.000269369309535, 5.04271611135e-06, 3.08416159278e-09, 1.7734800295e-09]
    },
    "gfcc": {
        "mean": [-98.9746932983, 180.625976562, -131.014312744, -2.64283752441, -29.7692432404, 4.49728012085, -14.5401477814, -0.752397298813, -12.8340139389, -8.09920024872, -2.11439919472, 0.150576710701, -2.12252831459],
        "cov": [[10863.9248047, -2667.91113281, 1649.50134277, 2072.45385742, -404.526397705, 1727.39160156, -261.610839844, 1010.0559082, -21.836774826, 857.88458252, 131.681213379, 316.247314453, 104.507423401], [-2667.91113281, 2470.23120117, -535.913024902, -965.365234375, 438.678924561, -947.020202637, 225.514877319, -537.764160156, 213.973693848, -443.501220703, 44.6010894775, -211.41897583, 28.6355266571], [1649.50134277, -535.913024902, 1424.22192383, 677.546020508, -56.5113716125, 619.852050781, 35.0107192993, 363.427276611, 29.9414710999, 285.638397217, 18.2858848572, 170.706085205, 129.4715271], [2072.45385742, -965.365234375, 677.546020508, 1009.80749512, -99.654258728, 511.182556152, -25.3934822083, 305.754455566, 3.16585373878, 277.569702148, 40.6585845947, 94.1319122314, 38.8071784973], [-404.526397705, 438.678924561, -56.5113716125, -99.654258728, 399.08114624, -58.0197257996, 106.006034851, -60.0452766418, 29.7350330353, -41.5589408875, 23.6725635529, -2.58898735046, -21.7160606384], [1727.39160156, -947.020202637, 619.852050781, 511.182556152, -58.0197257996, 770.825683594, 56.1138725281, 340.207702637, -12.3011369705, 235.891723633, 39.9903144836, 155.071044922, 55.4463844299], [-261.610839844, 225.514877319, 35.0107192993, -25.3934822083, 106.006034851, 56.1138725281, 267.186767578, 53.5288772583, 90.2784729004, -21.1645870209, -3.16251826286, 22.6359062195, 60.8291854858], [1010.0559082, -537.764160156, 363.427276611, 305.754455566, -60.0452766418, 340.207702637, 53.5288772583, 344.229278564, 44.9120597839, 149.61239624, -32.9899406433, 72.0446090698, 40.6629333496], [-21.836774826, 213.973693848, 29.9414710999, 3.16585373878, 29.7350330353, -12.3011369705, 90.2784729004, 44.9120597839, 194.810577393, 26.6210708618, 9.28141117096, -22.7485618591, 39.8897094727], [857.88458252, -443.501220703, 285.638397217, 277.569702148, -41.5589408875, 235.891723633, -21.1645870209, 149.61239624, 26.6210708618, 243.07585144, 43.1907920837, 66.6097717285, 8.53746700287], [131.681213379, 44.6010894775, 18.2858848572, 40.6585845947, 23.6725635529, 39.9903144836, -3.16251826286, -32.9899406433, 9.28141117096, 43.1907920837, 197.208267212, 58.9063987732, -31.0004806519], [316.247314453, -211.41897583, 170.706085205, 94.1319122314, -2.58898735046, 155.071044922, 22.6359062195, 72.0446090698, -22.7485618591, 66.6097717285, 58.9063987732, 218.49446106, 66.3765258789], [104.507423401, 28.6355266571, 129.4715271, 38.8071784973, -21.7160606384, 55.4463844299, 60.8291854858, 40.6629333496, 39.8897094727, 8.53746700287, -31.0004806519, 66.3765258789, 193.864227295]],
        "icov": [[0.000222955088248, -0.000303271372104, 0.000197678309632, -0.000375212839572, 0.000187618526979, -0.000508493802045, 0.000431689171819, -0.000380540819606, 0.000205012853257, -0.000370439141989, 8.6028201622e-05, -4.88723671879e-05, -1.68685201061e-05], [-0.000303271372104, 0.00383641547523, -0.00188752321992, 0.00199655513279, -0.00227708788589, 0.00349966646172, -0.00208024377935, 0.00229274434969, -0.0029491414316, 0.00298458104953, -0.00204820442013, 0.00133380806074, -0.000935275515076], [0.000197678309632, -0.00188752321992, 0.00227582477964, -0.00146314490121, 0.000977733638138, -0.00226873229258, 0.00123137584887, -0.0014959576074, 0.001386236283, -0.00186277076136, 0.00106235803105, -0.000808900163975, -0.000125336533529], [-0.000375212839572, 0.00199655513279, -0.00146314490121, 0.00321461609565, -0.00108491966967, 0.00159265322145, -0.00113293086179, 0.000883989094291, -0.00128929084167, 0.000740046729334, -0.00128615833819, 0.00105469091795, -0.000500034308061], [0.000187618526979, -0.00227708788589, 0.000977733638138, -0.00108491966967, 0.00443110428751, -0.0020344001241, -0.000223442606512, -0.00063563673757, 0.00161687994841, -0.00175965041853, 0.00113461981528, -0.00105960748624, 0.00137008226011], [-0.000508493802045, 0.00349966646172, -0.00226873229258, 0.00159265322145, -0.0020344001241, 0.00681903073564, -0.00294254650362, 0.000341375154676, -0.00148833240382, 0.00203477498144, -0.00238184747286, 0.00063316890737, -0.000753984204493], [0.000431689171819, -0.00208024377935, 0.00123137584887, -0.00113293086179, -0.000223442606512, -0.00294254650362, 0.00738817220554, -0.00249537080526, -0.000775880354922, -0.000256034749327, 0.000863064196892, -0.000940102851018, -0.000868455856107], [-0.000380540819606, 0.00229274434969, -0.0014959576074, 0.000883989094291, -0.00063563673757, 0.000341375154676, -0.00249537080526, 0.00871218554676, -0.00332899624482, 0.000445429934189, 0.00133180734701, -0.000285339658149, 0.000451384752523], [0.000205012853257, -0.0029491414316, 0.001386236283, -0.00128929084167, 0.00161687994841, -0.00148833240382, -0.000775880354922, -0.00332899624482, 0.00984520558268, -0.00391564564779, 0.000127451959997, 0.001060775714, -0.000990249332972], [-0.000370439141989, 0.00298458104953, -0.00186277076136, 0.000740046729334, -0.00175965041853, 0.00203477498144, -0.000256034749327, 0.000445429934189, -0.00391564564779, 0.0105200801045, -0.00270047527738, 0.000107920881419, -6.37909033685e-05], [8.6028201622e-05, -0.00204820442013, 0.00106235803105, -0.00128615833819, 0.00113461981528, -0.00238184747286, 0.000863064196892, 0.00133180734701, 0.000127451959997, -0.00270047527738, 0.0082392860204, -0.00339187728241, 0.00263386173174], [-4.88723671879e-05, 0.00133380806074, -0.000808900163975, 0.00105469091795, -0.00105960748624, 0.00063316890737, -0.000940102851018, -0.000285339658149, 0.001060775714, 0.000107920881419, -0.00339187728241, 0.00781813822687, -0.00322876428254], [-1.68685201061e-05, -0.000935275515076, -0.000125336533529, -0.000500034308061, 0.00137008226011, -0.000753984204493, -0.000868455856107, 0.000451384752523, -0.000990249332972, -6.37909033685e-05, 0.00263386173174, -0.00322876428254, 0.0077694542706]]
    },
    "melbands": {
        "dmean": [0.00188114610501, 0.000942240119912, 0.000642405473627, 0.000340638682246, 0.000232555175899, 0.000215905092773, 0.000137814087793, 0.000160286654136, 9.21362443478e-05, 8.10575002106e-05, 9.24353880691e-05, 7.07178041921e-05, 0.000179066089913, 0.000131396023789, 0.000109961809358, 6.66333726258e-05, 2.63864785666e-05, 1.92984189198e-05, 1.81666982826e-05, 1.85469380085e-05, 1.07157557068e-05, 6.91491641192e-06, 7.25217796571e-06, 3.23062840835e-06, 5.39734310223e-06, 1.70678902123e-06, 7.30973340524e-07, 8.07273352166e-07, 6.68869517995e-07, 3.60774009778e-07, 2.72778834187e-07, 1.61138871135e-07, 1.24317764971e-07, 8.15949050548e-08, 6.94985615723e-08, 6.3405039441e-08, 5.16455251898e-08, 4.68167655754e-08, 3.99438491172e-08, 2.92510922151e-08],
        "dmean2": [0.00264580827206, 0.00144834571984, 0.00115210330114, 0.000615583790932, 0.00034547233372, 0.000357585493475, 0.000213148610783, 0.000258115353063, 0.000133861947688, 0.00012779761164, 0.000133548892336, 0.000113181762572, 0.00025480351178, 0.000188946942217, 0.00016426575894, 0.000105652456114, 4.55008339486e-05, 3.17333324347e-05, 3.01883810607e-05, 2.94136643788e-05, 1.72992877197e-05, 1.15821412692e-05, 1.22026294775e-05, 5.20724461239e-06, 8.82558833837e-06, 2.68073790721e-06, 1.16307364806e-06, 1.28255635445e-06, 1.12436839572e-06, 5.96677978137e-07, 4.34932275084e-07, 2.62487048985e-07, 2.01063230065e-07, 1.27153668927e-07, 1.08896614393e-07, 9.61405675071e-08, 7.58250990884e-08, 6.79348559629e-08, 5.71746596734e-08, 4.30429025755e-08],
        "dvar": [1.76397443283e-05, 6.41412179903e-06, 4.26960605182e-06, 1.01430975974e-06, 2.94116006216e-07, 4.84850033899e-07, 1.59855645165e-07, 2.08024388826e-07, 6.8824704158e-08, 4.65423291018e-08, 1.50910480556e-07, 4.96709517961e-08, 3.40128934795e-07, 1.16430982189e-07, 8.9180147711e-08, 4.87167390872e-08, 8.95877860785e-09, 6.05871353088e-09, 3.8640490807e-09, 3.10387493485e-09, 1.12270059915e-09, 3.85562998195e-10, 5.31993227249e-10, 1.19848575508e-10, 4.76020223239e-10, 4.08783354389e-11, 5.8079010351e-12, 1.12609938735e-11, 1.13607378713e-11, 1.4075133203e-12, 8.85055483762e-13, 2.33147024907e-13, 1.56425043816e-13, 7.78088598869e-14, 5.38620255168e-14, 5.0806083109e-14, 3.36921144467e-14, 2.79847471558e-14, 2.38602777672e-14, 1.32203013524e-14],
        "dvar2": [4.18253002863e-05, 1.55417965289e-05, 1.24404286908e-05, 3.0559415336e-06, 6.08676032243e-07, 1.33178082251e-06, 3.86852718748e-07, 5.24216147824e-07, 1.09869006337e-07, 1.00782393986e-07, 2.21004682999e-07, 1.03317290723e-07, 6.59611998799e-07, 2.32127689515e-07, 1.92667670262e-07, 1.10777861551e-07, 2.31026398012e-08, 1.50855310466e-08, 9.72290603585e-09, 7.08869363208e-09, 2.66009592131e-09, 9.34807342645e-10, 1.33068245312e-09, 2.69289202048e-10, 1.10853415336e-09, 9.02616384413e-11, 1.24577180169e-11, 2.21546236218e-11, 3.06003972161e-11, 3.4884822895e-12, 2.01262682735e-12, 5.49508951796e-13, 3.75707386209e-13, 1.70896649154e-13, 1.1175821824e-13, 9.97542367177e-14, 6.37670797242e-14, 5.40416778168e-14, 4.2838938641e-14, 2.75914206305e-14],
        "max": [0.0810576975346, 0.0446297973394, 0.0386290438473, 0.0167029667646, 0.0144719239324, 0.0141299124807, 0.00918220821768, 0.00858007464558, 0.0120769403875, 0.0101627921686, 0.018480617553, 0.0117497593164, 0.0177333317697, 0.00691389385611, 0.0066003203392, 0.00550550175831, 0.00343720195815, 0.00362084736116, 0.00217007868923, 0.00124270562083, 0.000584549386986, 0.000408088963013, 0.000624880602118, 0.000277337938314, 0.000610366871115, 0.000202107257792, 7.86587042967e-05, 5.30630313733e-05, 6.0281741753e-05, 1.70306702785e-05, 1.96196069737e-05, 7.38723520044e-06, 7.25538438928e-06, 5.86807345826e-06, 4.3283253035e-06, 4.97129485666e-06, 4.91400714964e-06, 3.45817898051e-06, 3.97849635192e-06, 2.94564415526e-06],
        "mean": [0.00740727828816, 0.00247912481427, 0.000929279543925, 0.000470338796731, 0.000511395337526, 0.000405753409723, 0.000263740017544, 0.000292260199785, 0.000247595075052, 0.000204890937312, 0.000300288695144, 0.000146409918671, 0.000469550635898, 0.000307054433506, 0.00023585636518, 0.000115465220006, 3.52451643266e-05, 3.11751173285e-05, 2.36333562498e-05, 2.70222953986e-05, 1.44669829751e-05, 9.45209922065e-06, 9.40300742514e-06, 3.9334390749e-06, 5.9992325987e-06, 2.17640126721e-06, 1.07586686227e-06, 1.01469925085e-06, 6.87072940764e-07, 4.27368604505e-07, 3.31343727566e-07, 2.10345547202e-07, 1.5753833793e-07, 1.14220434e-07, 1.03021911002e-07, 9.13085074217e-08, 7.68745564983e-08, 7.39645855674e-08, 5.98406160179e-08, 4.70242227379e-08],
        "median": [0.00171936827246, 0.000958476797678, 0.000354756950401, 0.000197716086404, 0.000126596452901, 0.000121895500342, 8.27187977848e-05, 9.03583859326e-05, 6.75892806612e-05, 6.321764522e-05, 3.99866876251e-05, 2.57264000538e-05, 3.80456840503e-05, 4.84657939523e-05, 3.07721129502e-05, 8.52751327329e-06, 3.95886763727e-06, 3.36303219228e-06, 2.35265270021e-06, 3.07366553898e-06, 2.64615255219e-06, 1.64335551744e-06, 1.18866284993e-06, 5.47584704691e-07, 4.81635424876e-07, 2.30222639175e-07, 1.79679588541e-07, 1.1474740802e-07, 7.76041417794e-08, 6.45006252853e-08, 4.27230446576e-08, 2.86085501955e-08, 1.6929952551e-08, 1.30860176029e-08, 9.40176558828e-09, 6.20371931603e-09, 3.72020303452e-09, 3.36154082348e-09, 2.47127651676e-09, 1.36618449886e-09],
        "min": [2.00467273833e-23, 7.46766340685e-24, 1.80821813171e-23, 1.22452543289e-23, 2.45799808673e-24, 4.12900605187e-24, 2.04996424057e-23, 2.91123279501e-23, 6.69142112067e-24, 1.49680740076e-23, 1.11872230388e-23, 1.02284896151e-23, 1.24524612674e-23, 8.55079388441e-24, 1.10539583995e-23, 7.46221553344e-24, 1.05981979558e-23, 8.61723490529e-24, 9.78623604782e-24, 1.06542654558e-23, 1.11046206245e-23, 1.19601820859e-23, 1.26484529705e-23, 1.25800011432e-23, 1.50604291092e-23, 1.07021895446e-23, 1.23542985718e-23, 1.10343291736e-23, 1.01462114227e-23, 5.55521963129e-24, 6.95013042112e-24, 1.03795446455e-23, 1.10447918358e-23, 9.47663654152e-24, 7.56318972931e-24, 1.02082198341e-23, 8.38674631486e-24, 1.32553276092e-23, 8.89226573787e-24, 1.01246715757e-23],
        "var": [0.000108022191853, 1.47630044012e-05, 3.85672501579e-06, 7.85741519849e-07, 1.17849845083e-06, 7.786355809e-07, 3.34440528604e-07, 4.11694372815e-07, 4.5070186161e-07, 2.91638485805e-07, 1.56525277362e-06, 2.34766261542e-07, 1.52033840095e-06, 4.53014223467e-07, 2.6221627536e-07, 1.09254607139e-07, 1.75926757606e-08, 1.71998308929e-08, 7.45415551506e-09, 5.64961721849e-09, 1.44554646031e-09, 5.85148152155e-10, 7.86574194667e-10, 1.71914718572e-10, 5.97441596195e-10, 6.00852353982e-11, 1.00359815944e-11, 1.5448876553e-11, 9.47456089279e-12, 1.5780018351e-12, 1.11127155655e-12, 3.2780546398e-13, 1.97193539167e-13, 1.12988374353e-13, 9.92985194396e-14, 9.24823097877e-14, 6.35248486301e-14, 6.11065695657e-14, 4.57654645788e-14, 2.95655799918e-14]
    },
    "mfcc": {
        "mean": [-738.040771484, 203.113342285, -13.7398042679, 3.58936858177, 6.10377979279, 5.65018320084, 5.58209514618, 10.6759004593, 2.49635243416, -5.80009889603, -0.465413063765, 8.75081634521, 4.71759653091],
        "cov": [[7318.51416016, -912.532043457, 17.1016235352, 1291.21777344, 177.311981201, 592.765808105, 442.5965271, 177.854034424, 210.913269043, 637.196594238, 206.652694702, -77.8958053589, 184.228363037], [-912.532043457, 2127.6875, -293.678192139, -303.04864502, 53.6621170044, -258.395629883, -185.403961182, -83.2783279419, -28.6200466156, -145.594467163, -41.6471672058, -79.5569000244, -48.9740982056], [17.1016235352, -293.678192139, 937.583435059, 205.514022827, 104.159179688, 198.644607544, 121.248497009, 135.788452148, 125.603660583, 128.700195312, -9.13812351227, -1.58043754101, 68.0719451904], [1291.21777344, -303.04864502, 205.514022827, 647.16986084, 110.222412109, 184.057022095, 133.321868896, 43.3961830139, 64.0822525024, 203.276672363, 77.3808670044, -37.5165863037, 17.998998642], [177.311981201, 53.6621170044, 104.159179688, 110.222412109, 221.313598633, 100.376243591, 54.881111145, 32.2365646362, -4.41266345978, 32.1691818237, 50.0222854614, 7.79746580124, -6.3913230896], [592.765808105, -258.395629883, 198.644607544, 184.057022095, 100.376243591, 298.982635498, 167.21711731, 90.9945755005, 49.2822532654, 93.1676025391, 46.9189605713, 67.7719650269, 56.5780677795], [442.5965271, -185.403961182, 121.248497009, 133.321868896, 54.881111145, 167.21711731, 219.035324097, 113.54473114, 45.695224762, 81.8345870972, 23.1719665527, 29.9248390198, 62.5346870422], [177.854034424, -83.2783279419, 135.788452148, 43.3961830139, 32.2365646362, 90.9945755005, 113.54473114, 205.726501465, 122.056304932, 30.9597969055, 0.874822616577, 43.575592041, 55.7867012024], [210.913269043, -28.6200466156, 125.603660583, 64.0822525024, -4.41266345978, 49.2822532654, 45.695224762, 122.056304932, 266.858947754, 124.363517761, -66.2759628296, -5.16208362579, 77.0901794434], [637.196594238, -145.594467163, 128.700195312, 203.276672363, 32.1691818237, 93.1676025391, 81.8345870972, 30.9597969055, 124.363517761, 301.980529785, 69.8367614746, -100.902175903, -1.32770371437], [206.652694702, -41.6471672058, -9.13812351227, 77.3808670044, 50.0222854614, 46.9189605713, 23.1719665527, 0.874822616577, -66.2759628296, 69.8367614746, 253.05480957, 77.3896255493, -118.002670288], [-77.8958053589, -79.5569000244, -1.58043754101, -37.5165863037, 7.79746580124, 67.7719650269, 29.9248390198, 43.575592041, -5.16208362579, -100.902175903, 77.3896255493, 297.667663574, 91.372543335], [184.228363037, -48.9740982056, 68.0719451904, 17.998998642, -6.3913230896, 56.5780677795, 62.5346870422, 55.7867012024, 77.0901794434, -1.32770371437, -118.002670288, 91.372543335, 279.849395752]],
