{
"lowlevel": {
    "average_loudness": 0.836058855057,
    "barkbands_crest": {
        "dmean": 2.15890264511,
        "dmean2": 3.28727984428,
        "dvar": 6.7580780983,
        "dvar2": 13.4486618042,
        "max": 26.9185161591,
        "mean": 11.3056030273,
        "median": 9.15137672424,
        "min": 2.02814006805,
        "var": 40.2529754639
    },
    "barkbands_flatness_db": {
        "dmean": 0.0236407686025,
        "dmean2": 0.0345475487411,
        "dvar": 0.000924913561903,
        "dvar2": 0.0018218900077,
        "max": 0.775137603283,
        "mean": 0.178747832775,
        "median": 0.12273516506,
        "min": 0.0127840200439,
        "var": 0.0213631894439
    },
    "barkbands_kurtosis": {
        "dmean": 18.80809021,
        "dmean2": 27.1288146973,
        "dvar": 275128.15625,
        "dvar2": 614396.25,
        "max": 44524.484375,
        "mean": 29.0335655212,
        "median": 1.72074198723,
        "min": -1.91371428967,
        "var": 380263.65625
    },
    "barkbands_skewness": {
        "dmean": 0.7288672328,
        "dmean2": 1.06706988811,
        "dvar": 4.89788103104,
        "dvar2": 9.71506404877,
        "max": 162.863220215,
        "mean": 1.69131743908,
        "median": 1.16234135628,
        "min": -4.82249450684,
        "var": 13.8662967682
    },
    "barkbands_spread": {
        "dmean": 4.44510030746,
        "dmean2": 6.70113706589,
        "dvar": 39.4420509338,
        "dvar2": 81.155418396,
        "max": 114.846488953,
        "mean": 23.153673172,
        "median": 20.267496109,
        "min": 0.00709890807047,
        "var": 345.670349121
    },
    "dissonance": {
        "dmean": 0.0227486342192,
        "dmean2": 0.0388133637607,
        "dvar": 0.00105148309376,
        "dvar2": 0.00292644044384,
        "max": 0.5,
        "mean": 0.447984963655,
        "median": 0.473833203316,
        "min": 0.0953942835331,
        "var": 0.0037804748863
    },
    "dynamic_complexity": 3.63187980652,
    "erbbands_crest": {
        "dmean": 2.06778216362,
        "dmean2": 3.23387408257,
        "dvar": 6.13538837433,
        "dvar2": 13.816283226,
        "max": 33.992061615,
        "mean": 11.4344854355,
        "median": 7.94715595245,
        "min": 2.08703875542,
        "var": 73.034362793
    },
    "erbbands_flatness_db": {
        "dmean": 0.0165054965764,
        "dmean2": 0.0245474185795,
        "dvar": 0.000559575506486,
        "dvar2": 0.00117725715972,
        "max": 0.68223130703,
        "mean": 0.208617001772,
        "median": 0.139908403158,
        "min": 0.059000518173,
        "var": 0.0220741573721
    },
    "erbbands_kurtosis": {
        "dmean": 3.21261715889,
        "dmean2": 5.08020162582,
        "dvar": 183.690322876,
        "dvar2": 445.605926514,
        "max": 345.12588501,
        "mean": 7.00512742996,
        "median": -0.124248385429,
        "min": -1.7622603178,
        "var": 579.885681152
    },
    "erbbands_skewness": {
        "dmean": 0.407545894384,
        "dmean2": 0.61990904808,
        "dvar": 0.450969368219,
        "dvar2": 1.05817699432,
        "max": 14.1985816956,
        "mean": 0.663183689117,
        "median": 0.134322568774,
        "min": -3.9365260601,
        "var": 2.73198580742
    },
    "erbbands_spread": {
        "dmean": 6.18143033981,
        "dmean2": 9.10215854645,
        "dvar": 77.5746002197,
        "dvar2": 143.63331604,
        "max": 194.81439209,
        "mean": 34.194568634,
        "median": 34.9847793579,
        "min": 0.18905711174,
        "var": 582.205932617
    },
    "hfc": {
        "dmean": 5.35974264145,
        "dmean2": 7.82327270508,
        "dvar": 71.0523376465,
        "dvar2": 168.524871826,
        "max": 153.257644653,
        "mean": 26.0314750671,
        "median": 15.2474336624,
        "min": 1.09545255674e-16,
        "var": 718.921447754
    },
    "melbands_crest": {
        "dmean": 3.00048184395,
        "dmean2": 4.68319940567,
        "dvar": 10.2756462097,
        "dvar2": 23.70977211,
        "max": 39.9979362488,
        "mean": 15.8609409332,
        "median": 14.2618579865,
        "min": 1.5914618969,
        "var": 48.9251480103
    },
    "melbands_flatness_db": {
        "dmean": 0.0269959457219,
        "dmean2": 0.0391140542924,
        "dvar": 0.00121873093303,
        "dvar2": 0.00233274674974,
        "max": 0.769658029079,
        "mean": 0.234549969435,
        "median": 0.192599594593,
        "min": 0.00339845241979,
        "var": 0.0218669436872
    },
    "melbands_kurtosis": {
        "dmean": 47.9274749756,
        "dmean2": 68.8736419678,
        "dvar": 3844495.75,
        "dvar2": 9002999,
        "max": 161613.765625,
        "mean": 55.1726417542,
        "median": 6.70926475525,
        "min": -1.83705198765,
        "var": 4120151.75
    },
    "melbands_skewness": {
        "dmean": 0.889754652977,
        "dmean2": 1.26441371441,
        "dvar": 19.9669094086,
        "dvar2": 42.3699150085,
        "max": 376.795349121,
        "mean": 2.40474414825,
        "median": 2.00520277023,
        "min": -3.71084475517,
        "var": 37.3210983276
    },
    "melbands_spread": {
        "dmean": 5.69878864288,
        "dmean2": 8.72115039825,
        "dvar": 67.9593887329,
        "dvar2": 147.602935791,
        "max": 184.542831421,
        "mean": 24.5891590118,
        "median": 18.0028800964,
        "min": 0.00493961758912,
        "var": 527.053710938
    },
    "pitch_salience": {
        "dmean": 0.0686646178365,
        "dmean2": 0.107831791043,
        "dvar": 0.00634510070086,
        "dvar2": 0.0146148102358,
        "max": 0.961457669735,
        "mean": 0.534467041492,
        "median": 0.560128211975,
        "min": 0.000866512767971,
        "var": 0.0220253970474
    },
    "silence_rate_20dB": {
        "dmean": 0,
        "dmean2": 0,
        "dvar": 0,
        "dvar2": 0,
        "max": 1,
        "mean": 1,
        "median": 1,
        "min": 1,
        "var": 0
    },
    "silence_rate_30dB": {
        "dmean": 0.00313866161741,
        "dmean2": 0.00627802684903,
        "dvar": 0.00312857655808,
        "dvar2": 0.00937671028078,
        "max": 1,
        "mean": 0.998430848122,
        "median": 1,
        "min": 0,
        "var": 0.001566737541
    },
    "silence_rate_60dB": {
        "dmean": 0.0304898545146,
        "dmean2": 0.0609865486622,
        "dvar": 0.029561098665,
        "dvar2": 0.0637728720903,
        "max": 1,
        "mean": 0.136964812875,
        "median": 0,
        "min": 0,
        "var": 0.118191249669
    },
    "spectral_centroid": {
        "dmean": 200.497573853,
        "dmean2": 305.728363037,
        "dvar": 86335.953125,
        "dvar2": 174619.6875,
        "max": 11714.2861328,
        "mean": 1535.30236816,
        "median": 1259.03662109,
        "min": 120.633560181,
        "var": 1474611.25
    },
    "spectral_complexity": {
        "dmean": 3.86122632027,
        "dmean2": 5.89663696289,
        "dvar": 25.6858177185,
        "dvar2": 57.4588813782,
        "max": 58,
        "mean": 19.393409729,
        "median": 17,
        "min": 0,
        "var": 212.704666138
    },
    "spectral_decrease": {
        "dmean": 1.56705171062e-09,
        "dmean2": 2.27105978468e-09,
        "dvar": 7.71508462196e-18,
        "dvar2": 1.4712834908e-17,
        "max": 1.84772081824e-28,
        "mean": -6.23596818627e-09,
        "median": -5.81219783413e-09,
        "min": -3.32999263719e-08,
        "var": 2.81092581932e-17
    },
    "spectral_energy": {
        "dmean": 0.00611264212057,
        "dmean2": 0.00885319057852,
        "dvar": 0.000112222951429,
        "dvar2": 0.000215861626202,
        "max": 0.127361267805,
        "mean": 0.0258971042931,
        "median": 0.0249397214502,
        "min": 1.01894878586e-20,
        "var": 0.000456816720543
    },
    "spectral_energyband_high": {
        "dmean": 0.000465374410851,
        "dmean2": 0.000703498255461,
        "dvar": 7.35025253107e-07,
        "dvar2": 1.78555899311e-06,
        "max": 0.0147260995582,
        "mean": 0.00176130759064,
        "median": 0.00051595759578,
        "min": 7.28587469003e-21,
        "var": 5.37808864465e-06
    },
    "spectral_energyband_low": {
        "dmean": 0.00421704631299,
        "dmean2": 0.00619118800387,
        "dvar": 0.000108665932203,
        "dvar2": 0.000208599478356,
        "max": 0.12374252826,
        "mean": 0.00994481146336,
        "median": 0.003206794383,
        "min": 1.64425291924e-23,
        "var": 0.00024019338889
    },
    "spectral_energyband_middle_high": {
        "dmean": 0.00135442335159,
        "dmean2": 0.00192028633319,
        "dvar": 3.7938884816e-06,
        "dvar2": 7.36477113605e-06,
        "max": 0.0427923426032,
        "mean": 0.00519029330462,
        "median": 0.00346493814141,
        "min": 1.03566880003e-21,
        "var": 3.04145924019e-05
    },
    "spectral_energyband_middle_low": {
        "dmean": 0.003943443764,
        "dmean2": 0.00629813084379,
        "dvar": 5.49526994291e-05,
        "dvar2": 0.000153574583237,
        "max": 0.0820515602827,
        "mean": 0.0102642774582,
        "median": 0.00801447033882,
        "min": 1.50953179027e-22,
        "var": 8.7612446805e-05
    },
    "spectral_entropy": {
        "dmean": 0.174072355032,
        "dmean2": 0.267940461636,
        "dvar": 0.067396081984,
        "dvar2": 0.15726980567,
        "max": 9.82709121704,
        "mean": 7.24795436859,
        "median": 7.77258634567,
        "min": 3.2301671505,
        "var": 1.36949777603
    },
    "spectral_flux": {
        "dmean": 0.0210708491504,
        "dmean2": 0.0302624031901,
        "dvar": 0.000814734492451,
        "dvar2": 0.00146699033212,
        "max": 0.350122392178,
        "mean": 0.0694658756256,
        "median": 0.0629867464304,
        "min": 6.24918242154e-11,
        "var": 0.0031088385731
    },
    "spectral_kurtosis": {
        "dmean": 9.34606361389,
        "dmean2": 15.1507043839,
        "dvar": 924.801391602,
        "dvar2": 2544.74291992,
        "max": 698.47052002,
        "mean": 21.6086959839,
        "median": 3.09414696693,
        "min": -1.26175940037,
        "var": 2704.39038086
    },
    "spectral_rms": {
        "dmean": 0.00054157001432,
        "dmean2": 0.000762191484682,
        "dvar": 5.82249526815e-07,
        "dvar2": 1.08964559331e-06,
        "max": 0.0111469672993,
        "mean": 0.00449053337798,
        "median": 0.00493269041181,
        "min": 3.15292952337e-12,
        "var": 5.10067684445e-06
    },
    "spectral_rolloff": {
        "dmean": 438.114501953,
        "dmean2": 711.420532227,
        "dvar": 590234.375,
        "dvar2": 1282906.75,
        "max": 19681.3476562,
        "mean": 1905.92895508,
        "median": 1162.79296875,
        "min": 21.533203125,
        "var": 5135159.5
    },
    "spectral_skewness": {
        "dmean": 0.490330040455,
        "dmean2": 0.785856246948,
        "dvar": 0.966436743736,
        "dvar2": 2.43130326271,
        "max": 20.950138092,
        "mean": 2.55640506744,
        "median": 1.38987398148,
        "min": -0.0807452350855,
        "var": 7.58066892624
    },
    "spectral_spread": {
        "dmean": 481393.4375,
        "dmean2": 755145.8125,
        "dvar": 542672748544,
        "dvar2": 1.19978524672e+12,
        "max": 42134660,
        "mean": 4679245,
        "median": 5143231,
        "min": 99795.3359375,
        "var": 1.5828875477e+13
    },
    "spectral_strongpeak": {
        "dmean": 0.394208103418,
        "dmean2": 0.645208179951,
        "dvar": 0.679644346237,
        "dvar2": 1.63542592525,
        "max": 12.3380222321,
        "mean": 0.965401113033,
        "median": 0.548884868622,
        "min": 0,
        "var": 1.56198751926
    },
    "zerocrossingrate": {
        "dmean": 0.00858474057168,
        "dmean2": 0.0101749161258,
        "dvar": 0.000145397192682,
        "dvar2": 0.000178957692697,
        "max": 0.681640625,
        "mean": 0.069993160665,
        "median": 0.05419921875,
        "min": 0,
        "var": 0.00357557181269
    },
    "barkbands": {
        "dmean": [0.000303431792418, 0.00337910186499, 0.00161442079116, 0.00138229306322, 0.00166609545704, 0.000819416716695, 0.000474145374028, 0.000641612743493, 0.000383815844543, 0.000425706501119, 0.000321181723848, 0.000343250925653, 0.000248696131166, 0.000225179202971, 0.000267705036094, 0.000192476582015, 0.000265519658569, 0.000204355732421, 0.000189115395187, 0.000198706431547, 0.000180064002052, 0.000134762129164, 9.47278313106e-05, 8.23819427751e-05, 6.60729929223e-05, 4.51863816124e-05, 1.2105994756e-05],
        "dmean2": [0.000480849004816, 0.00509285042062, 0.00276034907438, 0.00235527032055, 0.00277663371526, 0.00131365575362, 0.000777032109909, 0.000907486013602, 0.000584081164561, 0.000639058125671, 0.000469923834316, 0.00052248040447, 0.000404777645599, 0.000358579301974, 0.000409269559896, 0.000290255615255, 0.000405649741879, 0.000314195960527, 0.000296875630738, 0.000310697389068, 0.000282652908936, 0.000215884763747, 0.000153853863594, 0.000131139415316, 0.000103051039332, 7.22767217667e-05, 1.95281190827e-05],
        "dvar": [3.22183353774e-07, 9.12098112167e-05, 2.8457487133e-05, 1.34773690661e-05, 1.51509984789e-05, 2.19511252908e-06, 6.64948004214e-07, 1.80761242063e-06, 5.67614733882e-07, 7.24442372757e-07, 8.39403867303e-07, 6.33660249605e-07, 1.85303491662e-07, 2.09088796055e-07, 3.08133536464e-07, 2.02497702162e-07, 2.89008482923e-07, 1.94598385406e-07, 1.29240689262e-07, 1.44444143757e-07, 9.6607386979e-08, 5.47754908098e-08, 3.57141587415e-08, 3.24268754071e-08, 2.46318521135e-08, 1.49719916465e-08, 1.00025598915e-09],
        "dvar2": [7.89211753727e-07, 0.000194434003788, 7.90706762928e-05, 3.86806714232e-05, 4.18255731347e-05, 5.79904462938e-06, 1.78726736522e-06, 3.07162554236e-06, 1.21078289794e-06, 1.43326246871e-06, 1.36992707667e-06, 1.2592524854e-06, 4.58236911527e-07, 5.2308831755e-07, 6.55376254599e-07, 4.08873091828e-07, 6.3996657218e-07, 4.30169478705e-07, 3.12350721288e-07, 3.44621327031e-07, 2.41309606963e-07, 1.4073849286e-07, 9.4009507734e-08, 8.02711639381e-08, 5.59615642715e-08, 3.92364114532e-08, 2.38579223044e-09],
        "max": [0.00822033267468, 0.121634706855, 0.0572536960244, 0.0496355704963, 0.057844825089, 0.0239275600761, 0.0124230980873, 0.0410858131945, 0.0200643558055, 0.0222086459398, 0.0279367566109, 0.0373277813196, 0.00707429880276, 0.0115305343643, 0.0123435603455, 0.0145395770669, 0.0165393147618, 0.0139907635748, 0.0102022187784, 0.00922746118158, 0.00560876261443, 0.00397327821702, 0.00313361058943, 0.00291061378084, 0.00340443314053, 0.00218093092553, 0.000486928678583],
        "mean": [0.00068472023122, 0.00619570957497, 0.00205086520873, 0.00210971292108, 0.00275664194487, 0.00156245194376, 0.000856434402522, 0.00172848813236, 0.000759761605877, 0.000789441226516, 0.000626604480203, 0.000741472176742, 0.000439952244051, 0.000388838117942, 0.000524447532371, 0.000357897602953, 0.000508260272909, 0.000424802245107, 0.000405997823691, 0.000437699171016, 0.000433317793068, 0.000353626091965, 0.000243501373916, 0.000214228697587, 0.000174668588443, 0.000108133222966, 1.94447493413e-05],
        "median": [5.71465607209e-05, 0.00116074387915, 0.000327895279042, 0.000432477652794, 0.00114735262468, 0.000751715328079, 0.000410311971791, 0.000554540019948, 0.000338892801665, 0.000326416105963, 0.000186315941392, 0.000236221429077, 0.000194766718778, 0.00014384095266, 0.000143088022014, 9.38441517064e-05, 0.000120909826364, 8.56238621054e-05, 0.000101913748949, 9.9279168353e-05, 0.000114343056339, 9.88616375253e-05, 7.19912641216e-05, 5.1305105444e-05, 3.89890774386e-05, 1.74857068487e-05, 2.14328053971e-07],
        "min": [3.74964939996e-26, 2.74914199494e-24, 1.59042296405e-24, 1.579897193e-24, 5.84909950633e-24, 1.04485352649e-23, 4.29246749776e-24, 6.75848139736e-24, 1.96411850359e-23, 1.51240176091e-23, 1.30118472685e-23, 2.82218428276e-23, 2.59957025967e-23, 4.20313767772e-23, 3.78243941914e-23, 4.44440731459e-23, 5.77819156058e-23, 7.18737355416e-23, 1.27646706412e-22, 1.41522252242e-22, 1.90668084689e-22, 3.12766814396e-22, 4.40544661044e-22, 6.01398322111e-22, 8.72397968179e-22, 1.33304305752e-21, 1.96575070098e-21],
        "var": [1.04753974028e-06, 0.000139674462844, 2.4668606784e-05, 1.54947065312e-05, 1.95620650629e-05, 4.86668841404e-06, 1.38909831549e-06, 1.29315494632e-05, 1.62104367973e-06, 2.13168527807e-06, 3.19533864968e-06, 3.51410858457e-06, 4.41883230451e-07, 4.47454823416e-07, 9.6785970527e-07, 5.74068849346e-07, 8.60619593368e-07, 5.9753011783e-07, 3.90474951928e-07, 4.3985679099e-07, 3.60918392062e-07, 2.35841866925e-07, 1.17377517483e-07, 1.06145130019e-07, 8.74858727684e-08, 3.71898600804e-08, 2.32791608212e-09]
    },
    "erbbands": {
        "dmean": [0.116148769855, 0.768571197987, 1.77292764187, 3.31635570526, 5.24127674103, 6.26953983307, 5.89986896515, 7.11256456375, 7.17592811584, 7.78688287735, 14.6198720932, 10.2127962112, 14.252784729, 10.0392503738, 12.4857006073, 15.5395641327, 11.3125038147, 12.4824438095, 12.6360559464, 11.0958566666, 10.6524925232, 10.4880828857, 11.6296024323, 8.54278659821, 10.8279762268, 9.06512641907, 7.39868545532, 6.62590932846, 5.21925115585, 3.76444268227, 2.65084934235, 1.84494102001, 1.46242082119, 0.841814339161, 0.464249014854, 0.24312120676, 0.0753182694316, 0.0194554366171, 0.00172824901529, 2.96820671792e-05],
        "dmean2": [0.175486236811, 1.12562847137, 2.92339658737, 5.69013547897, 8.64735984802, 10.8109169006, 9.86294555664, 11.4096097946, 11.6038475037, 12.2473049164, 20.2687587738, 14.9944086075, 21.3008556366, 15.3461341858, 18.1448421478, 23.1834125519, 18.3302822113, 19.7277297974, 19.4292259216, 16.8240947723, 16.2190723419, 16.0894088745, 17.9050769806, 13.2494421005, 16.9844379425, 14.1232147217, 11.6772260666, 10.5451450348, 8.37022304535, 6.06544494629, 4.37225008011, 2.95846676826, 2.35521793365, 1.32973396778, 0.731064558029, 0.391962707043, 0.122645482421, 0.0309208855033, 0.00276960688643, 4.60216506326e-05],
        "dvar": [0.0928559526801, 5.46277809143, 34.6553955078, 92.2427520752, 165.214889526, 269.751464844, 168.961181641, 181.462722778, 160.391876221, 199.143188477, 1175.00341797, 431.253356934, 823.410461426, 629.996948242, 1665.62280273, 1332.6817627, 382.536468506, 561.665039062, 842.670043945, 500.083679199, 408.391113281, 389.877197266, 681.668395996, 279.660675049, 494.719421387, 306.375671387, 172.666351318, 137.084030151, 85.1111526489, 47.0317459106, 31.7324466705, 13.6904573441, 11.6095657349, 3.85458517075, 1.16028511524, 0.41088449955, 0.0421533472836, 0.00255410163663, 2.45559604082e-05, 5.06206143669e-09],
        "dvar2": [0.222736626863, 11.5448522568, 92.0847396851, 262.729614258, 455.955200195, 811.58392334, 475.155334473, 464.510650635, 403.830718994, 472.1534729, 1831.61975098, 885.949523926, 1715.03967285, 1231.4954834, 2609.21679688, 2528.28344727, 934.872436523, 1377.79772949, 1775.75439453, 1085.10754395, 929.217041016, 851.245544434, 1523.3269043, 624.160522461, 1227.1373291, 731.573364258, 433.004974365, 340.115203857, 221.789718628, 119.901908875, 86.8616867065, 34.5468521118, 28.9854679108, 9.08654785156, 2.7200782299, 1.07441985607, 0.110759004951, 0.00605542771518, 5.80053019803e-05, 1.17995009319e-08],
        "max": [4.06330680847, 25.8232975006, 63.6092224121, 114.655761719, 173.669906616, 261.301513672, 262.258453369, 285.270690918, 201.96383667, 317.885620117, 1102.09924316, 581.907531738, 674.405273438, 918.260437012, 1475.02661133, 1923.72912598, 540.907226562, 595.215148926, 757.93737793, 546.18157959, 548.590332031, 722.106811523, 912.982055664, 448.093658447, 663.919128418, 392.184753418, 214.175567627, 230.181777954, 143.98651123, 156.498718262, 85.9421768188, 60.3420829773, 54.8838920593, 44.8912696838, 19.5466766357, 10.5772256851, 4.05920648575, 0.855397820473, 0.090075224638, 0.00138212915044],
        "mean": [0.236404940486, 1.1446210146, 2.38182210922, 5.09888601303, 8.52059268951, 9.17134284973, 9.56156826019, 13.4301300049, 13.8549633026, 16.2303180695, 40.7070960999, 22.8331394196, 27.7626647949, 19.4425621033, 26.1229839325, 35.3029174805, 21.6758956909, 23.8328018188, 24.6318054199, 24.492105484, 23.7100391388, 22.705581665, 25.0091838837, 18.8099861145, 22.753320694, 20.6825008392, 17.8112869263, 16.0817012787, 12.9229412079, 9.92942237854, 6.58825731277, 4.79614639282, 3.42778396606, 2.12445759773, 1.17305672169, 0.534015417099, 0.182427376509, 0.0432474315166, 0.00277927843854, 8.06548414403e-05],
        "median": [0.0275905691087, 0.226236820221, 0.535982131958, 1.21936953068, 2.65802001953, 3.27398443222, 4.14140129089, 5.50339221954, 6.29588127136, 8.68654060364, 11.7654151917, 11.4118556976, 12.8107643127, 7.39016628265, 9.92370033264, 11.7194519043, 11.2963466644, 11.1148424149, 8.94954586029, 7.56016731262, 7.05318164825, 6.50978708267, 5.30945301056, 5.31592750549, 5.18738746643, 4.70698404312, 4.77603912354, 4.37375450134, 3.65112400055, 2.74755716324, 2.0005774498, 1.18816184998, 0.810934841633, 0.468782991171, 0.25108653307, 0.0968423783779, 0.027778044343, 0.0040410249494, 0.000119316748169, 4.06745020882e-05],
        "min": [7.88541574327e-23, 5.10313084602e-22, 2.7362227915e-21, 4.8343395561e-21, 8.72673688318e-21, 1.64570571704e-20, 4.20817538385e-20, 1.21472713724e-19, 1.10633326053e-19, 1.8204232907e-19, 2.61669203451e-19, 3.90107734361e-19, 5.49134344497e-19, 3.12975339439e-19, 8.97530255699e-19, 1.41043093574e-18, 1.46963194199e-18, 1.64033854917e-18, 2.06142135404e-18, 3.36031122348e-18, 3.7220348238e-18, 3.77931087737e-18, 5.03185919376e-18, 6.1856595158e-18, 7.76166398943e-18, 7.25086838065e-18, 8.66024352374e-18, 8.90834807667e-18, 1.06148655209e-17, 1.00709868236e-17, 1.16072134223e-17, 1.27926443038e-17, 1.06941731165e-17, 8.44174790084e-18, 6.80721419501e-18, 3.94418493065e-18, 2.39454125558e-18, 9.6748843562e-19, 2.63711848426e-19, 2.78022900203e-20],
        "var": [0.141940578818, 7.38082647324, 31.6695518494, 95.9980316162, 215.648925781, 279.300170898, 234.093475342, 467.462860107, 403.977478027, 521.060913086, 8732.73828125, 1271.66259766, 2421.20385742, 2097.84741211, 6640.40771484, 8188.71289062, 1026.19921875, 1315.99975586, 2353.82714844, 1820.12670898, 1465.76000977, 1290.68334961, 2187.83422852, 814.212524414, 1367.39367676, 994.524902344, 619.197692871, 496.69934082, 322.127593994, 192.587646484, 87.418258667, 49.4810180664, 30.2074966431, 12.71945858, 3.954413414, 0.897450864315, 0.108771584928, 0.00789052993059, 5.13688137289e-05, 1.52584131996e-08]
    },
    "gfcc": {
        "mean": [-55.3929138184, 85.7329864502, -125.575965881, 8.27855396271, -67.9121704102, 5.26494026184, -33.8273925781, 4.31509590149, -18.0438404083, 1.67286217213, -13.763469696, -1.22431445122, -10.3671751022],
        "cov": [[36976.7617188, -5114.50488281, 2001.80566406, 6763.74658203, 1427.06542969, 2911.95727539, -727.026977539, 1169.1204834, -1804.74060059, 1487.84057617, -882.699523926, 1384.49536133, -424.343658447], [-5114.50488281, 3625.62475586, -532.195373535, -1181.92175293, -260.364959717, -734.03729248, 218.188293457, -456.819213867, 478.022033691, -540.073059082, 273.573699951, -496.518005371, 116.974258423], [2001.80566406, -532.195373535, 1549.90661621, 1273.81555176, 597.322509766, 495.951904297, 42.2268600464, 173.730529785, -209.00843811, 255.238769531, -133.513885498, 176.963043213, -58.4579696655], [6763.74658203, -1181.92175293, 1273.81555176, 2885.03515625, 911.091552734, 955.54296875, -5.86492776871, 369.20223999, -423.166809082, 410.964874268, -125.683822632, 400.295898438, -8.28441524506], [1427.06542969, -260.364959717, 597.322509766, 911.091552734, 640.976074219, 409.535949707, 80.89503479, 116.510734558, -135.693496704, 109.860305786, -19.043712616, 164.882522583, 16.2824745178], [2911.95727539, -734.03729248, 495.951904297, 955.54296875, 409.535949707, 656.627929688, 27.2190532684, 188.260375977, -219.418731689, 173.710800171, -50.5229682922, 214.279769897, -12.8255443573], [-727.026977539, 218.188293457, 42.2268600464, -5.86492776871, 80.89503479, 27.2190532684, 210.406204224, 44.0646018982, 91.9567947388, 9.76503562927, 63.7724761963, -22.5248966217, 34.1302604675], [1169.1204834, -456.819213867, 173.730529785, 369.20223999, 116.510734558, 188.260375977, 44.0646018982, 228.045166016, -29.1065368652, 122.488861084, -28.5108509064, 85.429977417, 1.19931590557], [-1804.74060059, 478.022033691, -209.00843811, -423.166809082, -135.693496704, -219.418731689, 91.9567947388, -29.1065368652, 296.389556885, -48.1908607483, 65.4950332642, -114.128875732, 22.7534294128], [1487.84057617, -540.073059082, 255.238769531, 410.964874268, 109.860305786, 173.710800171, 9.76503562927, 122.488861084, -48.1908607483, 250.667495728, -12.3290653229, 101.206916809, -33.1348686218], [-882.699523926, 273.573699951, -133.513885498, -125.683822632, -19.043712616, -50.5229682922, 63.7724761963, -28.5108509064, 65.4950332642, -12.3290653229, 162.735870361, -17.0034046173, 29.6909370422], [1384.49536133, -496.518005371, 176.963043213, 400.295898438, 164.882522583, 214.279769897, -22.5248966217, 85.429977417, -114.128875732, 101.206916809, -17.0034046173, 198.042892456, 29.6438713074], [-424.343658447, 116.974258423, -58.4579696655, -8.28441524506, 16.2824745178, -12.8255443573, 34.1302604675, 1.19931590557, 22.7534294128, -33.1348686218, 29.6909370422, 29.6438713074, 102.620376587]],
        "icov": [[0.000104902341263, -0.000119634678413, 0.00016901968047, -0.000179262191523, 0.000159546281793, -0.000187631987501, 0.00012089277152, -0.00015283243556, 0.000259048771113, -0.000365620537195, 0.000419931049692, -0.000355397351086, 0.000370446505258], [-0.000119634678413, 0.000956352741923, -0.000339152931701, 6.20672362857e-05, -0.000361498096026, 0.000440695352154, -0.000450538558653, 0.00097991921939, -0.000822757137939, 0.00140588218346, -0.00125848001335, 0.00160884554498, -0.00098644697573], [0.00016901968047, -0.000339152931701, 0.00162122340407, -0.000518011394888, -0.000506761367433, -0.000323698681314, -7.90395934018e-05, -0.000141589611303, 0.000632838520687, -0.00145761657041, 0.00164284289349, -0.000523298513144, 0.00109999242704], [-0.000179262191523, 6.20672362857e-05, -0.000518011394888, 0.00137763808016, -0.000968751264736, -0.000253897800576, 0.00033422478009, -0.000339610531228, 4.55278313893e-05, -0.000166661324329, -0.000603326072451, 0.000567321374547, -0.00103432766628], [0.000159546281793, -0.000361498096026, -0.000506761367433, -0.000968751264736, 0.00442416034639, -0.00130450329743, -0.00123202591203, 0.000176720597665, 0.000333978503477, 0.000375685223844, 0.00045775459148, -0.00217774929479, 0.000791496830061], [-0.000187631987501, 0.000440695352154, -0.000323698681314, -0.000253897800576, -0.00130450329743, 0.004770105239, -0.00128693471197, -0.000754548003897, 0.000822820758913, 0.00101014890242, -0.000941724225413, -0.000863090856001, 0.000422398181399], [0.00012089277152, -0.000450538558653, -7.90395934018e-05, 0.00033422478009, -0.00123202591203, -0.00128693471197, 0.00848997943103, -0.00231472752057, -0.00155087502208, -0.00121400819626, -0.0016314398963, 0.00166211370379, -0.00182278850116], [-0.00015283243556, 0.00097991921939, -0.000141589611303, -0.000339610531228, 0.000176720597665, -0.000754548003897, -0.00231472752057, 0.00882317312062, -0.00191296404228, -0.000782169809099, 0.000399677781388, 0.000478538247989, -0.0013949170243], [0.000259048771113, -0.000822757137939, 0.000632838520687, 4.55278313893e-05, 0.000333978503477, 0.000822820758913, -0.00155087502208, -0.00191296404228, 0.00749379303306, -0.00249880040064, 0.000747235375457, 0.000593152886722, 0.000105276412796], [-0.000365620537195, 0.00140588218346, -0.00145761657041, -0.000166661324329, 0.000375685223844, 0.00101014890242, -0.00121400819626, -0.000782169809099, -0.00249880040064, 0.0104046482593, -0.00357563886791, -0.0008052875055, 0.00170209060889], [0.000419931049692, -0.00125848001335, 0.00164284289349, -0.000603326072451, 0.00045775459148, -0.000941724225413, -0.0016314398963, 0.000399677781388, 0.000747235375457, -0.00357563886791, 0.010859394446, -0.00299008144066, 0.000807305856142], [-0.000355397351086, 0.00160884554498, -0.000523298513144, 0.000567321374547, -0.00217774929479, -0.000863090856001, 0.00166211370379, 0.000478538247989, 0.000593152886722, -0.0008052875055, -0.00299008144066, 0.0152849033475, -0.00781825836748], [0.000370446505258, -0.00098644697573, 0.00109999242704, -0.00103432766628, 0.000791496830061, 0.000422398181399, -0.00182278850116, -0.0013949170243, 0.000105276412796, 0.00170209060889, 0.000807305856142, -0.00781825836748, 0.0160448849201]]
    },
    "melbands": {
        "dmean": [0.000945363542996, 0.000896417535841, 0.000618650519755, 0.000399580283556, 0.000213365899981, 0.000157822534675, 0.000107081476017, 9.09644222702e-05, 0.000111482542707, 6.47551205475e-05, 7.06444261596e-05, 3.9974846004e-05, 3.89263841498e-05, 4.13052766817e-05, 2.72823654086e-05, 2.82704040728e-05, 2.56191469816e-05, 1.98435536731e-05, 1.67404323292e-05, 1.80317165359e-05, 1.45289559441e-05, 1.3326070075e-05, 1.21163357107e-05, 9.63682487054e-06, 7.47353806219e-06, 9.13130043045e-06, 7.6391697803e-06, 6.42431086817e-06, 5.02618377141e-06, 5.23398011865e-06, 4.08577216149e-06, 3.56171358362e-06, 2.67841846835e-06, 2.17276624426e-06, 1.75497211785e-06, 1.50967684931e-06, 1.15189868666e-06, 1.14437887078e-06, 9.68799781731e-07, 7.42869133319e-07],
        "dmean2": [0.00143754831515, 0.00135945703369, 0.00104796618689, 0.000666247622576, 0.000360788719263, 0.00025246484438, 0.000172865984496, 0.000140762756928, 0.000154976252816, 9.61303157965e-05, 0.00010602180555, 6.17593323113e-05, 5.74192708882e-05, 6.13282609265e-05, 4.26552796853e-05, 4.56202142232e-05, 4.05703540309e-05, 3.07981172227e-05, 2.58744075836e-05, 2.70072177955e-05, 2.23926817853e-05, 2.04411899176e-05, 1.87660243682e-05, 1.48753042595e-05, 1.1675299902e-05, 1.42301732922e-05, 1.217071258e-05, 1.01433879536e-05, 8.06515708973e-06, 8.29347754916e-06, 6.61897047394e-06, 5.78378194405e-06, 4.3455265768e-06, 3.51750054506e-06, 2.92196432383e-06, 2.46999229603e-06, 1.86503655186e-06, 1.86338979802e-06, 1.55509383148e-06, 1.19591641123e-06],
        "dvar": [6.67422045808e-06, 7.72821204009e-06, 2.77001936411e-06, 9.38302832765e-07, 2.30797184031e-07, 8.40487572873e-08, 3.40787700281e-08, 2.72677418423e-08, 6.70697275496e-08, 1.91619076162e-08, 2.04794474712e-08, 1.05663415795e-08, 1.25577495069e-08, 8.45898373569e-09, 4.89677276505e-09, 2.85399459621e-09, 2.79132206238e-09, 2.04400474324e-09, 1.12729992008e-09, 1.89640281256e-09, 9.11261399672e-10, 6.9264916025e-10, 6.86167678232e-10, 5.642112888e-10, 2.32467267658e-10, 4.08865163948e-10, 2.82047663003e-10, 1.6395138025e-10, 8.34120758575e-11, 1.0564081554e-10, 5.3524518151e-11, 4.42362188546e-11, 2.22297319441e-11, 1.7257700477e-11, 1.325836229e-11, 9.35006412572e-12, 5.33717818205e-12, 6.57896610454e-12, 5.14458918174e-12, 2.98096681887e-12],
        "dvar2": [1.46751308421e-05, 1.812714072e-05, 7.88329180068e-06, 2.59332045971e-06, 6.78906133089e-07, 2.16222815652e-07, 8.71227854304e-08, 6.14490360817e-08, 1.04305520665e-07, 3.92179799746e-08, 4.26320774238e-08, 2.08428243553e-08, 2.02709742325e-08, 1.62761537581e-08, 9.50057188476e-09, 6.87313406189e-09, 6.75693812013e-09, 4.42028813552e-09, 2.54521981269e-09, 3.74956465876e-09, 2.08354045128e-09, 1.50842205393e-09, 1.56564450293e-09, 1.21560073119e-09, 5.15455789163e-10, 9.59693324809e-10, 6.85504986109e-10, 3.92800902915e-10, 2.07544620379e-10, 2.58635141082e-10, 1.36217689906e-10, 1.16368331637e-10, 5.72574695989e-11, 4.46843360924e-11, 3.67154293079e-11, 2.44312989978e-11, 1.36164525835e-11, 1.68009495205e-11, 1.24814655139e-11, 7.22580242168e-12],
        "max": [0.0361550077796, 0.0306526906788, 0.0208079740405, 0.0141060370952, 0.0078588007018, 0.00558947073296, 0.00277463602833, 0.00401929393411, 0.00840045791119, 0.00394727336243, 0.00334193767048, 0.00358116510324, 0.00378210167401, 0.00403438042849, 0.00467636203393, 0.000936172786169, 0.00135528936516, 0.00114110473078, 0.000947267282754, 0.0013970839791, 0.000992317101918, 0.000944103056099, 0.000717441784218, 0.00107060139999, 0.000404417165555, 0.000618786667474, 0.000564110872801, 0.000367883854778, 0.000178670568857, 0.000232593301916, 0.00010382621258, 0.000117188799777, 0.000109219785372, 9.77590389084e-05, 5.96284371568e-05, 5.03759474668e-05, 4.14273636125e-05, 3.7993893784e-05, 3.42152416124e-05, 4.37660710304e-05],
        "mean": [0.00188807398081, 0.00135562382638, 0.000998360104859, 0.000649772351608, 0.000343980675098, 0.000302269821987, 0.00020702186157, 0.00020046759164, 0.000305366731482, 0.000134694637381, 0.000134100118885, 7.28320228518e-05, 7.60022376198e-05, 9.36121505219e-05, 5.82686589041e-05, 4.85277378175e-05, 4.40042240371e-05, 3.6523622839e-05, 3.31311748596e-05, 3.41826016665e-05, 2.85434562102e-05, 2.58387899521e-05, 2.31431640714e-05, 1.93952091649e-05, 1.38918585435e-05, 1.69611648744e-05, 1.47207720147e-05, 1.35130312628e-05, 1.0760355508e-05, 1.09987704491e-05, 8.79595609149e-06, 7.70974475017e-06, 6.13301699559e-06, 5.06508604303e-06, 3.79683660867e-06, 3.42033445122e-06, 2.7087894523e-06, 2.43341446549e-06, 2.11708515963e-06, 1.69918098436e-06],
        "median": [0.000301098742057, 0.000313948257826, 0.000287671282422, 0.000246409646934, 0.000152694934513, 0.000131295702886, 9.56101357588e-05, 9.96786038741e-05, 8.71445226949e-05, 6.08755981375e-05, 5.88246330153e-05, 2.44949242187e-05, 2.5342189474e-05, 3.29061695084e-05, 2.37707790802e-05, 1.94591848413e-05, 1.5769217498e-05, 1.24590333144e-05, 9.78417483566e-06, 8.23482878332e-06, 7.36957053959e-06, 6.55612620903e-06, 4.53803022538e-06, 4.07321385865e-06, 3.76744333153e-06, 3.50393474946e-06, 3.44727118318e-06, 2.88702972284e-06, 2.9178540899e-06, 2.53044618148e-06, 2.3778020477e-06, 2.05208971238e-06, 1.69799341165e-06, 1.38892323776e-06, 1.18264756566e-06, 8.40974735183e-07, 6.33134618511e-07, 5.5886039263e-07, 4.65901337066e-07, 3.50692403117e-07],
        "min": [9.37488019006e-25, 1.58585457194e-24, 1.63085573393e-24, 1.41414538807e-24, 1.14872820613e-24, 2.55549143385e-24, 1.25571253602e-24, 1.9194267723e-24, 1.76301912341e-24, 2.4115418708e-24, 2.29850796385e-24, 1.03198546963e-24, 2.6225434275e-24, 3.32031870552e-24, 2.99516108722e-24, 2.8081998694e-24, 3.05816819659e-24, 3.00905943587e-24, 3.23367318192e-24, 3.54029966869e-24, 3.60748024667e-24, 3.10652872273e-24, 4.51877354767e-24, 3.43197052817e-24, 3.92111950967e-24, 4.4846446639e-24, 4.47395559863e-24, 4.30844469211e-24, 4.35163482667e-24, 5.66898717889e-24, 5.04010844853e-24, 5.36975488259e-24, 5.02748904063e-24, 4.96383545976e-24, 5.12515712045e-24, 6.73382633863e-24, 6.72867823236e-24, 6.38690424518e-24, 6.10455869986e-24, 6.32365377223e-24],
        "var": [1.05898370748e-05, 9.18388650462e-06, 3.07312234327e-06, 1.19562082546e-06, 2.81994118723e-07, 2.14917534436e-07, 8.58770050627e-08, 8.50163317523e-08, 4.99443729041e-07, 5.55151551396e-08, 6.00083041036e-08, 3.34737819685e-08, 4.82695199366e-08, 4.87036402319e-08, 2.43166287106e-08, 6.55120357962e-09, 6.05229866224e-09, 5.39953015632e-09, 3.64529717523e-09, 5.34028510302e-09, 2.75154832252e-09, 2.12484541073e-09, 1.88535387302e-09, 1.50906287466e-09, 5.62407120874e-10, 1.01312802592e-09, 6.44259867677e-10, 4.85996243249e-10, 2.44511771941e-10, 3.00794916752e-10, 1.58342047807e-10, 1.32477279147e-10, 7.51670531374e-11, 5.56783404104e-11, 3.10578160412e-11, 2.64894946256e-11, 1.70109985126e-11, 1.54280425241e-11, 1.32936266162e-11, 8.67045671371e-12]
    },
    "mfcc": {
        "mean": [-686.102539062, 114.934234619, -3.29060196877, 4.40946865082, -11.7796878815, -2.85956335068, -7.77300310135, -2.37857580185, -2.30568957329, 0.263010889292, 0.0176180806011, 1.17762362957, -1.11928713322],
        "cov": [[22689.1171875, -4196.65820312, 1269.68359375, 3910.41235352, 2758.9855957, 2626.00585938, 1721.52990723, 981.821899414, 501.863189697, 146.946914673, -147.23085022, -29.3813343048, 195.341766357], [-4196.65820312, 2632.41210938, -135.760665894, -521.412719727, -488.771209717, -426.782104492, -345.171081543, -151.014892578, -148.764587402, 9.67487812042, 38.3985443115, -4.16413354874, -54.3827438354], [1269.68359375, -135.760665894, 742.717895508, 500.051330566, 332.590057373, 294.236755371, 191.835006714, 71.3984222412, 52.9523849487, 45.8992424011, 16.3109531403, -12.5789861679, -17.2864665985], [3910.41235352, -521.412719727, 500.051330566, 1487.50964355, 850.329956055, 697.609313965, 483.780639648, 290.295471191, 149.304916382, 96.6328353882, 12.1067676544, -16.5630741119, 22.2100639343], [2758.9855957, -488.771209717, 332.590057373, 850.329956055, 724.704711914, 562.045532227, 374.382537842, 247.057312012, 103.668167114, 28.2367668152, -38.2147712708, 4.05516672134, 41.1547737122], [2626.00585938, -426.782104492, 294.236755371, 697.609313965, 562.045532227, 613.249633789, 371.03012085, 226.862869263, 84.6537704468, 38.6223106384, -21.0432949066, 8.55781364441, 54.350566864], [1721.52990723, -345.171081543, 191.835006714, 483.780639648, 374.382537842, 371.03012085, 376.623291016, 191.878234863, 73.9016342163, 15.9615850449, -15.410861969, 25.7463512421, 54.5653457642], [981.821899414, -151.014892578, 71.3984222412, 290.295471191, 247.057312012, 226.862869263, 191.878234863, 217.018783569, 91.1999053955, 27.1446247101, -28.5205860138, 6.27441310883, 27.3011245728], [501.863189697, -148.764587402, 52.9523849487, 149.304916382, 103.668167114, 84.6537704468, 73.9016342163, 91.1999053955, 148.408004761, 61.4155845642, 16.5194511414, -1.64871811867, 1.81645786762], [146.946914673, 9.67487812042, 45.8992424011, 96.6328353882, 28.2367668152, 38.6223106384, 15.9615850449, 27.1446247101, 61.4155845642, 132.792877197, 79.1967544556, 11.3910655975, -18.625164032], [-147.23085022, 38.3985443115, 16.3109531403, 12.1067676544, -38.2147712708, -21.0432949066, -15.410861969, -28.5205860138, 16.5194511414, 79.1967544556, 158.505187988, 62.2026824951, -11.4876756668], [-29.3813343048, -4.16413354874, -12.5789861679, -16.5630741119, 4.05516672134, 8.55781364441, 25.7463512421, 6.27441310883, -1.64871811867, 11.3910655975, 62.2026824951, 114.694953918, 51.8493881226], [195.341766357, -54.3827438354, -17.2864665985, 22.2100639343, 41.1547737122, 54.350566864, 54.5653457642, 27.3011245728, 1.81645786762, -18.625164032, -11.4876756668, 51.8493881226, 113.44708252]],
