{
"lowlevel": {
    "average_loudness": 0.910810470581,
    "barkbands_crest": {
        "dmean": 2.4913585186,
        "dmean2": 3.72235918045,
        "dvar": 6.90879631042,
        "dvar2": 13.8742790222,
        "max": 25.8096179962,
        "mean": 10.8812637329,
        "median": 9.84602737427,
        "min": 2.20795917511,
        "var": 24.9905376434
    },
    "barkbands_flatness_db": {
        "dmean": 0.0214698053896,
        "dmean2": 0.0311611983925,
        "dvar": 0.000513092556503,
        "dvar2": 0.00103538285475,
        "max": 0.357966125011,
        "mean": 0.147193908691,
        "median": 0.135897755623,
        "min": 0.0156738199294,
        "var": 0.00396139966324
    },
    "barkbands_kurtosis": {
        "dmean": 1.80495870113,
        "dmean2": 2.77819061279,
        "dvar": 8.08435153961,
        "dvar2": 17.3526268005,
        "max": 74.8606185913,
        "mean": 2.66393613815,
        "median": 1.1153178215,
        "min": -1.73468410969,
        "var": 24.7230625153
    },
    "barkbands_skewness": {
        "dmean": 0.434142798185,
        "dmean2": 0.645784974098,
        "dvar": 0.245310097933,
        "dvar2": 0.470059484243,
        "max": 7.55255174637,
        "mean": 1.20048689842,
        "median": 1.04497599602,
        "min": -2.31574845314,
        "var": 1.09499788284
    },
    "barkbands_spread": {
        "dmean": 4.57614898682,
        "dmean2": 7.07234239578,
        "dvar": 30.6553878784,
        "dvar2": 73.4609985352,
        "max": 79.5304870605,
        "mean": 19.977935791,
        "median": 18.527923584,
        "min": 1.26461446285,
        "var": 110.849838257
    },
    "dissonance": {
        "dmean": 0.0202689412981,
        "dmean2": 0.0344986580312,
        "dvar": 0.000377730058972,
        "dvar2": 0.00105773948599,
        "max": 0.499999940395,
        "mean": 0.460197091103,
        "median": 0.468035817146,
        "min": 0.250581979752,
        "var": 0.00100748578552
    },
    "dynamic_complexity": 4.45375967026,
    "erbbands_crest": {
        "dmean": 3.04938101768,
        "dmean2": 4.74258184433,
        "dvar": 7.74218940735,
        "dvar2": 18.1050662994,
        "max": 30.4647808075,
        "mean": 11.2526788712,
        "median": 10.3423194885,
        "min": 2.32160282135,
        "var": 26.2965812683
    },
    "erbbands_flatness_db": {
        "dmean": 0.0169124342501,
        "dmean2": 0.0237133912742,
        "dvar": 0.00024806446163,
        "dvar2": 0.000469146471005,
        "max": 0.413292706013,
        "mean": 0.182022303343,
        "median": 0.168733090162,
        "min": 0.0612506903708,
        "var": 0.00423737429082
    },
    "erbbands_kurtosis": {
        "dmean": 1.07951188087,
        "dmean2": 1.65227293968,
        "dvar": 1.97003817558,
        "dvar2": 4.63381099701,
        "max": 37.5888977051,
        "mean": 1.34429562092,
        "median": 0.759618997574,
        "min": -1.55090618134,
        "var": 6.35265254974
    },
    "erbbands_skewness": {
        "dmean": 0.337756961584,
        "dmean2": 0.508901178837,
        "dvar": 0.092618778348,
        "dvar2": 0.212919458747,
        "max": 5.15608406067,
        "mean": 0.567549943924,
        "median": 0.531055271626,
        "min": -2.85868048668,
        "var": 0.506017327309
    },
    "erbbands_spread": {
        "dmean": 6.09491014481,
        "dmean2": 8.81143856049,
        "dvar": 42.858997345,
        "dvar2": 87.2269439697,
        "max": 98.8250961304,
        "mean": 27.1618614197,
        "median": 24.3767166138,
        "min": 3.35033917427,
        "var": 191.280944824
    },
    "hfc": {
        "dmean": 9.79773235321,
        "dmean2": 14.4589614868,
        "dvar": 324.001953125,
        "dvar2": 764.415283203,
        "max": 194.391906738,
        "mean": 22.7100696564,
        "median": 13.4843635559,
        "min": 1.1552272086e-16,
        "var": 660.411193848
    },
    "melbands_crest": {
        "dmean": 3.28572750092,
        "dmean2": 5.16327619553,
        "dvar": 13.5289812088,
        "dvar2": 31.5590877533,
        "max": 35.4782295227,
        "mean": 15.9683380127,
        "median": 14.8765468597,
        "min": 1.97398364544,
        "var": 50.2718925476
    },
    "melbands_flatness_db": {
        "dmean": 0.026071133092,
        "dmean2": 0.03770095855,
        "dvar": 0.000944640836678,
        "dvar2": 0.00196335138753,
        "max": 0.437918245792,
        "mean": 0.197444990277,
        "median": 0.192010164261,
        "min": 0.0059305797331,
        "var": 0.00484955916181
    },
    "melbands_kurtosis": {
        "dmean": 4.06246900558,
        "dmean2": 6.23617839813,
        "dvar": 53.5147857666,
        "dvar2": 111.250167847,
        "max": 147.772506714,
        "mean": 7.65189123154,
        "median": 3.53802275658,
        "min": -1.55693125725,
        "var": 144.254074097
    },
    "melbands_skewness": {
        "dmean": 0.578179955482,
        "dmean2": 0.853911280632,
        "dvar": 0.531210958958,
        "dvar2": 0.969540059566,
        "max": 9.66469192505,
        "mean": 1.89666104317,
        "median": 1.5703035593,
        "min": -1.47405588627,
        "var": 2.15837883949
    },
    "melbands_spread": {
        "dmean": 6.0476565361,
        "dmean2": 9.55611896515,
        "dvar": 55.2036781311,
        "dvar2": 131.70111084,
        "max": 129.67578125,
        "mean": 23.9270458221,
        "median": 21.9347991943,
        "min": 1.54702413082,
        "var": 187.498046875
    },
    "pitch_salience": {
        "dmean": 0.0754662007093,
        "dmean2": 0.119124829769,
        "dvar": 0.00862113572657,
        "dvar2": 0.0194968413562,
        "max": 0.920691728592,
        "mean": 0.498061299324,
        "median": 0.500474274158,
        "min": 0.113003529608,
        "var": 0.0192105360329
    },
    "silence_rate_20dB": {
        "dmean": 0,
        "dmean2": 0,
        "dvar": 0,
        "dvar2": 0,
        "max": 1,
        "mean": 1,
        "median": 1,
        "min": 1,
        "var": 0
    },
    "silence_rate_30dB": {
        "dmean": 0,
        "dmean2": 0,
        "dvar": 0,
        "dvar2": 0,
        "max": 1,
        "mean": 1,
        "median": 1,
        "min": 1,
        "var": 0
    },
    "silence_rate_60dB": {
        "dmean": 0.0195019114763,
        "dmean2": 0.0390089601278,
        "dvar": 0.019122639671,
        "dvar2": 0.0422329306602,
        "max": 1,
        "mean": 0.118050068617,
        "median": 0,
        "min": 0,
        "var": 0.104115620255
    },
    "spectral_centroid": {
        "dmean": 225.728775024,
        "dmean2": 354.914154053,
        "dvar": 70752.5234375,
        "dvar2": 170726.84375,
        "max": 10907.1396484,
        "mean": 1400.18395996,
        "median": 1279.88903809,
        "min": 313.622436523,
        "var": 343615.1875
    },
    "spectral_complexity": {
        "dmean": 4.33548545837,
        "dmean2": 6.69161844254,
        "dvar": 32.4718666077,
        "dvar2": 72.0845108032,
        "max": 58,
        "mean": 18.0392627716,
        "median": 16,
        "min": 0,
        "var": 121.1431427
    },
    "spectral_decrease": {
        "dmean": 1.87962512221e-09,
        "dmean2": 2.67370969809e-09,
        "dvar": 7.66487062288e-18,
        "dvar2": 1.41386259791e-17,
        "max": -7.41799001471e-29,
        "mean": -6.36045749403e-09,
        "median": -5.26223864483e-09,
        "min": -2.81249352696e-08,
        "var": 2.80591409743e-17
    },
    "spectral_energy": {
        "dmean": 0.00774363800883,
        "dmean2": 0.011091966182,
        "dvar": 0.000133392270072,
        "dvar2": 0.000250649085501,
        "max": 0.115606129169,
        "mean": 0.0260656885803,
        "median": 0.0213106386364,
        "min": 1.0758212496e-20,
        "var": 0.000467796809971
    },
    "spectral_energyband_high": {
        "dmean": 0.000578525825404,
        "dmean2": 0.000888501352165,
        "dvar": 1.50029268298e-06,
        "dvar2": 3.58050533578e-06,
        "max": 0.0140828313306,
        "mean": 0.000965980347246,
        "median": 0.000319323356962,
        "min": 7.68559841193e-21,
        "var": 2.60403112406e-06
    },
    "spectral_energyband_low": {
        "dmean": 0.00370573252439,
        "dmean2": 0.00553788989782,
        "dvar": 7.43398850318e-05,
        "dvar2": 0.000154584238771,
        "max": 0.0912482142448,
        "mean": 0.00999837648124,
        "median": 0.00409715482965,
        "min": 5.09030453568e-23,
        "var": 0.000179545255378
    },
    "spectral_energyband_middle_high": {
        "dmean": 0.00349665316753,
        "dmean2": 0.00528120994568,
        "dvar": 3.67997672583e-05,
        "dvar2": 8.0742262071e-05,
        "max": 0.0879437029362,
        "mean": 0.007917243056,
        "median": 0.00425814092159,
        "min": 1.87253091946e-21,
        "var": 9.82168785413e-05
    },
    "spectral_energyband_middle_low": {
        "dmean": 0.00352057791315,
        "dmean2": 0.00549338757992,
        "dvar": 4.38958413724e-05,
        "dvar2": 0.000109625769255,
        "max": 0.070393294096,
        "mean": 0.00789746362716,
        "median": 0.00493483990431,
        "min": 2.71408288639e-22,
        "var": 7.19570671208e-05
    },
    "spectral_entropy": {
        "dmean": 0.15059556067,
        "dmean2": 0.230324059725,
        "dvar": 0.0275601930916,
        "dvar2": 0.0628353208303,
        "max": 9.79559326172,
        "mean": 7.54309654236,
        "median": 7.62164354324,
        "min": 5.75870656967,
        "var": 0.251018494368
    },
    "spectral_flux": {
        "dmean": 0.0254362281412,
        "dmean2": 0.0350756905973,
        "dvar": 0.000981172197498,
        "dvar2": 0.00160946487449,
        "max": 0.294282853603,
        "mean": 0.0717531442642,
        "median": 0.0565582886338,
        "min": 1.03721801981e-10,
        "var": 0.00325359776616
    },
    "spectral_kurtosis": {
        "dmean": 1.65012931824,
        "dmean2": 2.75762224197,
        "dvar": 6.38264513016,
        "dvar2": 18.0241107941,
        "max": 96.493019104,
        "mean": 5.67723035812,
        "median": 4.36776542664,
        "min": -1.18197107315,
        "var": 33.1555404663
    },
    "spectral_rms": {
        "dmean": 0.000696965726092,
        "dmean2": 0.000989835709333,
        "dvar": 8.73380031408e-07,
        "dvar2": 1.56528449224e-06,
        "max": 0.0106200976297,
        "mean": 0.00450402358547,
        "median": 0.00455970037729,
        "min": 3.2397248946e-12,
        "var": 5.1437637012e-06
    },
    "spectral_rolloff": {
        "dmean": 462.433776855,
        "dmean2": 774.430908203,
        "dvar": 607905,
        "dvar2": 1442928.5,
        "max": 18540.0878906,
        "mean": 1572.8338623,
        "median": 1313.52539062,
        "min": 64.599609375,
        "var": 2313356.25
    },
    "spectral_skewness": {
        "dmean": 0.20358723402,
        "dmean2": 0.328668296337,
        "dvar": 0.0472184717655,
        "dvar2": 0.126002460718,
        "max": 7.68357610703,
        "mean": 1.80081915855,
        "median": 1.71344459057,
        "min": 0.00242312578484,
        "var": 0.330877810717
    },
    "spectral_spread": {
        "dmean": 457980.9375,
        "dmean2": 648140.8125,
        "dvar": 352846675968,
        "dvar2": 532635123712,
        "max": 39018260,
        "mean": 4634780.5,
        "median": 4418271.5,
        "min": 906115.625,
        "var": 2.64349994189e+12
    },
    "spectral_strongpeak": {
        "dmean": 0.541243135929,
        "dmean2": 0.912855684757,
        "dvar": 1.01275312901,
        "dvar2": 2.41819643974,
        "max": 18.3571968079,
        "mean": 1.10947847366,
        "median": 0.434880167246,
        "min": 0,
        "var": 2.15161681175
    },
    "zerocrossingrate": {
        "dmean": 0.0096456296742,
        "dmean2": 0.0113324625418,
        "dvar": 0.000144556615851,
        "dvar2": 0.000158632887178,
        "max": 0.80615234375,
        "mean": 0.0665060952306,
        "median": 0.0556640625,
        "min": 0.0048828125,
        "var": 0.00350433192216
    },
    "barkbands": {
        "dmean": [0.000181836003321, 0.00258390512317, 0.00173030048609, 0.000797223125119, 0.00101146940142, 0.000783107592724, 0.000595147022977, 0.000604745466262, 0.000814231112599, 0.00132431497332, 0.000568718707655, 0.000476714660181, 0.00101169303525, 0.000450405757874, 0.000431122578448, 0.000281130516669, 0.000231242927839, 0.000194580861717, 0.00017179781571, 0.000175642227987, 0.000125790858874, 0.000117974370369, 8.75023906701e-05, 7.19446252333e-05, 0.000107235733594, 4.87771430926e-05, 1.20843205877e-05],
        "dmean2": [0.000262807909166, 0.00366480625235, 0.00302260718308, 0.00143813306931, 0.00171025085729, 0.00134261103813, 0.000943680526689, 0.000929279893171, 0.00124472752213, 0.00200651353225, 0.000897087622434, 0.000770954007749, 0.00155749346595, 0.000710073043592, 0.00066923093982, 0.000421564938733, 0.000394570000935, 0.000323333253618, 0.000281210319372, 0.00029394091689, 0.000204430165468, 0.000189601705642, 0.000137943425216, 0.000114766706247, 0.000165180419572, 7.41481999285e-05, 1.86514098459e-05],
        "dvar": [2.62973003373e-07, 4.00049175369e-05, 3.9544163883e-05, 7.71281793277e-06, 7.01824410498e-06, 3.7964925923e-06, 1.4386289422e-06, 1.40385338909e-06, 2.84087491309e-06, 1.00009046946e-05, 2.06186587093e-06, 1.15763896247e-06, 4.67232212031e-06, 1.03613069768e-06, 6.46306489216e-07, 5.03488251979e-07, 4.21313472998e-07, 2.71594103651e-07, 1.38558817753e-07, 1.73911502088e-07, 6.70584512363e-08, 8.32721198663e-08, 4.30236042348e-08, 2.50826204251e-08, 8.85197763978e-08, 1.91706988062e-08, 1.60690050155e-09],
        "dvar2": [5.61692672818e-07, 6.29387577646e-05, 0.000108838430606, 2.23026872845e-05, 1.88912235899e-05, 1.08162748802e-05, 3.70685233975e-06, 2.89382637675e-06, 5.93178947383e-06, 2.20012461796e-05, 4.42716873295e-06, 2.77940353044e-06, 1.04757828012e-05, 2.23565439228e-06, 1.41502800943e-06, 9.93072490019e-07, 1.15310137971e-06, 6.80696302879e-07, 3.41276262361e-07, 4.61865369061e-07, 1.68769403786e-07, 2.01434176006e-07, 1.04933668865e-07, 6.22320257548e-08, 2.08753760944e-07, 4.59851463575e-08, 3.66782582084e-09],
        "max": [0.0162465088069, 0.0848072096705, 0.0563210844994, 0.0222164914012, 0.0396774150431, 0.0226394403726, 0.0173859484494, 0.0418623648584, 0.0466871112585, 0.0723483711481, 0.0349338166416, 0.029410911724, 0.038091301918, 0.0195563212037, 0.0112254023552, 0.0187109913677, 0.015140498057, 0.00989984441549, 0.00448979623616, 0.00659548863769, 0.0045217317529, 0.00438266992569, 0.00278952997178, 0.00195768801495, 0.0050781397149, 0.00275119254366, 0.000614818593021],
        "mean": [0.000700659118593, 0.00722385337576, 0.00172461126931, 0.000817567866761, 0.00142943125684, 0.00113816407975, 0.00110226892866, 0.00113152200356, 0.00157546089031, 0.00220628920943, 0.000917348137591, 0.000654861214571, 0.00179161364213, 0.000681289995555, 0.000705565849785, 0.000404029648053, 0.000311283540213, 0.000248738972005, 0.000236701715039, 0.000228187054745, 0.00019099326164, 0.000163879332831, 0.000132019253215, 0.000102023041109, 0.000164876953932, 6.76819690852e-05, 1.4711447875e-05],
        "median": [1.05139879452e-05, 0.00145894638263, 5.75223821215e-05, 0.000128595609567, 0.000481363327708, 0.000430174404755, 0.000370826397557, 0.000414127309341, 0.000595950870775, 0.000812975107692, 0.00024101085728, 0.000227536162129, 0.000408420455642, 0.00019170489395, 0.000270956166787, 0.000112248555524, 0.00014320781338, 8.38566484163e-05, 7.71968116169e-05, 6.36849727016e-05, 5.63732101e-05, 5.18601009389e-05, 3.70753223251e-05, 2.80784370261e-05, 2.45523078775e-05, 1.21831872093e-05, 5.85331065395e-07],
        "min": [1.4506555471e-24, 3.4432065107e-23, 1.48487509071e-23, 7.90005463508e-24, 2.90067120967e-23, 3.0131375312e-23, 3.72939641187e-23, 1.7307134944e-23, 1.27001822088e-22, 9.50806539107e-23, 2.99854171119e-23, 1.61914218289e-22, 8.06861827554e-23, 8.7479751897e-23, 1.58875248403e-22, 1.3473686201e-22, 3.07390620041e-22, 3.65617819229e-22, 2.2582025674e-22, 3.62347769896e-22, 4.37614692803e-22, 6.15842125472e-22, 6.42094558117e-22, 8.37412832691e-22, 1.3377709723e-21, 1.52579320489e-21, 2.26110325312e-21],
        "var": [1.42803207837e-06, 0.000108726591861, 2.82810087811e-05, 4.85853070131e-06, 6.7305295488e-06, 3.65880873687e-06, 2.97870201393e-06, 4.3774552978e-06, 7.82065581006e-06, 1.82179428521e-05, 4.68500547868e-06, 1.80462382104e-06, 1.19060550787e-05, 2.1279813609e-06, 1.34627020998e-06, 9.78143361863e-07, 3.86175315725e-07, 3.43320522234e-07, 1.75644757405e-07, 2.10797097111e-07, 1.09618412125e-07, 9.7005838029e-08, 6.39281481085e-08, 3.28147251594e-08, 1.66718763239e-07, 2.64511470505e-08, 2.44837750074e-09]
    },
    "erbbands": {
        "dmean": [0.0955219715834, 0.595455050468, 1.88116180897, 2.34626746178, 2.80145072937, 3.91882562637, 3.90176963806, 7.48519897461, 9.07185935974, 8.24843978882, 15.4624481201, 20.6346855164, 31.3744926453, 38.3511276245, 16.9598445892, 21.3397502899, 47.1312294006, 24.769695282, 18.6038722992, 22.867389679, 12.2522792816, 11.7313289642, 11.2751979828, 8.73079490662, 8.47560024261, 8.19434261322, 6.17332792282, 4.43320322037, 3.9427626133, 3.69187235832, 2.53894066811, 1.50881540775, 1.2308216095, 0.973253726959, 0.958932816982, 0.241615623236, 0.0959988534451, 0.023828279227, 0.00200206181034, 3.85442072002e-05],
        "dmean2": [0.122577756643, 0.802135944366, 3.08646440506, 4.17084884644, 4.82672357559, 6.68733882904, 6.51819086075, 12.9272956848, 14.7572259903, 12.6360616684, 23.7385044098, 30.928358078, 47.5726318359, 58.1741638184, 27.6252365112, 34.2941932678, 71.8458938599, 39.2127418518, 29.570941925, 33.8042907715, 19.1860294342, 20.0722503662, 18.6329612732, 14.2850284576, 14.0721788406, 13.5831069946, 9.85364055634, 7.27888917923, 6.40471744537, 5.93359947205, 4.00870704651, 2.38554739952, 1.9637966156, 1.46446740627, 1.53671121597, 0.376140803099, 0.1466896981, 0.0365559831262, 0.00312757701613, 5.74549485464e-05],
        "dvar": [0.0514856651425, 2.17005038261, 38.8490142822, 73.9624404907, 58.9885292053, 131.932922363, 88.7769775391, 351.935974121, 392.218170166, 268.476257324, 870.537841797, 1967.2532959, 6134.25488281, 6773.61962891, 1404.95410156, 1811.65026855, 9846.203125, 2854.58178711, 1228.08435059, 2377.00170898, 900.489562988, 1250.05578613, 946.233215332, 414.756134033, 333.297851562, 333.474761963, 179.509933472, 98.46849823, 87.9295196533, 88.6267242432, 37.354549408, 10.6467132568, 7.57306432724, 4.76170778275, 11.7011995316, 0.456337958574, 0.0871928781271, 0.0055701835081, 4.93581974297e-05, 1.15802833989e-08],
        "dvar2": [0.0802585929632, 3.72605752945, 102.87928009, 209.067138672, 167.076171875, 359.238433838, 240.027694702, 1006.02825928, 1052.37878418, 561.826293945, 1886.00170898, 4106.72265625, 13184.0986328, 14653.6025391, 3360.92773438, 4465.28222656, 21952.7382812, 6417.5078125, 2882.95947266, 4344.91064453, 2038.76062012, 3462.61108398, 2387.64697266, 1023.78100586, 838.953857422, 876.709289551, 431.809051514, 249.484741211, 214.595077515, 218.863708496, 91.3672409058, 26.389213562, 18.937582016, 10.6511659622, 29.0612258911, 1.11103010178, 0.211232662201, 0.0133005138487, 0.000116832794447, 2.68482498456e-08],
        "max": [3.70664000511, 13.8657512665, 50.8156547546, 67.6945800781, 82.268409729, 202.601211548, 131.607437134, 192.530883789, 243.68586731, 820.672241211, 476.244812012, 1256.27246094, 1750.44921875, 2124.49731445, 730.829345703, 750.056091309, 1662.64868164, 1040.9954834, 659.337219238, 919.406921387, 655.424865723, 860.222412109, 658.115966797, 301.826477051, 211.604110718, 272.566894531, 248.801345825, 185.868667603, 130.965652466, 186.512634277, 83.113494873, 39.1634216309, 31.8635501862, 40.7322692871, 61.7778358459, 17.765007019, 4.80623626709, 0.92257475853, 0.126147478819, 0.00168548722286],
        "mean": [0.299371242523, 1.23449480534, 2.22612023354, 2.21977448463, 3.64316129684, 5.20990610123, 5.76767110825, 10.7043142319, 15.9103145599, 16.5752372742, 30.642616272, 43.0126686096, 52.7202606201, 64.1839752197, 27.041683197, 33.5537872314, 85.1898193359, 42.9534988403, 31.6439876556, 38.8524932861, 18.1634483337, 15.8603830338, 15.3872480392, 11.9787330627, 11.5734186172, 10.8984241486, 9.54349040985, 6.30165147781, 5.55327558517, 5.13017749786, 3.79375529289, 2.12399721146, 1.77486121655, 1.61572098732, 1.29242241383, 0.35341706872, 0.125609233975, 0.02945378609, 0.00238723470829, 7.14445486665e-05],
        "median": [0.0184652321041, 0.34946089983, 0.168216720223, 0.342689752579, 1.16695189476, 1.46776223183, 2.42489147186, 3.85781002045, 5.16919136047, 6.38140821457, 13.7366104126, 17.4159851074, 18.6736888885, 23.0173435211, 11.1787414551, 14.1958274841, 21.7570915222, 13.7001647949, 13.9678440094, 12.5699739456, 6.48107051849, 7.04915046692, 6.14697933197, 4.28415584564, 3.70682239532, 3.27681541443, 2.58873820305, 1.92252206802, 1.78656005859, 1.50409650803, 1.05392336845, 0.596091628075, 0.441748470068, 0.292911350727, 0.148639976978, 0.0620651952922, 0.0195994153619, 0.00302986940369, 0.000113849542686, 3.45295993611e-05],
        "min": [7.04397101093e-22, 8.65648711563e-21, 1.8126947419e-20, 1.9916538134e-20, 1.02631633171e-19, 4.29017450883e-20, 2.08588403158e-19, 2.60840394327e-19, 5.2852493274e-19, 4.70926847424e-19, 3.70056023282e-19, 1.67524805256e-18, 4.66084552797e-18, 1.89176599002e-18, 3.79590494764e-18, 5.09779955065e-18, 4.00174884307e-18, 4.59477406295e-18, 4.59388980688e-18, 1.09905097438e-17, 9.20666993741e-18, 1.68247246192e-17, 1.84129477912e-17, 1.31464013276e-17, 1.40461289886e-17, 1.93847741687e-17, 1.24032721915e-17, 2.13322865486e-17, 2.33420707393e-17, 2.1239683679e-17, 1.85228982926e-17, 1.50910251928e-17, 1.49080793111e-17, 1.3865840011e-17, 9.67890652193e-18, 4.9938423864e-18, 3.06521143802e-18, 1.20373680203e-18, 3.44440953898e-19, 3.48036339667e-20],
        "var": [0.180795639753, 4.67290115356, 32.9117240906, 46.0045585632, 47.0192146301, 123.988616943, 88.7643508911, 342.60546875, 683.10345459, 1031.41711426, 2191.40039062, 5658.23828125, 11250.9785156, 15290.4853516, 2341.69067383, 3072.24243164, 24971.6132812, 6531.11621094, 2344.12304688, 5971.99902344, 1455.86657715, 1143.80041504, 1192.79638672, 498.929412842, 413.497344971, 423.655578613, 341.141540527, 128.718688965, 104.319358826, 101.135749817, 54.2832756042, 13.8287477493, 10.2684774399, 11.1335754395, 16.5410728455, 0.709306180477, 0.113441713154, 0.00715786358342, 7.04944104655e-05, 1.87998150381e-08]
    },
    "gfcc": {
        "mean": [-30.8346061707, 70.1052398682, -137.813674927, 3.60085749626, -66.0805282593, 16.0913524628, -35.5666465759, 10.0935668945, -21.7760047913, 6.04037094116, -16.3839797974, 0.0946796908975, -7.79775094986],
        "cov": [[20175.0371094, -327.919006348, 1701.71948242, 1330.51708984, 891.200744629, 951.470947266, 549.311706543, 685.319091797, 84.2329559326, 906.393981934, -149.891586304, 532.571228027, -649.880859375], [-327.919006348, 2677.40356445, 1040.38232422, 462.438812256, 548.510192871, -103.5519104, 89.8856658936, -212.385299683, 117.073959351, -191.794723511, 20.8562107086, -130.512237549, 66.7945251465], [1701.71948242, 1040.38232422, 2052.53857422, 736.294189453, 742.925292969, 269.082092285, 196.820404053, 182.344329834, 83.1494140625, 168.184738159, 7.55226516724, 196.243804932, -119.585655212], [1330.51708984, 462.438812256, 736.294189453, 657.54119873, 422.795471191, 264.42401123, 240.401306152, 129.651412964, 102.902839661, 125.792671204, 53.5908966064, 81.5336456299, -54.6368179321], [891.200744629, 548.510192871, 742.925292969, 422.795471191, 647.597351074, 287.972381592, 298.987335205, 153.058288574, 143.079177856, 138.334609985, 57.9684066772, 91.2011032104, -72.1126403809], [951.470947266, -103.5519104, 269.082092285, 264.42401123, 287.972381592, 360.169006348, 243.641815186, 184.881286621, 114.360359192, 151.306137085, 77.4839630127, 94.0031890869, -47.3399848938], [549.311706543, 89.8856658936, 196.820404053, 240.401306152, 298.987335205, 243.641815186, 351.253295898, 181.044967651, 164.352767944, 125.656257629, 74.3712844849, 68.3949203491, -22.4177322388], [685.319091797, -212.385299683, 182.344329834, 129.651412964, 153.058288574, 184.881286621, 181.044967651, 275.878631592, 141.167709351, 150.948989868, 57.2262802124, 107.725814819, -3.40764260292], [84.2329559326, 117.073959351, 83.1494140625, 102.902839661, 143.079177856, 114.360359192, 164.352767944, 141.167709351, 247.276748657, 103.463600159, 96.3028488159, 56.8663291931, 15.9474163055], [906.393981934, -191.794723511, 168.184738159, 125.792671204, 138.334609985, 151.306137085, 125.656257629, 150.948989868, 103.463600159, 245.695465088, 90.534576416, 96.8404159546, -48.0499801636], [-149.891586304, 20.8562107086, 7.55226516724, 53.5908966064, 57.9684066772, 77.4839630127, 74.3712844849, 57.2262802124, 96.3028488159, 90.534576416, 148.766403198, 56.546749115, 11.3685979843], [532.571228027, -130.512237549, 196.243804932, 81.5336456299, 91.2011032104, 94.0031890869, 68.3949203491, 107.725814819, 56.8663291931, 96.8404159546, 56.546749115, 158.099639893, 6.24628019333], [-649.880859375, 66.7945251465, -119.585655212, -54.6368179321, -72.1126403809, -47.3399848938, -22.4177322388, -3.40764260292, 15.9474163055, -48.0499801636, 11.3685979843, 6.24628019333, 149.096893311]],
        "icov": [[9.23292172956e-05, -8.85567933437e-05, 7.33176420908e-05, -0.000137123483, 0.000112403111416, -0.000162743177498, 7.09492087481e-05, -0.000102002486528, 8.54142126627e-05, -0.000330616516294, 0.000443573546363, -0.000333428062731, 0.000326162582496], [-8.85567933437e-05, 0.00119379826356, -0.000588194059674, -0.000176495261258, -0.000975842238404, 0.00110133585986, -0.000307817186695, 0.00112899509259, -0.00091599021107, 0.0011037113145, -0.00120208074804, 0.00150442076847, -0.00111772969831], [7.33176420908e-05, -0.000588194059674, 0.00162331876345, -0.000990738742985, -0.000845346890856, -3.03408323816e-05, 0.00118544802535, -0.00100508751348, 0.000544915150385, -0.000559852807783, 0.0011953007197, -0.00187927531078, 0.00100768648554], [-0.000137123483, -0.000176495261258, -0.000990738742985, 0.00391421001405, -0.000247143296292, -0.00131156609859, -0.00113530422095, 0.000516628730111, 0.000162557887961, 1.93838113773e-05, -0.000699459225871, 0.000791044847574, -0.000564703252167], [0.000112403111416, -0.000975842238404, -0.000845346890856, -0.000247143296292, 0.00583534641191, -0.00233267038129, -0.00237220549025, 0.00023312146368, 2.15158361243e-05, -0.00105564459227, 0.00131835020147, -0.00101071607787, 0.00148817489389], [-0.000162743177498, 0.00110133585986, -3.03408323816e-05, -0.00131156609859, -0.00233267038129, 0.0086876610294, -0.00250585167669, -0.00133165041916, 0.000434776913607, 0.0007105441764, -0.00266975001432, 0.000711263739504, -0.000128459796542], [7.09492087481e-05, -0.000307817186695, 0.00118544802535, -0.00113530422095, -0.00237220549025, -0.00250585167669, 0.00882985722274, -0.00251052086242, -0.00187489949167, -0.000108157582872, 0.000526555406395, -9.49844907154e-05, 0.000438705144916], [-0.000102002486528, 0.00112899509259, -0.00100508751348, 0.000516628730111, 0.00023312146368, -0.00133165041916, -0.00251052086242, 0.0105981435627, -0.00367366219871, -0.00182808958925, 0.00151793868281, -0.00123323930893, -0.00227281730622], [8.54142126627e-05, -0.00091599021107, 0.000544915150385, 0.000162557887961, 2.15158361243e-05, 0.000434776913607, -0.00187489949167, -0.00367366219871, 0.00896345637739, -0.00124776433222, -0.00269683310762, -0.000252681376878, -8.27598414617e-05], [-0.000330616516294, 0.0011037113145, -0.000559852807783, 1.93838113773e-05, -0.00105564459227, 0.0007105441764, -0.000108157582872, -0.00182808958925, -0.00124776433222, 0.0106198014691, -0.00542772887275, 2.45247047133e-05, 0.00124828587286], [0.000443573546363, -0.00120208074804, 0.0011953007197, -0.000699459225871, 0.00131835020147, -0.00266975001432, 0.000526555406395, 0.00151793868281, -0.00269683310762, -0.00542772887275, 0.0144295059144, -0.00493959803134, 0.000724117271602], [-0.000333428062731, 0.00150442076847, -0.00187927531078, 0.000791044847574, -0.00101071607787, 0.000711263739504, -9.49844907154e-05, -0.00123323930893, -0.000252681376878, 2.45247047133e-05, -0.00493959803134, 0.0136496070772, -0.00381047977135], [0.000326162582496, -0.00111772969831, 0.00100768648554, -0.000564703252167, 0.00148817489389, -0.000128459796542, 0.000438705144916, -0.00227281730622, -8.27598414617e-05, 0.00124828587286, 0.000724117271602, -0.00381047977135, 0.0104393195361]]
    },
    "melbands": {
        "dmean": [0.000761301489547, 0.00086252624169, 0.000416004506405, 0.000232079066336, 0.000146090373164, 0.000164288561791, 0.000135310299811, 9.22236504266e-05, 0.000137393726618, 0.000119349439046, 0.000163236734807, 0.000166552781593, 6.38997225906e-05, 5.12991828145e-05, 8.42048902996e-05, 9.62303893175e-05, 4.56001180282e-05, 3.04759651044e-05, 3.18979109579e-05, 2.92313943646e-05, 1.27826779135e-05, 1.20272188724e-05, 1.34400706884e-05, 9.24912728806e-06, 7.05380261934e-06, 7.09742425897e-06, 5.53231757294e-06, 5.84759482081e-06, 4.46061812909e-06, 3.08736480292e-06, 2.5751553494e-06, 2.26379438573e-06, 2.5190327051e-06, 1.93577693608e-06, 1.724327376e-06, 1.01626164906e-06, 9.33750698096e-07, 8.64712831117e-07, 8.95427433534e-07, 8.51485026487e-07],
        "dmean2": [0.00101101293694, 0.0012902256567, 0.000722819007933, 0.00039576285053, 0.000245106522925, 0.000282148539554, 0.00021821129485, 0.000142159697134, 0.00021020245913, 0.0001805487409, 0.000247589923674, 0.000253202044405, 0.000103273407149, 8.42671433929e-05, 0.000130951419123, 0.000146654987475, 7.2787181125e-05, 4.82833493152e-05, 4.95532185596e-05, 4.16537877754e-05, 2.09708323382e-05, 2.06770746445e-05, 2.26725114771e-05, 1.52791144501e-05, 1.16644441732e-05, 1.17367117127e-05, 9.34961190069e-06, 9.74536305876e-06, 7.15656506145e-06, 5.087021691e-06, 4.29292413173e-06, 3.6966771404e-06, 4.13526231569e-06, 3.13233886118e-06, 2.74421904578e-06, 1.63772017459e-06, 1.49210325162e-06, 1.39890460105e-06, 1.40628196732e-06, 1.31133185732e-06],
        "dvar": [3.19111541103e-06, 5.93270715399e-06, 1.93594678422e-06, 4.10717944987e-07, 1.2161777363e-07, 1.67392357753e-07, 8.40232843302e-08, 3.34859500128e-08, 6.26118321634e-08, 5.97963634164e-08, 1.75468969132e-07, 1.35076120955e-07, 2.137594457e-08, 1.49484087331e-08, 2.9287312131e-08, 5.61048523195e-08, 1.14349649749e-08, 4.00879285323e-09, 4.28413171605e-09, 4.7296242478e-09, 1.18660492543e-09, 1.13125597778e-09, 2.30049490568e-09, 5.7161575473e-10, 2.93325613798e-10, 2.34935515486e-10, 1.57360666164e-10, 2.03526723253e-10, 1.3073458982e-10, 4.68970140499e-11, 3.27733985783e-11, 3.12637346567e-11, 4.14946479954e-11, 2.51415555041e-11, 2.14295595158e-11, 5.13088356524e-12, 3.9988238415e-12, 4.06748506404e-12, 3.87961798104e-12, 4.1002518221e-12],
        "dvar2": [4.56450925412e-06, 1.43654760905e-05, 5.39431721336e-06, 1.11563633709e-06, 3.23671429214e-07, 4.77936794141e-07, 2.23604985194e-07, 6.76324845017e-08, 1.36891827651e-07, 1.25771492776e-07, 3.78835068204e-07, 2.96634397046e-07, 4.88336837634e-08, 3.66322261414e-08, 6.62031425236e-08, 1.22714979511e-07, 2.49592435608e-08, 8.88606344063e-09, 9.63026014489e-09, 8.26045543079e-09, 3.03303915317e-09, 3.10374081991e-09, 6.29857188628e-09, 1.32786404095e-09, 7.32532701164e-10, 5.87204285196e-10, 4.09397710177e-10, 5.47657308392e-10, 3.20218185301e-10, 1.15476808671e-10, 8.32088911662e-11, 7.72698849349e-11, 1.02238835453e-10, 6.25024754175e-11, 5.24157557635e-11, 1.30437995474e-11, 1.00073022785e-11, 1.02015956446e-11, 9.52821762462e-12, 9.37924911348e-12],
        "max": [0.0278517659754, 0.021529071033, 0.0112038962543, 0.010009652935, 0.00394519604743, 0.00420194678009, 0.00337217072956, 0.0101175550371, 0.00436158571392, 0.00680691888556, 0.00951198581606, 0.00951537955552, 0.00343974819407, 0.00400048447773, 0.00333143863827, 0.00506278313696, 0.00238098553382, 0.00150534149725, 0.00117085024249, 0.00181278062519, 0.000944173836615, 0.000653538503684, 0.00144006824121, 0.000656267278828, 0.000288729788736, 0.000164148004842, 0.000173822554643, 0.000234116538195, 0.000271700293524, 0.000140076532261, 0.000104624479718, 9.28744775592e-05, 0.000126021768665, 9.21697210288e-05, 7.322543388e-05, 3.13540949719e-05, 2.53457110375e-05, 2.37391359406e-05, 3.21822699334e-05, 3.76016250812e-05],
        "mean": [0.00225900067016, 0.0013284641318, 0.000444175617304, 0.000318697944749, 0.000218406421482, 0.00023792347929, 0.000241405068664, 0.000184331554919, 0.000278969557257, 0.000239872475504, 0.000263386551524, 0.00027012033388, 0.0001002989884, 6.94185582688e-05, 0.000135504073114, 0.000177711830474, 6.95172784617e-05, 4.83995754621e-05, 5.10862882948e-05, 4.50207226095e-05, 1.6810170564e-05, 1.54114222823e-05, 1.79785693035e-05, 1.1696747606e-05, 9.17123361432e-06, 9.30598798732e-06, 6.85043778503e-06, 7.41985013519e-06, 6.61752119413e-06, 4.28637531513e-06, 3.45616786035e-06, 3.02570333588e-06, 3.32688364324e-06, 2.64464961219e-06, 2.5292367809e-06, 1.38376321956e-06, 1.24936366319e-06, 1.15169757464e-06, 1.36906771786e-06, 1.35664765821e-06],
        "median": [0.000309224065859, 0.000258863554336, 8.97697464097e-05, 0.000109462816908, 8.8918779511e-05, 8.74796460266e-05, 7.9552832176e-05, 7.27539736545e-05, 0.000120471966511, 9.49762033997e-05, 8.50083306432e-05, 9.10141097847e-05, 3.35075965268e-05, 2.64344798779e-05, 4.51565210824e-05, 3.30999137077e-05, 1.92921215785e-05, 1.93683590624e-05, 1.80337810889e-05, 1.1232320503e-05, 6.28987709206e-06, 6.86388193571e-06, 6.65568222757e-06, 3.89902379538e-06, 2.91812648356e-06, 2.78085212813e-06, 1.93223468159e-06, 2.09054951483e-06, 1.6336346107e-06, 1.20147183225e-06, 1.03187073819e-06, 9.21270043364e-07, 9.79770902632e-07, 7.16698707492e-07, 6.43828116154e-07, 3.65790924661e-07, 3.44094303273e-07, 2.85127356392e-07, 2.67109157903e-07, 2.24340169552e-07],
        "min": [8.27241197071e-24, 1.07452329511e-23, 6.60818958985e-24, 4.89979454818e-24, 5.96584263727e-24, 6.34235805872e-24, 7.31015864966e-24, 4.85470523099e-24, 2.68306325843e-24, 1.49905518102e-23, 2.39589205374e-23, 8.15133365467e-24, 8.48759665957e-24, 1.80827208979e-23, 1.09006085727e-23, 7.61234207459e-24, 8.45352654594e-24, 6.48994801763e-24, 1.21777964663e-23, 1.29941602182e-23, 1.03607894775e-23, 1.66162900063e-23, 1.95245330184e-23, 1.67593152215e-23, 9.69328614508e-24, 9.02908656213e-24, 1.32954616966e-23, 1.17734823754e-23, 7.34660402348e-24, 8.38821517387e-24, 1.3138197542e-23, 1.12793170274e-23, 1.50784561586e-23, 1.09027211422e-23, 1.02731462421e-23, 1.16973762307e-23, 7.65716120692e-24, 9.20273299117e-24, 1.33148992293e-23, 1.0770499377e-23],
        "var": [1.02053800219e-05, 7.24263372831e-06, 1.29134468807e-06, 3.7212922166e-07, 1.26312031057e-07, 1.65507799466e-07, 1.51921454972e-07, 1.39541114663e-07, 1.67930565453e-07, 1.69811400497e-07, 3.09131479526e-07, 2.84356389102e-07, 4.1144872398e-08, 1.9897116843e-08, 6.08297199278e-08, 1.59103464625e-07, 2.4047627889e-08, 7.38244843035e-09, 8.40027070126e-09, 1.07465316646e-08, 1.3543544064e-09, 1.01025776633e-09, 2.52293252956e-09, 7.05270897239e-10, 3.33758881643e-10, 2.87808915589e-10, 1.72514197372e-10, 2.42191516842e-10, 2.1900138647e-10, 6.86979570452e-11, 4.08212179337e-11, 3.47638515197e-11, 4.6687459454e-11, 2.90953251075e-11, 3.03357408638e-11, 6.20850723262e-12, 5.02866628546e-12, 4.80284778961e-12, 7.15827353989e-12, 8.96806153644e-12]
    },
    "mfcc": {
        "mean": [-666.826293945, 109.508590698, -18.0171031952, -4.90981626511, -10.0321846008, -0.207346320152, -3.79911971092, -0.569827795029, 1.08012700081, 3.54273891449, -0.499550431967, -2.08719348907, -1.74176383018],
        "cov": [[12043.5644531, 102.504440308, 697.87713623, 607.287231445, 535.34375, 769.039733887, 614.867919922, 453.706054688, 309.552276611, 318.454437256, 770.548217773, 381.35055542, 288.151275635], [102.504440308, 2172.47290039, 685.919616699, 626.875671387, 467.506896973, 231.307540894, 40.4471626282, 45.8594665527, 28.6468429565, 33.2948989868, 4.16719198227, -12.4724636078, -34.9640884399], [697.87713623, 685.919616699, 1142.63708496, 589.839416504, 502.3722229, 257.70703125, 163.19593811, 151.446044922, 97.3074264526, 1.13635468483, 157.804138184, 80.5135498047, 57.5827789307], [607.287231445, 626.875671387, 589.839416504, 592.007202148, 365.721221924, 284.761322021, 182.869903564, 160.933868408, 103.044967651, 72.8488235474, 136.440078735, 94.9433898926, 47.9212646484], [535.34375, 467.506896973, 502.3722229, 365.721221924, 438.905517578, 251.201644897, 178.086196899, 156.761810303, 104.344764709, 59.1830978394, 149.598449707, 84.5925140381, 72.1838302612], [769.039733887, 231.307540894, 257.70703125, 284.761322021, 251.201644897, 357.847991943, 224.297439575, 180.079208374, 97.2748336792, 108.376754761, 172.435119629, 113.621864319, 72.965423584], [614.867919922, 40.4471626282, 163.19593811, 182.869903564, 178.086196899, 224.297439575, 271.505187988, 158.290557861, 104.181419373, 88.485244751, 133.718429565, 86.9320297241, 69.0216903687], [453.706054688, 45.8594665527, 151.446044922, 160.933868408, 156.761810303, 180.079208374, 158.290557861, 264.561187744, 142.831115723, 99.4825210571, 149.177383423, 94.4919967651, 61.7012481689], [309.552276611, 28.6468429565, 97.3074264526, 103.044967651, 104.344764709, 97.2748336792, 104.181419373, 142.831115723, 193.127746582, 92.8502578735, 110.067108154, 65.6239929199, 54.6938819885], [318.454437256, 33.2948989868, 1.13635468483, 72.8488235474, 59.1830978394, 108.376754761, 88.485244751, 99.4825210571, 92.8502578735, 165.115280151, 125.119812012, 82.4511566162, 38.3377227783], [770.548217773, 4.16719198227, 157.804138184, 136.440078735, 149.598449707, 172.435119629, 133.718429565, 149.177383423, 110.067108154, 125.119812012, 300.188934326, 167.512466431, 100.883178711], [381.35055542, -12.4724636078, 80.5135498047, 94.9433898926, 84.5925140381, 113.621864319, 86.9320297241, 94.4919967651, 65.6239929199, 82.4511566162, 167.512466431, 193.330703735, 100.398033142], [288.151275635, -34.9640884399, 57.5827789307, 47.9212646484, 72.1838302612, 72.965423584, 69.0216903687, 61.7012481689, 54.6938819885, 38.3377227783, 100.883178711, 100.398033142, 140.630950928]],
