{
"lowlevel": {
    "average_loudness": 0.949470162392,
    "barkbands_crest": {
        "dmean": 2.5130443573,
        "dmean2": 3.83718085289,
        "dvar": 6.26542043686,
        "dvar2": 13.165927887,
        "max": 26.1590251923,
        "mean": 12.3676700592,
        "median": 10.7877845764,
        "min": 1.67173886299,
        "var": 31.1789722443
    },
    "barkbands_flatness_db": {
        "dmean": 0.02435034886,
        "dmean2": 0.0364907048643,
        "dvar": 0.000736375106499,
        "dvar2": 0.00173297373112,
        "max": 0.423053234816,
        "mean": 0.163363933563,
        "median": 0.155604094267,
        "min": 0.0091653065756,
        "var": 0.00485245184973
    },
    "barkbands_kurtosis": {
        "dmean": 3.84077334404,
        "dmean2": 5.98322820663,
        "dvar": 30.4023952484,
        "dvar2": 73.651802063,
        "max": 109.602340698,
        "mean": 7.2378115654,
        "median": 4.61440849304,
        "min": -1.77074491978,
        "var": 76.7428283691
    },
    "barkbands_skewness": {
        "dmean": 0.599573493004,
        "dmean2": 0.920578360558,
        "dvar": 0.379688829184,
        "dvar2": 0.877136409283,
        "max": 9.19432258606,
        "mean": 1.95141196251,
        "median": 1.83673715591,
        "min": -7.5934472084,
        "var": 1.84775316715
    },
    "barkbands_spread": {
        "dmean": 5.27847003937,
        "dmean2": 8.28575134277,
        "dvar": 57.6972503662,
        "dvar2": 147.49017334,
        "max": 92.3111343384,
        "mean": 14.8201875687,
        "median": 11.5713195801,
        "min": 0.953738212585,
        "var": 118.972732544
    },
    "dissonance": {
        "dmean": 0.0228494871408,
        "dmean2": 0.0381823666394,
        "dvar": 0.000456711859442,
        "dvar2": 0.00124456093181,
        "max": 0.499999910593,
        "mean": 0.441099762917,
        "median": 0.447085857391,
        "min": 0.205385699868,
        "var": 0.00126279366668
    },
    "dynamic_complexity": 1.67250823975,
    "erbbands_crest": {
        "dmean": 2.66995930672,
        "dmean2": 4.24086618423,
        "dvar": 6.57343053818,
        "dvar2": 15.281334877,
        "max": 33.520614624,
        "mean": 11.3141746521,
        "median": 10.3043003082,
        "min": 2.17896986008,
        "var": 27.4849319458
    },
    "erbbands_flatness_db": {
        "dmean": 0.0198616795242,
        "dmean2": 0.0281868223101,
        "dvar": 0.000588261114899,
        "dvar2": 0.00105425040238,
        "max": 0.498456805944,
        "mean": 0.175760984421,
        "median": 0.159695312381,
        "min": 0.0445195436478,
        "var": 0.00653267279267
    },
    "erbbands_kurtosis": {
        "dmean": 1.27978813648,
        "dmean2": 2.02011013031,
        "dvar": 6.86207866669,
        "dvar2": 14.4345788956,
        "max": 121.163780212,
        "mean": 1.55277705193,
        "median": 0.733979105949,
        "min": -1.62864136696,
        "var": 16.927728653
    },
    "erbbands_skewness": {
        "dmean": 0.354168951511,
        "dmean2": 0.559448182583,
        "dvar": 0.13377431035,
        "dvar2": 0.321880757809,
        "max": 4.91937971115,
        "mean": 0.863062441349,
        "median": 0.835461199284,
        "min": -7.77184152603,
        "var": 0.624704837799
    },
    "erbbands_spread": {
        "dmean": 7.74377202988,
        "dmean2": 10.9859981537,
        "dvar": 95.4723892212,
        "dvar2": 172.664031982,
        "max": 121.094268799,
        "mean": 32.1249809265,
        "median": 26.929977417,
        "min": 0.454372882843,
        "var": 387.595123291
    },
    "hfc": {
        "dmean": 8.86465263367,
        "dmean2": 14.0724782944,
        "dvar": 214.305603027,
        "dvar2": 567.400512695,
        "max": 271.923858643,
        "mean": 25.4321727753,
        "median": 21.5422058105,
        "min": 1.1945905502e-16,
        "var": 308.070068359
    },
    "melbands_crest": {
        "dmean": 3.15148091316,
        "dmean2": 4.71532344818,
        "dvar": 9.44329738617,
        "dvar2": 19.2500190735,
        "max": 34.4947166443,
        "mean": 16.5235176086,
        "median": 14.5654392242,
        "min": 1.04290556908,
        "var": 55.0576019287
    },
    "melbands_flatness_db": {
        "dmean": 0.0277845431119,
        "dmean2": 0.0414926670492,
        "dvar": 0.00110887072515,
        "dvar2": 0.0026698037982,
        "max": 0.540306866169,
        "mean": 0.236736625433,
        "median": 0.231153607368,
        "min": 2.98310969811e-05,
        "var": 0.0056720757857
    },
    "melbands_kurtosis": {
        "dmean": 7.81534051895,
        "dmean2": 12.2113103867,
        "dvar": 165.249771118,
        "dvar2": 396.905487061,
        "max": 219.756973267,
        "mean": 16.1868839264,
        "median": 9.80235099792,
        "min": -1.93407535553,
        "var": 394.077484131
    },
    "melbands_skewness": {
        "dmean": 0.767761826515,
        "dmean2": 1.13681697845,
        "dvar": 0.681859016418,
        "dvar2": 1.43306064606,
        "max": 12.8429527283,
        "mean": 2.64566063881,
        "median": 2.32463026047,
        "min": -4.64199542999,
        "var": 3.4802069664
    },
    "melbands_spread": {
        "dmean": 4.77733898163,
        "dmean2": 7.7976565361,
        "dvar": 54.277141571,
        "dvar2": 143.895721436,
        "max": 138.827606201,
        "mean": 14.5665512085,
        "median": 11.9425296783,
        "min": 0.80045324564,
        "var": 129.092712402
    },
    "pitch_salience": {
        "dmean": 0.0694902166724,
        "dmean2": 0.10604865849,
        "dvar": 0.00498559465632,
        "dvar2": 0.0116253849119,
        "max": 0.997546672821,
        "mean": 0.495155990124,
        "median": 0.515454292297,
        "min": 0.0695928931236,
        "var": 0.0216671396047
    },
    "silence_rate_20dB": {
        "dmean": 0,
        "dmean2": 0,
        "dvar": 0,
        "dvar2": 0,
        "max": 1,
        "mean": 1,
        "median": 1,
        "min": 1,
        "var": 0
    },
    "silence_rate_30dB": {
        "dmean": 0.0232108309865,
        "dmean2": 0.0464276485145,
        "dvar": 0.0226701684296,
        "dvar2": 0.0553689934313,
        "max": 1,
        "mean": 0.973182082176,
        "median": 1,
        "min": 0,
        "var": 0.0260975956917
    },
    "silence_rate_60dB": {
        "dmean": 0.00103159248829,
        "dmean2": 0.002063451102,
        "dvar": 0.00103043124545,
        "dvar2": 0.00257466663606,
        "max": 1,
        "mean": 0.0183084066957,
        "median": 0,
        "min": 0,
        "var": 0.0179736036807
    },
    "spectral_centroid": {
        "dmean": 183.709655762,
        "dmean2": 303.561096191,
        "dvar": 85731.65625,
        "dvar2": 222269.3125,
        "max": 11716.5361328,
        "mean": 973.302246094,
        "median": 851.739807129,
        "min": 309.287811279,
        "var": 233742.21875
    },
    "spectral_complexity": {
        "dmean": 3.41560292244,
        "dmean2": 5.67010593414,
        "dvar": 19.9007778168,
        "dvar2": 50.9932060242,
        "max": 53,
        "mean": 17.553894043,
        "median": 17,
        "min": 0,
        "var": 39.477268219
    },
    "spectral_decrease": {
        "dmean": 2.96682478584e-09,
        "dmean2": 4.51198722828e-09,
        "dvar": 1.16964016903e-17,
        "dvar2": 2.79511674346e-17,
        "max": 1.24488989492e-29,
        "mean": -1.11100106892e-08,
        "median": -9.67672875163e-09,
        "min": -4.94271112927e-08,
        "var": 4.2085741883e-17
    },
    "spectral_energy": {
        "dmean": 0.0115804746747,
        "dmean2": 0.0175920668989,
        "dvar": 0.00016842065088,
        "dvar2": 0.000403226789786,
        "max": 0.187813282013,
        "mean": 0.0442385040224,
        "median": 0.0391051582992,
        "min": 1.07883019986e-20,
        "var": 0.000602051964961
    },
    "spectral_energyband_high": {
        "dmean": 0.000625497545116,
        "dmean2": 0.000998965813778,
        "dvar": 2.00165641218e-06,
        "dvar2": 5.29740600541e-06,
        "max": 0.0283524058759,
        "mean": 0.000940995290875,
        "median": 0.000282238790533,
        "min": 8.18348763148e-21,
        "var": 2.82819337372e-06
    },
    "spectral_energyband_low": {
        "dmean": 0.00809536781162,
        "dmean2": 0.0120406150818,
        "dvar": 0.000182187563041,
        "dvar2": 0.000405913917348,
        "max": 0.182816535234,
        "mean": 0.0173470508307,
        "median": 0.00469289533794,
        "min": 3.97792199135e-23,
        "var": 0.00074624462286
    },
    "spectral_energyband_middle_high": {
        "dmean": 0.00214411877096,
        "dmean2": 0.00341515941545,
        "dvar": 7.807363545e-06,
        "dvar2": 1.90325299627e-05,
        "max": 0.0467782467604,
        "mean": 0.00550547754392,
        "median": 0.00420007109642,
        "min": 1.25405447819e-21,
        "var": 1.9322422304e-05
    },
    "spectral_energyband_middle_low": {
        "dmean": 0.00559997698292,
        "dmean2": 0.00835863128304,
        "dvar": 4.42087111878e-05,
        "dvar2": 0.000100331650174,
        "max": 0.110489279032,
        "mean": 0.0215252768248,
        "median": 0.0193481389433,
        "min": 3.69767631487e-22,
        "var": 0.000210215337574
    },
    "spectral_entropy": {
        "dmean": 0.186717301607,
        "dmean2": 0.282457172871,
        "dvar": 0.0607486106455,
        "dvar2": 0.134398669004,
        "max": 9.79448890686,
        "mean": 7.31808948517,
        "median": 7.38459205627,
        "min": 5.40092802048,
        "var": 0.379979342222
    },
    "spectral_flux": {
        "dmean": 0.0279705040157,
        "dmean2": 0.0439148657024,
        "dvar": 0.000985199818388,
        "dvar2": 0.00204412499443,
        "max": 0.354201823473,
        "mean": 0.0849270373583,
        "median": 0.0733922794461,
        "min": 1.03866748535e-10,
        "var": 0.00195074104704
    },
    "spectral_kurtosis": {
        "dmean": 2.95838952065,
        "dmean2": 5.01301288605,
        "dvar": 19.3955554962,
        "dvar2": 59.3136482239,
        "max": 76.0353012085,
        "mean": 7.49179983139,
        "median": 5.00375175476,
        "min": -1.18583095074,
        "var": 48.4248199463
    },
    "spectral_rms": {
        "dmean": 0.000829738564789,
        "dmean2": 0.00125573202968,
        "dvar": 6.51240554816e-07,
        "dvar2": 1.54266103891e-06,
        "max": 0.0135363386944,
        "mean": 0.00631555588916,
        "median": 0.0061766798608,
        "min": 3.2442520892e-12,
        "var": 3.2733930766e-06
    },
    "spectral_rolloff": {
        "dmean": 373.314605713,
        "dmean2": 653.059692383,
        "dvar": 693345.625,
        "dvar2": 1791080.75,
        "max": 18647.7539062,
        "mean": 970.237060547,
        "median": 710.595703125,
        "min": 64.599609375,
        "var": 1242379.25
    },
    "spectral_skewness": {
        "dmean": 0.302389442921,
        "dmean2": 0.499294817448,
        "dvar": 0.131781980395,
        "dvar2": 0.379732489586,
        "max": 6.1875038147,
        "mean": 1.96763503551,
        "median": 1.82840895653,
        "min": -0.0192820373923,
        "var": 0.423684686422
    },
    "spectral_spread": {
        "dmean": 664440.4375,
        "dmean2": 850142.3125,
        "dvar": 937236234240,
        "dvar2": 1.39181804749e+12,
        "max": 39776160,
        "mean": 4768376,
        "median": 4625544.5,
        "min": 1045481.125,
        "var": 4.93475069952e+12
    },
    "spectral_strongpeak": {
        "dmean": 0.561053693295,
        "dmean2": 0.917049944401,
        "dvar": 0.710837960243,
        "dvar2": 1.60273218155,
        "max": 18.9001064301,
        "mean": 1.58661365509,
        "median": 1.23745703697,
        "min": 0,
        "var": 2.05070567131
    },
    "zerocrossingrate": {
        "dmean": 0.0109329037368,
        "dmean2": 0.0124226454645,
        "dvar": 0.00020949060854,
        "dvar2": 0.000237054322497,
        "max": 0.8779296875,
        "mean": 0.0507566966116,
        "median": 0.04150390625,
        "min": 0.00244140625,
        "var": 0.00143433024641
    },
    "barkbands": {
        "dmean": [0.000309471070068, 0.00635114032775, 0.00237092096359, 0.000885358953383, 0.00180366972927, 0.0017749016406, 0.00206920690835, 0.0012126932852, 0.000847460643854, 0.00104680121876, 0.000482036499307, 0.000427470222348, 0.000425006262958, 0.000287427334115, 0.000355672091246, 0.000138466741191, 0.000158302398631, 9.92760906229e-05, 0.000155731875566, 0.000104712729808, 0.000104743856355, 0.000102193669591, 9.01145467651e-05, 9.40452955547e-05, 9.81348057394e-05, 9.60269753705e-05, 4.00303797505e-05],
        "dmean2": [0.000338562880643, 0.0090006319806, 0.00420094328001, 0.00152595993131, 0.00288650253788, 0.00270670140162, 0.00303946109489, 0.00171727850102, 0.00124001235235, 0.00159199174959, 0.00078661023872, 0.000702319433913, 0.000653729599435, 0.000460011215182, 0.000592282332946, 0.000238756882027, 0.000259932159679, 0.000175774679519, 0.000266977585852, 0.000184839431313, 0.000174933549715, 0.000179049689905, 0.000148434657604, 0.000149044019054, 0.00014730739349, 0.000152585067553, 6.33210438536e-05],
        "dvar": [5.18133560945e-07, 0.000146942271385, 2.56925122812e-05, 3.96278846893e-06, 1.21347557069e-05, 1.46753754962e-05, 1.58806560648e-05, 4.79977734358e-06, 3.82428015655e-06, 2.72027727988e-06, 7.8852497154e-07, 1.1791361203e-06, 1.30838168388e-06, 6.76713398207e-07, 7.73316912728e-07, 6.63052261984e-08, 2.42441075216e-07, 6.20881976943e-08, 3.02480742675e-07, 8.54159125652e-08, 6.1819775965e-08, 6.64028760866e-08, 4.57954740796e-08, 4.14550171968e-08, 5.35268611657e-08, 4.84384514721e-08, 9.8795798209e-09],
        "dvar2": [7.19817478512e-07, 0.000309289811412, 7.62255294831e-05, 1.11863364509e-05, 2.97786118608e-05, 3.05539542751e-05, 3.27976522385e-05, 9.11800907488e-06, 7.22683944332e-06, 5.98737415203e-06, 1.90914147424e-06, 2.80331437352e-06, 2.8494828257e-06, 1.52248969698e-06, 1.71973761098e-06, 1.8376002231e-07, 5.16579916621e-07, 1.78727660227e-07, 7.53172457735e-07, 2.42485185709e-07, 1.60642230185e-07, 1.84375451795e-07, 1.26021092228e-07, 1.05508640047e-07, 1.26519523747e-07, 1.25940346152e-07, 2.49321097101e-08],
        "max": [0.0180839933455, 0.170500576496, 0.0598514191806, 0.0368385463953, 0.0501821041107, 0.100057117641, 0.0871914476156, 0.0750303193927, 0.045728340745, 0.0347880348563, 0.0236495770514, 0.0276811663061, 0.0389360822737, 0.0345964618027, 0.0346563719213, 0.00377927813679, 0.0267205610871, 0.00349377305247, 0.0261186491698, 0.00572659214959, 0.00699336314574, 0.00519466726109, 0.00468818889931, 0.00466529000551, 0.00405874522403, 0.00312134041451, 0.0015205751406],
        "mean": [0.000658001343254, 0.0130294309929, 0.00296352221631, 0.00133966340218, 0.0035565958824, 0.0048456788063, 0.00637937895954, 0.00289731053635, 0.00178640510421, 0.00179669784848, 0.000757547910325, 0.000754314358346, 0.000684371974785, 0.000404345919378, 0.000552788435016, 0.000213061779505, 0.000256944564171, 0.000139181574923, 0.000224755145609, 0.000142075368785, 0.00014717016893, 0.000137542956509, 0.000132112414576, 0.000137405018904, 0.000140300238854, 0.000118719341117, 4.32513006672e-05],
        "median": [1.62625055964e-05, 0.00141764443833, 0.000967587227933, 0.000371943810023, 0.00164722045884, 0.00148077914491, 0.00275191804394, 0.00131402164698, 0.000615104218014, 0.000942479120567, 0.000362263352145, 0.000263536931016, 0.000199870264623, 0.000163660646649, 0.000254334765486, 0.000131986918859, 0.000157045840751, 8.11891586636e-05, 0.00011873387848, 7.05786806066e-05, 5.61051638215e-05, 4.74856460642e-05, 3.68096443708e-05, 2.7357316867e-05, 2.36984378716e-05, 1.70755884028e-05, 1.46737602336e-06],
        "min": [1.01854312203e-23, 1.16838054566e-23, 1.35778675898e-23, 1.05392763571e-23, 9.03128921955e-23, 3.74316550566e-23, 4.97270209856e-23, 1.1341806644e-22, 6.28917084768e-23, 3.23885651082e-23, 5.47755793178e-23, 4.8417568681e-23, 8.23185947147e-23, 1.60511812927e-22, 1.03508086516e-22, 1.16107286955e-22, 1.30725586349e-22, 1.70030814454e-22, 2.2494657751e-22, 3.31573435081e-22, 3.94014640872e-22, 7.4854574583e-22, 7.5624477583e-22, 7.9450102088e-22, 1.50723788373e-21, 1.47668672713e-21, 2.4933396627e-21],
        "var": [2.53496068581e-06, 0.000631615286693, 2.48907526839e-05, 6.25240500085e-06, 2.2211448595e-05, 7.22183249309e-05, 8.78947248566e-05, 1.95135453396e-05, 1.23683857964e-05, 6.15593626208e-06, 1.63718846125e-06, 2.76547984868e-06, 2.78598690784e-06, 9.79974743132e-07, 1.66033191817e-06, 7.33554443855e-08, 4.16697332639e-07, 5.01568244715e-08, 4.51689601277e-07, 7.2556836983e-08, 7.94179300101e-08, 7.48315613919e-08, 6.19205096086e-08, 7.21218782473e-08, 8.84911628418e-08, 5.32234096795e-08, 1.02790282952e-08]
    },
    "erbbands": {
        "dmean": [0.232394650578, 1.29316675663, 2.68773269653, 2.79331326485, 3.80887889862, 7.02394533157, 11.4992437363, 14.7483625412, 30.1721134186, 22.3735103607, 25.8946914673, 22.6467628479, 22.6872386932, 30.0912475586, 18.6336460114, 19.5984573364, 21.1459312439, 14.7014284134, 19.9897499084, 9.77853393555, 6.56294393539, 7.25345611572, 6.34549236298, 7.87451171875, 6.56481647491, 5.37959051132, 4.43945455551, 4.14959287643, 3.51724934578, 3.26523327827, 2.63314294815, 1.81573820114, 1.69451797009, 1.08543598652, 0.769081234932, 0.39269900322, 0.169059634209, 0.0609938576818, 0.00707484874874, 0.000107526197098],
        "dmean2": [0.27369260788, 2.04464626312, 4.68369483948, 4.88331890106, 6.23738241196, 11.2532138824, 17.74492836, 22.9529514313, 44.5834083557, 33.2908325195, 36.2163352966, 32.7907371521, 33.6037902832, 47.2150154114, 30.3230571747, 32.1635551453, 32.5604133606, 23.3201770782, 32.7904090881, 16.5586681366, 11.3631887436, 12.2010259628, 10.7738666534, 13.6246623993, 11.4196395874, 9.49523353577, 7.51496839523, 7.00227451324, 6.09009075165, 5.67479991913, 4.35057020187, 2.99392080307, 2.66907262802, 1.70410370827, 1.14267134666, 0.62909924984, 0.270577549934, 0.0939262881875, 0.0111541226506, 0.000167495687492],
        "dvar": [0.258256614208, 6.28716993332, 32.4896583557, 37.5907897949, 53.6549606323, 283.890533447, 675.999938965, 1032.51611328, 3711.34936523, 1331.65771484, 2636.58007812, 2812.25292969, 1580.44909668, 2840.60449219, 1304.03356934, 2757.37695312, 3231.02905273, 1745.65270996, 2559.63867188, 258.695159912, 186.990447998, 353.317932129, 265.06237793, 788.199768066, 882.373901367, 238.443862915, 118.481170654, 102.238395691, 70.3875045776, 75.8004074097, 37.9794807434, 15.4296226501, 14.8933191299, 6.47256374359, 4.00945568085, 0.786944329739, 0.14931692183, 0.0205266643316, 0.000325307395542, 6.26596374786e-08],
        "dvar2": [0.357195019722, 16.2975788116, 95.596862793, 110.565704346, 137.759918213, 710.820983887, 1482.85888672, 2227.79541016, 7625.85449219, 3059.33007812, 4730.61181641, 5286.99023438, 3141.26977539, 6639.97998047, 3180.49633789, 6526.01220703, 7093.41845703, 3964.11352539, 5717.92919922, 655.706787109, 491.497955322, 832.534851074, 634.82208252, 2006.26391602, 2263.07177734, 673.323730469, 311.009918213, 271.395172119, 191.824539185, 214.975585938, 103.827018738, 40.6567115784, 37.5921058655, 16.8058223724, 9.0821762085, 2.06510281563, 0.386304199696, 0.0515132024884, 0.000816213956568, 1.57887185992e-07],
        "max": [9.07559013367, 29.0993766785, 65.8904953003, 81.5840835571, 112.881118774, 269.389251709, 547.358093262, 782.058776855, 1296.49621582, 987.545898438, 2058.11425781, 1273.78894043, 1109.20983887, 1346.33251953, 1175.6427002, 1392.53955078, 2031.83203125, 1779.35205078, 1999.31567383, 345.581695557, 455.348358154, 877.832458496, 786.506103516, 1509.79992676, 1769.8692627, 358.515838623, 283.210144043, 361.672576904, 162.449432373, 166.263015747, 139.432647705, 63.5062828064, 118.154212952, 53.9801330566, 43.4759902954, 14.1588602066, 5.07754135132, 2.09770727158, 0.259853303432, 0.00371172931045],
        "mean": [0.546160340309, 2.22553634644, 3.56617188454, 4.09888744354, 7.54481983185, 12.4144630432, 28.6998939514, 39.8066940308, 94.8962173462, 60.9738998413, 65.7971420288, 51.4245262146, 43.2446136475, 47.0154190063, 32.2476501465, 37.204246521, 36.1895637512, 22.4701919556, 31.9984722137, 16.686958313, 10.6763954163, 11.7834911346, 10.2284097672, 11.1287984848, 9.2605676651, 7.16303825378, 6.20369291306, 5.76352739334, 4.98799276352, 4.29997396469, 3.77862453461, 2.6430990696, 2.43663406372, 1.53266978264, 1.06104624271, 0.501331150532, 0.208426326513, 0.0720416009426, 0.00739404046908, 0.000158003967954],
        "median": [0.0162029191852, 0.425813615322, 1.40768504143, 1.45126962662, 3.16036748886, 5.05660057068, 7.80516815186, 15.4133358002, 38.1330757141, 37.2385597229, 28.188583374, 21.18176651, 21.2167739868, 26.2025775909, 16.5267314911, 12.8992900848, 11.9936313629, 10.3104400635, 14.5693101883, 11.3056640625, 7.21906375885, 7.59730243683, 6.20804786682, 5.74125099182, 5.10379219055, 3.53832054138, 2.49504232407, 2.06346750259, 1.74767827988, 1.27689194679, 0.956626653671, 0.626872777939, 0.421958267689, 0.271989405155, 0.164796024561, 0.0758634358644, 0.0305664669722, 0.0062955301255, 0.000191193641513, 6.39707723167e-05],
        "min": [4.77585833108e-22, 2.34211060955e-21, 1.44145818325e-20, 3.1263394649e-20, 5.93515014204e-20, 4.17254612993e-19, 5.86658565805e-19, 1.27622840353e-19, 2.74499136643e-19, 1.46895944415e-18, 2.69723579983e-18, 1.43331985047e-18, 1.08672683111e-18, 1.01429962046e-18, 2.94855332905e-18, 2.03798712049e-18, 3.69336102146e-18, 6.35538870569e-18, 6.02490895787e-18, 6.48555219252e-18, 6.44676321206e-18, 7.45923848568e-18, 7.95633929224e-18, 1.07735419235e-17, 1.30481504688e-17, 1.48790651239e-17, 1.50330795365e-17, 2.0464729596e-17, 3.04006477517e-17, 1.83590172696e-17, 2.36896569958e-17, 1.72648790036e-17, 1.31718693915e-17, 1.45149782686e-17, 1.19182068628e-17, 6.34748044545e-18, 2.41504913091e-18, 1.3033245915e-18, 3.54980087932e-19, 3.54044546659e-20],
        "var": [1.51709496975, 15.1453075409, 32.1672821045, 48.4915962219, 115.505981445, 390.297088623, 2867.45849609, 4648.4609375, 20597.8339844, 4850.06103516, 12125.2080078, 9232.84570312, 4589.87304688, 4463.65673828, 2939.6171875, 6919.28564453, 7027.05175781, 2554.81787109, 5574.20849609, 425.410491943, 233.831466675, 538.947753906, 389.254730225, 969.222717285, 1102.79724121, 206.312011719, 151.198730469, 119.11631012, 90.3960876465, 78.9864959717, 51.5569915771, 22.3474178314, 26.8738098145, 10.1010360718, 6.2413392067, 0.922053933144, 0.162447139621, 0.0228505339473, 0.000328008783981, 6.53585132682e-08]
    },
    "gfcc": {
        "mean": [14.9017829895, 99.7019424438, -111.899635315, 9.98731899261, -58.7870025635, 4.08678531647, -30.6030635834, 9.54205799103, -16.1516532898, 7.21904277802, -12.7662620544, 1.63846588135, -12.4398260117],
        "cov": [[5991.52441406, -2273.83618164, 1766.66894531, 291.820526123, -236.702468872, 561.23840332, -430.889434814, 110.48664093, -429.790161133, 218.965255737, -398.190063477, 208.879989624, -288.574798584], [-2273.83618164, 2445.5078125, -1186.44958496, -209.589065552, 136.082351685, -437.02822876, 329.405548096, -168.897109985, 360.778045654, -127.120292664, 324.791381836, -154.016113281, 252.998962402], [1766.66894531, -1186.44958496, 1421.83483887, 278.899414062, 73.058013916, 377.281219482, -221.994522095, 158.385757446, -207.773468018, 158.674575806, -181.250991821, 185.996246338, -77.3041152954], [291.820526123, -209.589065552, 278.899414062, 333.463500977, 88.4228744507, 147.433151245, 33.4589767456, 57.3198623657, 2.83138918877, 8.89473247528, -29.618221283, 24.0701217651, 4.25314378738], [-236.702468872, 136.082351685, 73.058013916, 88.4228744507, 266.11618042, 131.971466064, 128.37789917, 49.6678657532, 49.2786178589, 12.3614473343, 36.9207572937, 1.35560023785, 32.5623016357], [561.23840332, -437.02822876, 377.281219482, 147.433151245, 131.971466064, 390.494262695, 84.6089630127, 138.956253052, -23.8933315277, 85.836265564, -33.3793296814, 59.779384613, -35.3172950745], [-430.889434814, 329.405548096, -221.994522095, 33.4589767456, 128.37789917, 84.6089630127, 281.89855957, 86.1085128784, 159.421066284, 1.15384781361, 84.6656036377, -40.0320587158, 32.6570167542], [110.48664093, -168.897109985, 158.385757446, 57.3198623657, 49.6678657532, 138.956253052, 86.1085128784, 192.766647339, 62.1342163086, 63.8598556519, -13.1912517548, 35.5848274231, -7.33404541016], [-429.790161133, 360.778045654, -207.773468018, 2.83138918877, 49.2786178589, -23.8933315277, 159.421066284, 62.1342163086, 213.577178955, 42.6952285767, 97.1880493164, -32.2736740112, 46.0286827087], [218.965255737, -127.120292664, 158.674575806, 8.89473247528, 12.3614473343, 85.836265564, 1.15384781361, 63.8598556519, 42.6952285767, 124.311355591, 36.3248329163, 42.8443717957, -5.37129068375], [-398.190063477, 324.791381836, -181.250991821, -29.618221283, 36.9207572937, -33.3793296814, 84.6656036377, -13.1912517548, 97.1880493164, 36.3248329163, 148.542633057, 22.9416980743, 53.7061576843], [208.879989624, -154.016113281, 185.996246338, 24.0701217651, 1.35560023785, 59.779384613, -40.0320587158, 35.5848274231, -32.2736740112, 42.8443717957, 22.9416980743, 112.704116821, 38.2932891846], [-288.574798584, 252.998962402, -77.3041152954, 4.25314378738, 32.5623016357, -35.3172950745, 32.6570167542, -7.33404541016, 46.0286827087, -5.37129068375, 53.7061576843, 38.2932891846, 132.813156128]],
        "icov": [[0.000358804623829, 5.30654178874e-05, -0.000269398180535, -4.31691369158e-05, 0.000426379323471, -0.000230833073147, -0.000242476526182, 0.000489972822834, -1.33914791149e-05, -0.000403247133363, 0.000585684843827, -0.00033072088263, 0.000290710566333], [5.30654178874e-05, 0.00129110307898, 0.000205260046641, 0.000239121785853, -0.000566045637242, 0.000657862925436, -0.000295304926112, 0.000347072753357, -0.000613654905465, 0.000532542937435, -0.00129041052423, 0.00107305194251, -0.0013802141184], [-0.000269398180535, 0.000205260046641, 0.0025513228029, -0.0010103789391, -0.00138201774098, -0.000179855735041, 0.00130925164558, -0.000509560108185, 0.000272318226052, -0.00186316075269, 0.00178427482024, -0.00212277355604, 0.000202755647479], [-4.31691369158e-05, 0.000239121785853, -0.0010103789391, 0.00452808244154, -0.000548115756828, -0.00121431902517, 0.000207268196391, 0.000170317405718, -0.00176724023186, 0.00258318032138, -0.000502481474541, 0.000657593016513, -0.000781960319728], [0.000426379323471, -0.000566045637242, -0.00138201774098, -0.000548115756828, 0.00719687622041, -0.0022043120116, -0.00251232972369, 0.000616629840806, 0.000993613619357, 0.00035549866152, -0.000854046666063, 0.0014534345828, -0.000884680601303], [-0.000230833073147, 0.000657862925436, -0.000179855735041, -0.00121431902517, -0.0022043120116, 0.0079910159111, -0.00474618142471, -0.0012503399048, 0.00362170976587, -0.00432561850175, 0.00115711428225, -0.0013185236603, 0.000424989644671], [-0.000242476526182, -0.000295304926112, 0.00130925164558, 0.000207268196391, -0.00251232972369, -0.00474618142471, 0.0142641691491, -0.00496382173151, -0.00603828020394, 0.00675123929977, -0.00564053980634, 0.00391534343362, -0.000118810719869], [0.000489972822834, 0.000347072753357, -0.000509560108185, 0.000170317405718, 0.000616629840806, -0.0012503399048, -0.00496382173151, 0.0134983751923, -0.00507682934403, -0.00405729096383, 0.00830274820328, -0.00724961934611, 0.00191188161261], [-1.33914791149e-05, -0.000613654905465, 0.000272318226052, -0.00176724023186, 0.000993613619357, 0.00362170976587, -0.00603828020394, -0.00507682934403, 0.0174551792443, -0.00784774124622, -0.00453709950671, 0.00661900779232, -0.00316169229336], [-0.000403247133363, 0.000532542937435, -0.00186316075269, 0.00258318032138, 0.00035549866152, -0.00432561850175, 0.00675123929977, -0.00405729096383, -0.00784774124622, 0.021773584187, -0.0100547913462, 0.00109127105679, 0.00117229495663], [0.000585684843827, -0.00129041052423, 0.00178427482024, -0.000502481474541, -0.000854046666063, 0.00115711428225, -0.00564053980634, 0.00830274820328, -0.00453709950671, -0.0100547913462, 0.0243153888732, -0.0142178656533, 0.00258046272211], [-0.00033072088263, 0.00107305194251, -0.00212277355604, 0.000657593016513, 0.0014534345828, -0.0013185236603, 0.00391534343362, -0.00724961934611, 0.00661900779232, 0.00109127105679, -0.0142178656533, 0.0265300646424, -0.0102390479296], [0.000290710566333, -0.0013802141184, 0.000202755647479, -0.000781960319728, -0.000884680601303, 0.000424989644671, -0.000118810719869, 0.00191188161261, -0.00316169229336, 0.00117229495663, 0.00258046272211, -0.0102390479296, 0.0144498338923]]
    },
    "melbands": {
        "dmean": [0.00187288422603, 0.00140888965689, 0.000483643496409, 0.000394870847231, 0.000371902395273, 0.000332741008606, 0.000456199573819, 0.000235683037317, 0.000211422462598, 0.000128371306346, 0.00011418248323, 0.00012857245747, 6.4174135332e-05, 5.14060047863e-05, 5.01191352669e-05, 3.62340069842e-05, 3.03473170788e-05, 3.10291979986e-05, 2.03654362849e-05, 1.17452937047e-05, 7.68726749811e-06, 7.28605164113e-06, 9.39130768529e-06, 4.73687941849e-06, 7.22335562386e-06, 5.46258252143e-06, 3.64866991731e-06, 3.76453749595e-06, 3.07426694235e-06, 2.58145132648e-06, 2.38157167587e-06, 2.08500409826e-06, 2.06451727536e-06, 1.77488800546e-06, 1.5760832639e-06, 1.31304545903e-06, 1.04289745195e-06, 1.13529802093e-06, 1.18239938729e-06, 9.09562913876e-07],
        "dmean2": [0.0024803141132, 0.00236009713262, 0.000839966407511, 0.000630523893051, 0.000577404338401, 0.000513894134201, 0.000671335554216, 0.000349821028067, 0.000296257028822, 0.000187534111319, 0.000169588063727, 0.000201785645913, 0.000104935774289, 8.37289117044e-05, 8.07571705082e-05, 5.51866723981e-05, 4.84148076794e-05, 5.08409102622e-05, 3.41472987202e-05, 2.00000486075e-05, 1.32694594868e-05, 1.23253330457e-05, 1.53884611791e-05, 8.38970754558e-06, 1.24642956507e-05, 9.5752229754e-06, 6.42245004201e-06, 6.6403827077e-06, 5.26844769411e-06, 4.32958540841e-06, 4.07226207244e-06, 3.61346837963e-06, 3.64006768905e-06, 3.0814035199e-06, 2.61601371676e-06, 2.18036370825e-06, 1.73699368133e-06, 1.78965876785e-06, 1.88965407233e-06, 1.47479431689e-06],
        "dvar": [1.45401572809e-05, 7.19602576282e-06, 1.06080642581e-06, 6.73074339375e-07, 6.02069235356e-07, 5.08030154833e-07, 8.39407107378e-07, 1.47814105844e-07, 1.60590928999e-07, 8.8807233567e-08, 4.02426181267e-08, 5.40061186882e-08, 1.51687977734e-08, 1.51538674942e-08, 1.32754855997e-08, 1.0069088674e-08, 9.18799347716e-09, 5.41353584183e-09, 1.99168503912e-09, 3.97323202117e-10, 2.98953306554e-10, 2.90144047677e-10, 1.22941046232e-09, 1.91709606523e-10, 7.2058431444e-10, 5.66740543384e-10, 1.27969149166e-10, 1.16100691561e-10, 5.82391218584e-11, 3.4501568269e-11, 3.2933131916e-11, 2.25701141804e-11, 3.59247041837e-11, 2.02643023889e-11, 1.32574663053e-11, 8.92525029578e-12, 4.98471880092e-12, 6.18267763375e-12, 8.64094126113e-12, 4.8189885242e-12],
        "dvar2": [2.63024394371e-05, 2.03531908483e-05, 3.05212688545e-06, 1.68091810338e-06, 1.33479750275e-06, 1.07798371118e-06, 1.71404167304e-06, 3.36863962502e-07, 2.87380288455e-07, 1.67842941323e-07, 8.02269397582e-08, 1.26577617721e-07, 3.75263233821e-08, 3.65663517243e-08, 3.10564658434e-08, 2.13681587979e-08, 2.08601775853e-08, 1.22178773765e-08, 4.43651693161e-09, 1.07834108309e-09, 7.12387870916e-10, 6.6774985541e-10, 2.53218002122e-09, 5.5077503669e-10, 1.81811088407e-09, 1.45609480029e-09, 3.51867202042e-10, 3.24834992238e-10, 1.56362492398e-10, 8.98880067601e-11, 8.74482708468e-11, 6.13948822337e-11, 1.01194837232e-10, 5.72190732295e-11, 3.58226191766e-11, 2.41918117483e-11, 1.30776474719e-11, 1.52784174201e-11, 2.28196385399e-11, 1.23764739776e-11],
        "max": [0.060473293066, 0.029258903116, 0.0139948362485, 0.0120538622141, 0.0158213209361, 0.0179948061705, 0.0198847409338, 0.0100958263502, 0.0156646333635, 0.0068568107672, 0.00549303926528, 0.00590479001403, 0.00318430480547, 0.00305541185662, 0.00333503540605, 0.00323087931611, 0.00408182246611, 0.00279086292721, 0.00162872916553, 0.000362134596799, 0.000849110714626, 0.000864731904585, 0.00214184354991, 0.00026480021188, 0.00148114014883, 0.00136851333082, 0.000488045247039, 0.000294419500278, 0.000191273007658, 0.00014362463844, 0.000207947872696, 8.46673865453e-05, 0.000181675059139, 8.1734637206e-05, 9.37807562877e-05, 5.24992865394e-05, 3.23177227983e-05, 7.53400963731e-05, 0.000103460108221, 3.58314209734e-05],
        "mean": [0.0040771337226, 0.00221162918024, 0.000794980500359, 0.000741800467949, 0.00091294804588, 0.000896656943951, 0.00143494852819, 0.000619308208115, 0.00053096737247, 0.000276990729617, 0.000208331155591, 0.000193546686205, 0.000103380509245, 9.15393611649e-05, 9.11817332963e-05, 5.73935903958e-05, 4.19568896177e-05, 4.85756063426e-05, 3.22294654325e-05, 1.85696353583e-05, 1.13139212772e-05, 1.13403748401e-05, 1.41469890877e-05, 6.51230311632e-06, 9.58880264079e-06, 7.01918406776e-06, 4.97376277053e-06, 4.74372154713e-06, 4.0192776396e-06, 3.52487495547e-06, 3.20486901728e-06, 2.85351507046e-06, 2.57389683611e-06, 2.33934133576e-06, 2.24733798859e-06, 1.82512769697e-06, 1.48262142829e-06, 1.64515381584e-06, 1.58123918936e-06, 1.22827327687e-06],
        "median": [0.000270488031674, 0.000945975421928, 0.000314849778078, 0.000292677781545, 0.000307477603201, 0.000322841340676, 0.00057302362984, 0.000396524439566, 0.000224027229706, 0.000105311977677, 9.64638020378e-05, 0.000101765690488, 5.12677215738e-05, 3.56612217729e-05, 3.02622083836e-05, 1.76187895704e-05, 1.56643036462e-05, 2.20908623305e-05, 1.69988834386e-05, 1.12367661131e-05, 7.22347067494e-06, 7.05851380189e-06, 7.79867150413e-06, 3.66839435628e-06, 4.61615991298e-06, 3.6398530483e-06, 2.58455520452e-06, 2.23494953389e-06, 1.47969899444e-06, 1.42556700666e-06, 1.07257596937e-06, 1.0120575098e-06, 7.32227590561e-07, 6.81285598603e-07, 5.6693352235e-07, 4.52314907307e-07, 3.33420359766e-07, 2.89038666779e-07, 2.60275385244e-07, 2.08421909065e-07],
        "min": [4.30711782806e-24, 5.90797180126e-24, 4.97385478212e-24, 1.58260675271e-23, 2.11969812464e-23, 3.77802645235e-24, 6.03361762194e-24, 2.01330429658e-23, 1.9475098261e-23, 8.42252036806e-24, 5.29499414018e-24, 3.9051135219e-24, 8.02604045481e-24, 6.74547702534e-24, 6.41007348439e-24, 8.9953998349e-24, 1.32063740568e-23, 1.14610295592e-23, 8.26073604045e-24, 9.42842136299e-24, 6.42592564429e-24, 8.52217558849e-24, 5.26818509674e-24, 8.93395467013e-24, 8.13694719834e-24, 1.07530521403e-23, 8.87804178689e-24, 9.92006787812e-24, 1.02001663532e-23, 8.07436844045e-24, 1.34129641061e-23, 1.85690710009e-23, 1.17042290654e-23, 1.00399061048e-23, 1.50441328206e-23, 9.49004165488e-24, 1.13533177024e-23, 8.3334248397e-24, 1.02098409433e-23, 1.33231822688e-23],
        "var": [7.28524682927e-05, 9.64640730672e-06, 1.43245085837e-06, 1.17219110507e-06, 2.3968698315e-06, 2.39608289121e-06, 4.73686395708e-06, 4.93690095027e-07, 7.51635298002e-07, 2.83215086938e-07, 1.14486724101e-07, 8.38630782596e-08, 3.07766754304e-08, 3.52165479001e-08, 3.25921476474e-08, 2.01735144145e-08, 1.29729897935e-08, 1.16460823207e-08, 4.21468637768e-09, 5.4417631512e-10, 4.64706967351e-10, 5.05710973098e-10, 1.93737248466e-09, 1.50498849494e-10, 8.72769745364e-10, 6.77018829887e-10, 1.28647870135e-10, 1.07162417828e-10, 7.0466243951e-11, 4.01550494245e-11, 3.84766454808e-11, 2.64608682188e-11, 4.07301171956e-11, 2.15469465187e-11, 1.9094873252e-11, 1.12191141793e-11, 7.08209922998e-12, 1.12351308812e-11, 1.37435150066e-11, 6.90078506491e-12]
    },
    "mfcc": {
        "mean": [-635.125305176, 141.055358887, -0.832974076271, 13.1575651169, -6.30752182007, -1.11662745476, -5.27356386185, 1.0205489397, 0.831143677235, 4.06601858139, 2.9621360302, 1.74910533428, 3.39387321472],
        "cov": [[4134.72900391, -1554.42272949, 1159.9473877, -15.9209222794, 225.758621216, 211.059326172, 92.9427871704, -44.8654289246, -7.66002130508, -108.50894928, -118.843582153, 36.2598190308, -84.4656448364], [-1554.42272949, 1914.63769531, -853.473205566, 85.7598419189, -266.956268311, -98.2468185425, -130.210708618, -38.1828842163, -13.0000066757, 43.7264060974, 77.1540298462, 24.6647186279, 73.1586227417], [1159.9473877, -853.473205566, 966.524291992, 66.9025039673, 310.158660889, 124.582969666, 102.644439697, 13.6232471466, 44.6508636475, -43.6020431519, -60.1505584717, 18.9841270447, -7.53570127487], [-15.9209222794, 85.7598419189, 66.9025039673, 213.625335693, 53.0702056885, 17.6790370941, -4.06972980499, 20.3487491608, 27.2869148254, 17.6187267303, -10.9177408218, -5.58764123917, 8.99284267426], [225.758621216, -266.956268311, 310.158660889, 53.0702056885, 264.009643555, 107.670959473, 106.334899902, 39.6201705933, 32.7215995789, 7.98734760284, -14.2376012802, -24.8011283875, -9.64390659332], [211.059326172, -98.2468185425, 124.582969666, 17.6790370941, 107.670959473, 188.157287598, 120.949790955, 67.189956665, 41.4795265198, 40.5670776367, 31.3652381897, 26.8816814423, 7.52689027786], [92.9427871704, -130.210708618, 102.644439697, -4.06972980499, 106.334899902, 120.949790955, 175.371658325, 101.484436035, 57.7684211731, 38.92370224, 30.1086502075, 22.2568225861, 7.31655216217], [-44.8654289246, -38.1828842163, 13.6232471466, 20.3487491608, 39.6201705933, 67.189956665, 101.484436035, 152.582260132, 92.6175765991, 54.5719642639, 46.3081359863, 38.232711792, 14.8031177521], [-7.66002130508, -13.0000066757, 44.6508636475, 27.2869148254, 32.7215995789, 41.4795265198, 57.7684211731, 92.6175765991, 143.463363647, 81.8441696167, 43.9339752197, 32.4496612549, 25.5410385132], [-108.50894928, 43.7264060974, -43.6020431519, 17.6187267303, 7.98734760284, 40.5670776367, 38.92370224, 54.5719642639, 81.8441696167, 134.900100708, 77.3409729004, 10.8422470093, 6.68908452988], [-118.843582153, 77.1540298462, -60.1505584717, -10.9177408218, -14.2376012802, 31.3652381897, 30.1086502075, 46.3081359863, 43.9339752197, 77.3409729004, 141.292236328, 82.6304168701, 17.4518852234], [36.2598190308, 24.6647186279, 18.9841270447, -5.58764123917, -24.8011283875, 26.8816814423, 22.2568225861, 38.232711792, 32.4496612549, 10.8422470093, 82.6304168701, 165.835708618, 72.2352294922], [-84.4656448364, 73.1586227417, -7.53570127487, 8.99284267426, -9.64390659332, 7.52689027786, 7.31655216217, 14.8031177521, 25.5410385132, 6.68908452988, 17.4518852234, 72.2352294922, 121.866867065]],
