{
"lowlevel": {
    "average_loudness": 0.800901353359,
    "barkbands_crest": {
        "dmean": 2.0794904232,
        "dmean2": 3.22786092758,
        "dvar": 6.25238323212,
        "dvar2": 13.7158126831,
        "max": 26.8510074615,
        "mean": 13.7168130875,
        "median": 14.3210067749,
        "min": 1.82747209072,
        "var": 36.7737693787
    },
    "barkbands_flatness_db": {
        "dmean": 0.02325421758,
        "dmean2": 0.0342559553683,
        "dvar": 0.000856255239341,
        "dvar2": 0.00164758611936,
        "max": 0.666547477245,
        "mean": 0.175506994128,
        "median": 0.141605660319,
        "min": 0.0119392508641,
        "var": 0.0124771604314
    },
    "barkbands_kurtosis": {
        "dmean": 7.97021913528,
        "dmean2": 12.183637619,
        "dvar": 611.31829834,
        "dvar2": 1273.41064453,
        "max": 1106.71813965,
        "mean": 25.2842903137,
        "median": 1.60374116898,
        "min": -1.98069179058,
        "var": 5684.61425781
    },
    "barkbands_skewness": {
        "dmean": 0.733945250511,
        "dmean2": 1.08223891258,
        "dvar": 0.994302511215,
        "dvar2": 1.83686971664,
        "max": 31.8660755157,
        "mean": 2.51866889,
        "median": 1.45216488838,
        "min": -4.4862203598,
        "var": 12.2775411606
    },
    "barkbands_spread": {
        "dmean": 8.49546909332,
        "dmean2": 13.3305578232,
        "dvar": 144.14276123,
        "dvar2": 336.439758301,
        "max": 154.807876587,
        "mean": 33.519077301,
        "median": 30.2925872803,
        "min": 0.117782384157,
        "var": 679.148132324
    },
    "dissonance": {
        "dmean": 0.0135679775849,
        "dmean2": 0.0230009872466,
        "dvar": 0.000427016464528,
        "dvar2": 0.00117407098878,
        "max": 0.5,
        "mean": 0.476501226425,
        "median": 0.487500965595,
        "min": 0.0716767534614,
        "var": 0.00127263576724
    },
    "dynamic_complexity": 5.32857465744,
    "erbbands_crest": {
        "dmean": 2.33842492104,
        "dmean2": 3.87266230583,
        "dvar": 6.17222166061,
        "dvar2": 15.6734361649,
        "max": 33.0100250244,
        "mean": 8.40354061127,
        "median": 6.93158721924,
        "min": 2.06831097603,
        "var": 22.549249649
    },
    "erbbands_flatness_db": {
        "dmean": 0.0166998915374,
        "dmean2": 0.0253672208637,
        "dvar": 0.000351427384885,
        "dvar2": 0.000742858508602,
        "max": 0.676926195621,
        "mean": 0.14964595437,
        "median": 0.133628383279,
        "min": 0.021847307682,
        "var": 0.00460924115032
    },
    "erbbands_kurtosis": {
        "dmean": 1.39924860001,
        "dmean2": 2.22232532501,
        "dvar": 9.17854785919,
        "dvar2": 22.3503742218,
        "max": 126.092254639,
        "mean": 1.20944499969,
        "median": 0.00874829292297,
        "min": -1.96109604836,
        "var": 23.853849411
    },
    "erbbands_skewness": {
        "dmean": 0.420232087374,
        "dmean2": 0.633518338203,
        "dvar": 0.208622127771,
        "dvar2": 0.461418956518,
        "max": 7.58192825317,
        "mean": -0.174095630646,
        "median": -0.233194857836,
        "min": -5.76991415024,
        "var": 1.02525138855
    },
    "erbbands_spread": {
        "dmean": 9.6753616333,
        "dmean2": 14.6910047531,
        "dvar": 184.760757446,
        "dvar2": 360.731140137,
        "max": 220.198791504,
        "mean": 44.4001617432,
        "median": 39.6121902466,
        "min": 0.252611130476,
        "var": 721.068359375
    },
    "hfc": {
        "dmean": 14.9174203873,
        "dmean2": 24.2282943726,
        "dvar": 1153.31872559,
        "dvar2": 3025.30883789,
        "max": 464.650939941,
        "mean": 41.7677116394,
        "median": 16.8692722321,
        "min": 1.07899245664e-16,
        "var": 2817.12329102
    },
    "melbands_crest": {
        "dmean": 2.90532946587,
        "dmean2": 4.4442448616,
        "dvar": 16.0621986389,
        "dvar2": 32.4003601074,
        "max": 39.3889427185,
        "mean": 24.302116394,
        "median": 27.6695289612,
        "min": 1.62157213688,
        "var": 114.120887756
    },
    "melbands_flatness_db": {
        "dmean": 0.029109954834,
        "dmean2": 0.0421931520104,
        "dvar": 0.00149022822734,
        "dvar2": 0.00273259356618,
        "max": 0.688257157803,
        "mean": 0.235914424062,
        "median": 0.203743427992,
        "min": 0.00358877750114,
        "var": 0.0208199825138
    },
    "melbands_kurtosis": {
        "dmean": 28.6474742889,
        "dmean2": 43.3719024658,
        "dvar": 9089.02636719,
        "dvar2": 18707.6289062,
        "max": 3970.28881836,
        "mean": 85.0907058716,
        "median": 12.9169101715,
        "min": -1.88323581219,
        "var": 62455.1914062
    },
    "melbands_skewness": {
        "dmean": 1.25506615639,
        "dmean2": 1.85648059845,
        "dvar": 3.66353607178,
        "dvar2": 7.06948375702,
        "max": 52.1209487915,
        "mean": 5.1882519722,
        "median": 3.46116614342,
        "min": -2.47383475304,
        "var": 33.2151947021
    },
    "melbands_spread": {
        "dmean": 11.406870842,
        "dmean2": 18.0164852142,
        "dvar": 365.350769043,
        "dvar2": 831.155273438,
        "max": 259.667144775,
        "mean": 34.8549766541,
        "median": 24.5049972534,
        "min": 0.104877024889,
        "var": 1290.0949707
    },
    "pitch_salience": {
        "dmean": 0.0679184868932,
        "dmean2": 0.103070631623,
        "dvar": 0.00618480565026,
        "dvar2": 0.0125413313508,
        "max": 0.97752904892,
        "mean": 0.386213451624,
        "median": 0.36509758234,
        "min": 0.0194100067019,
        "var": 0.0423855930567
    },
    "silence_rate_20dB": {
        "dmean": 0,
        "dmean2": 0,
        "dvar": 0,
        "dvar2": 0,
        "max": 1,
        "mean": 1,
        "median": 1,
        "min": 1,
        "var": 0
    },
    "silence_rate_30dB": {
        "dmean": 0.0143921868876,
        "dmean2": 0.0287868399173,
        "dvar": 0.014185776934,
        "dvar2": 0.0281266514212,
        "max": 1,
        "mean": 0.968219995499,
        "median": 1,
        "min": 0,
        "var": 0.0307679716498
    },
    "silence_rate_60dB": {
        "dmean": 0.0253576636314,
        "dmean2": 0.0507196709514,
        "dvar": 0.0247127860785,
        "dvar2": 0.0565357990563,
        "max": 1,
        "mean": 0.140054821968,
        "median": 0,
        "min": 0,
        "var": 0.120437711477
    },
    "spectral_centroid": {
        "dmean": 303.869476318,
        "dmean2": 461.602203369,
        "dvar": 155855.296875,
        "dvar2": 302021.40625,
        "max": 12003.2734375,
        "mean": 2339.53100586,
        "median": 2470.12744141,
        "min": 142.02305603,
        "var": 1603412.25
    },
    "spectral_complexity": {
        "dmean": 4.44632911682,
        "dmean2": 6.94448232651,
        "dvar": 37.9632797241,
        "dvar2": 77.5627975464,
        "max": 67,
        "mean": 18.4997425079,
        "median": 13,
        "min": 0,
        "var": 243.718994141
    },
    "spectral_decrease": {
        "dmean": 1.7170670441e-09,
        "dmean2": 2.3508004432e-09,
        "dvar": 1.15546816631e-17,
        "dvar2": 1.63649313126e-17,
        "max": 1.70356183227e-28,
        "mean": -9.16038445098e-09,
        "median": -7.4724688659e-09,
        "min": -5.96506950501e-08,
        "var": 7.28762994144e-17
    },
    "spectral_energy": {
        "dmean": 0.006987136323,
        "dmean2": 0.0098885865882,
        "dvar": 0.000172642336111,
        "dvar2": 0.000268987176241,
        "max": 0.227565661073,
        "mean": 0.0383617766201,
        "median": 0.0332621484995,
        "min": 9.96907007477e-21,
        "var": 0.00116355973296
    },
    "spectral_energyband_high": {
        "dmean": 0.0015713191824,
        "dmean2": 0.00253325072117,
        "dvar": 1.1443814401e-05,
        "dvar2": 2.97267160931e-05,
        "max": 0.040516756475,
        "mean": 0.00396379362792,
        "median": 0.00104874349199,
        "min": 7.08374696812e-21,
        "var": 3.09176539304e-05
    },
    "spectral_energyband_low": {
        "dmean": 0.00574857462198,
        "dmean2": 0.00806830730289,
        "dvar": 0.000209146935958,
        "dvar2": 0.000311066425638,
        "max": 0.223187208176,
        "mean": 0.0269019361585,
        "median": 0.0191535595804,
        "min": 1.3052565113e-23,
        "var": 0.000929507019464
    },
    "spectral_energyband_middle_high": {
        "dmean": 0.00204194290563,
        "dmean2": 0.00338863860816,
        "dvar": 2.08768251468e-05,
        "dvar2": 5.57044404559e-05,
        "max": 0.0696515664458,
        "mean": 0.0045604207553,
        "median": 0.00204214337282,
        "min": 1.08389306624e-21,
        "var": 3.77920732717e-05
    },
    "spectral_energyband_middle_low": {
        "dmean": 0.00199726223946,
        "dmean2": 0.00301157077774,
        "dvar": 4.34418543591e-05,
        "dvar2": 9.87276871456e-05,
        "max": 0.090953245759,
        "mean": 0.00307907932438,
        "median": 0.00131785136182,
        "min": 1.44555857874e-22,
        "var": 5.0112590543e-05
    },
    "spectral_entropy": {
        "dmean": 0.14259211719,
        "dmean2": 0.220403388143,
        "dvar": 0.0340710952878,
        "dvar2": 0.0730139911175,
        "max": 9.81813907623,
        "mean": 7.89211320877,
        "median": 8.07071113586,
        "min": 3.53279066086,
        "var": 0.42261788249
    },
    "spectral_flux": {
        "dmean": 0.0212824419141,
        "dmean2": 0.0325405076146,
        "dvar": 0.00137586228084,
        "dvar2": 0.0029266232159,
        "max": 0.486945211887,
        "mean": 0.074671074748,
        "median": 0.0588986836374,
        "min": 6.39279740255e-11,
        "var": 0.00482945656404
    },
    "spectral_kurtosis": {
        "dmean": 1.9007833004,
        "dmean2": 3.0973675251,
        "dvar": 52.3948974609,
        "dvar2": 120.97858429,
        "max": 292.482421875,
        "mean": 4.83420944214,
        "median": 2.44593071938,
        "min": -1.52323281765,
        "var": 147.533370972
    },
    "spectral_rms": {
        "dmean": 0.000536266190466,
        "dmean2": 0.000768549507484,
        "dvar": 7.18865408089e-07,
        "dvar2": 1.17883450912e-06,
        "max": 0.0149001767859,
        "mean": 0.00538285821676,
        "median": 0.00569656677544,
        "min": 3.11864097914e-12,
        "var": 8.45101658342e-06
    },
    "spectral_rolloff": {
        "dmean": 919.29486084,
        "dmean2": 1498.06494141,
        "dvar": 2595795.75,
        "dvar2": 5746131,
        "max": 19422.9492188,
        "mean": 2885.71240234,
        "median": 1658.05664062,
        "min": 21.533203125,
        "var": 11243585
    },
    "spectral_skewness": {
        "dmean": 0.214484885335,
        "dmean2": 0.341166704893,
        "dvar": 0.16875821352,
        "dvar2": 0.406169712543,
        "max": 14.0756435394,
        "mean": 1.38260948658,
        "median": 1.20530056953,
        "min": -0.155221670866,
        "var": 0.85114634037
    },
    "spectral_spread": {
        "dmean": 620630.6875,
        "dmean2": 905499.3125,
        "dvar": 754946211840,
        "dvar2": 1.38099241779e+12,
        "max": 43281288,
        "mean": 5763173,
        "median": 5587623.5,
        "min": 383057.21875,
        "var": 1.18212389765e+13
    },
    "spectral_strongpeak": {
        "dmean": 0.315193504095,
        "dmean2": 0.544325768948,
        "dvar": 0.975120604038,
        "dvar2": 2.57189774513,
        "max": 16.0834007263,
        "mean": 0.56256377697,
        "median": 0.294979214668,
        "min": 0,
        "var": 1.10634899139
    },
    "zerocrossingrate": {
        "dmean": 0.0151497274637,
        "dmean2": 0.0171327646822,
        "dvar": 0.000428086321335,
        "dvar2": 0.000448833481641,
        "max": 0.70068359375,
        "mean": 0.0923380255699,
        "median": 0.07568359375,
        "min": 0,
        "var": 0.00680455984548
    },
    "barkbands": {
        "dmean": [0.00127765070647, 0.00489711808041, 0.00205141026527, 0.000817719614133, 0.000843809859361, 0.00023447239073, 0.000168499420397, 0.000223668903345, 0.000315030192723, 0.000339858932421, 0.000349846144672, 0.000346738524968, 0.000277445651591, 0.000250264536589, 0.000283550005406, 0.000278304534731, 0.000297213817248, 0.000314137490932, 0.000288995332085, 0.000332739320584, 0.000354416901246, 0.000350725953467, 0.00034690569737, 0.00033223637729, 0.00028763114824, 0.000187704339623, 5.93222830503e-05],
        "dmean2": [0.00197952170856, 0.00715246703476, 0.00349590368569, 0.00143694644794, 0.00126197678037, 0.00041107533616, 0.000282108725514, 0.000364175764844, 0.00051051878836, 0.000550660653971, 0.000572830846068, 0.000577473721933, 0.000466458528535, 0.000411525339587, 0.000474201719044, 0.000468448793981, 0.000503683288116, 0.000530505960342, 0.000486985809403, 0.000552901532501, 0.00058318907395, 0.000585159636103, 0.000572273915168, 0.000546055613086, 0.000461766001536, 0.000290735595627, 9.50447138166e-05],
        "dvar": [1.01343830465e-05, 0.00017426427803, 0.000167006772244, 2.91914493573e-05, 1.24844455058e-05, 6.86205282818e-07, 2.77280918226e-07, 3.88259337569e-07, 6.66100106628e-07, 6.41535564228e-07, 8.26528719244e-07, 9.57574116001e-07, 5.9024642951e-07, 4.82814243696e-07, 5.218212209e-07, 5.07930224103e-07, 4.79983555124e-07, 7.10561494088e-07, 3.76506875455e-07, 5.16753118518e-07, 6.19370496224e-07, 5.86302007832e-07, 6.40902612759e-07, 5.80733399147e-07, 5.99617010266e-07, 3.9036874e-07, 6.40227355575e-08],
        "dvar2": [2.16784046643e-05, 0.000337729230523, 0.000447109545348, 8.274501306e-05, 2.70436994469e-05, 1.96012683773e-06, 7.24673327568e-07, 1.02644821709e-06, 1.66291476944e-06, 1.56781550231e-06, 1.9490385057e-06, 2.51636765825e-06, 1.63842412348e-06, 1.26928478039e-06, 1.3742092051e-06, 1.33842468131e-06, 1.31276351567e-06, 1.95560846805e-06, 1.00016961824e-06, 1.34127924412e-06, 1.62085541433e-06, 1.55701593485e-06, 1.74066428826e-06, 1.48844571868e-06, 1.5099818711e-06, 9.57522047429e-07, 1.44550583059e-07],
        "max": [0.0676194801927, 0.192588672042, 0.169736534357, 0.0824440792203, 0.0597703494132, 0.0153378443792, 0.013138522394, 0.0146589055657, 0.0186436660588, 0.0181615334004, 0.0252898037434, 0.0157486461103, 0.0163565389812, 0.0171088706702, 0.013229880482, 0.0151271317154, 0.0109794232994, 0.0200337506831, 0.0102352574468, 0.0233132299036, 0.0174584165215, 0.0186790600419, 0.0136064728722, 0.0152802094817, 0.0256838593632, 0.0136788841337, 0.00692052999511],
        "mean": [0.00472921598703, 0.0203048549592, 0.00182720832527, 0.000662006612401, 0.000975976930931, 0.00027217445313, 0.000249970558798, 0.000310645264108, 0.000430400075857, 0.000500196649227, 0.000492136168759, 0.000464413955342, 0.000375120784156, 0.000361744896509, 0.000391570356442, 0.000380351761123, 0.000421404314693, 0.000461396819446, 0.000489899597596, 0.000609367154539, 0.000707286817487, 0.00068832928082, 0.000670245732181, 0.00067052122904, 0.000536937732249, 0.000303447217448, 7.50524923205e-05],
        "median": [0.00210960116237, 0.013396977447, 0.000176207409822, 6.01340434514e-05, 6.56544798403e-05, 4.94767155033e-05, 5.35190883966e-05, 8.63778113853e-05, 9.0837260359e-05, 9.77925519692e-05, 8.46217008075e-05, 7.24070268916e-05, 7.35046196496e-05, 7.10562453605e-05, 8.11702775536e-05, 9.99080075417e-05, 0.00014734789147, 0.000178243790288, 0.000203605828574, 0.000214325409615, 0.000177896814421, 0.000178259593667, 0.000138105329825, 9.78989846772e-05, 9.20358797885e-05, 4.14369023929e-05, 2.88657042802e-06],
        "min": [6.83377826938e-25, 6.579921844e-25, 1.58423691405e-24, 9.46582993598e-25, 1.05472209752e-23, 7.95541058253e-24, 5.98741324986e-24, 7.53273023204e-24, 1.48741774718e-23, 1.26313607213e-23, 6.53626243581e-24, 3.31086215653e-23, 2.40864730348e-23, 3.05645419905e-23, 5.51420777834e-23, 6.21778650882e-23, 6.66778874122e-23, 1.09441601633e-22, 1.44584446193e-22, 1.78374754021e-22, 2.31093684606e-22, 3.17536078102e-22, 3.63600632475e-22, 5.89776141679e-22, 8.16215471214e-22, 1.40409001635e-21, 2.01505680472e-21],
        "var": [3.57187964255e-05, 0.000545798102394, 0.000115132643259, 1.7686148567e-05, 1.73990247276e-05, 5.78178457999e-07, 4.13709472014e-07, 5.05319007971e-07, 1.029446139e-06, 1.35052800943e-06, 1.52565462486e-06, 1.30623720906e-06, 7.00676253018e-07, 6.99954114225e-07, 7.54139193759e-07, 6.52174492188e-07, 5.93195977672e-07, 7.97170628175e-07, 6.28025816241e-07, 9.5532936939e-07, 1.29814577576e-06, 1.16190415156e-06, 1.18703360386e-06, 1.42606961617e-06, 1.11827705496e-06, 6.04264585036e-07, 8.58095532408e-08]
    },
    "erbbands": {
        "dmean": [0.248777672648, 0.885806441307, 2.11644816399, 2.50135588646, 2.94148945808, 3.05262064934, 2.64094400406, 1.86898219585, 2.1269929409, 3.72271704674, 4.59745264053, 7.10349321365, 9.95771312714, 10.4210796356, 14.9767637253, 13.5177154541, 12.4062738419, 12.2135896683, 13.6860408783, 14.6725969315, 14.0789117813, 16.8133525848, 16.9041213989, 15.0566263199, 14.6359090805, 15.1027488708, 14.4860525131, 14.4782562256, 13.2379646301, 12.2176790237, 9.67653656006, 7.67856836319, 5.43577480316, 3.37066411972, 2.11724209785, 0.940442681313, 0.324896544218, 0.0898552462459, 0.010035882704, 0.000147998551256],
        "dmean2": [0.354733943939, 1.41505765915, 3.5060043335, 4.18426704407, 4.67747354507, 4.96072387695, 4.72633361816, 3.20600819588, 3.5589363575, 6.08016586304, 7.48061180115, 11.4854354858, 16.0333919525, 17.301902771, 24.4652080536, 22.5052337646, 20.7745666504, 20.1879653931, 22.6002407074, 24.7109451294, 23.7338294983, 28.5604057312, 28.9361515045, 25.1429786682, 24.5094661713, 25.2022953033, 23.8347911835, 23.6695995331, 21.9135532379, 20.4684696198, 16.1525478363, 12.8741836548, 8.85166454315, 5.50019359589, 3.38287639618, 1.45164692402, 0.518678665161, 0.142045587301, 0.0161884706467, 0.000236040461459],
        "dvar": [0.463447540998, 9.10092353821, 148.398788452, 241.440994263, 191.611877441, 209.981521606, 165.523468018, 33.5166625977, 36.8783721924, 162.729904175, 157.551345825, 348.914367676, 582.284057617, 688.147216797, 1540.33398438, 1532.33850098, 1192.58044434, 1281.3527832, 1193.44750977, 1420.77807617, 1304.07409668, 1519.76171875, 2222.64550781, 1075.11315918, 977.697753906, 1204.38195801, 1110.17419434, 1012.40032959, 815.668823242, 778.191955566, 514.259399414, 357.026824951, 159.236953735, 129.295089722, 31.1589832306, 9.70348548889, 1.09287273884, 0.0947012901306, 0.00207956484519, 3.5267481735e-07],
        "dvar2": [0.724272370338, 23.5485572815, 380.737609863, 617.67010498, 449.117370605, 542.618041992, 474.068328857, 92.666809082, 98.4278488159, 449.70715332, 398.367279053, 859.57043457, 1428.06164551, 1715.48522949, 3614.60717773, 4075.33374023, 3305.54589844, 3406.43286133, 3058.67578125, 3842.546875, 3406.81811523, 4124.06396484, 6176.51123047, 2826.45385742, 2546.33886719, 3148.98876953, 2896.65698242, 2681.08837891, 2152.69360352, 2084.18579102, 1381.671875, 943.115661621, 403.044769287, 345.371948242, 75.4057922363, 23.3320960999, 2.74742269516, 0.216573372483, 0.00492047984153, 8.32253363114e-07],
        "max": [8.91982555389, 45.02293396, 170.280410767, 228.17414856, 168.20854187, 257.246307373, 191.330780029, 184.707748413, 131.471450806, 396.940704346, 392.514862061, 442.496917725, 465.015075684, 539.932800293, 841.239074707, 696.68762207, 713.370422363, 860.236633301, 694.822814941, 694.036071777, 900.026123047, 621.79095459, 1200.11328125, 860.471862793, 532.978637695, 1253.71813965, 1118.76843262, 655.107055664, 932.368164062, 706.531311035, 417.137512207, 412.190246582, 377.030792236, 550.624267578, 110.21749115, 72.4865570068, 23.539686203, 6.32212781906, 1.37314689159, 0.0173296201974],
        "mean": [1.12973117828, 2.35305380821, 2.3624587059, 2.29857373238, 3.04852819443, 2.90763020515, 2.29449391365, 2.41114473343, 3.38242030144, 5.53671836853, 6.34352254868, 10.0496339798, 14.9327535629, 15.6651945114, 21.243686676, 18.7640857697, 17.6212654114, 18.043794632, 20.2435932159, 20.9029273987, 20.7615756989, 24.5408039093, 24.9348373413, 25.4269218445, 26.3347206116, 27.7563114166, 27.8841342926, 27.9981307983, 25.9598941803, 22.7001209259, 18.026599884, 14.4008321762, 10.7944126129, 6.34845542908, 3.6740322113, 1.53473246098, 0.513484895229, 0.131230965257, 0.0125311557204, 0.000243701797444],
        "median": [0.593388676643, 1.2904381752, 0.441072523594, 0.26726359129, 0.220813751221, 0.201748549938, 0.280651479959, 0.478981256485, 0.701994478703, 1.59733951092, 1.88906610012, 2.23618268967, 3.16507577896, 3.30192995071, 3.97771334648, 3.21952438354, 3.77119827271, 3.87561798096, 4.41616868973, 5.17055416107, 6.27658748627, 8.9632396698, 10.039847374, 10.7409849167, 10.2016639709, 9.73134613037, 7.5107088089, 7.05507898331, 6.61260414124, 5.25133371353, 3.5690908432, 2.22319221497, 1.59618413448, 1.01745951176, 0.592686057091, 0.225492537022, 0.0641303509474, 0.0123274503276, 0.00063350237906, 7.75959779276e-05],
        "min": [2.30176169954e-23, 1.97820011251e-22, 1.70619774219e-21, 8.05090932009e-21, 1.63055651804e-20, 2.90028683624e-20, 1.25753683587e-20, 7.78324223648e-20, 1.27620720702e-19, 1.20027448248e-19, 2.59319726168e-19, 3.41932683787e-19, 5.57090064231e-19, 4.62470735118e-19, 6.91133028134e-19, 1.45914959907e-18, 1.48922381819e-18, 1.94348152871e-18, 2.68466679042e-18, 3.11109431942e-18, 3.94158799712e-18, 4.60836464042e-18, 4.83556840722e-18, 5.09703564935e-18, 7.9766796635e-18, 7.85818107767e-18, 9.01263818112e-18, 1.02643030686e-17, 1.04159691155e-17, 1.16166093669e-17, 1.26350697058e-17, 1.08512067384e-17, 8.99553539477e-18, 7.82438909528e-18, 6.71226792276e-18, 3.588081609e-18, 2.52385667548e-18, 9.96015413405e-19, 2.67261280434e-19, 2.99687632863e-20],
        "var": [1.7069092989, 13.6849460602, 114.597511292, 182.34336853, 202.65802002, 184.523147583, 101.834815979, 39.9959220886, 65.8505783081, 188.482147217, 197.045333862, 582.711242676, 1093.3815918, 1392.09375, 2710.08178711, 2041.15893555, 1464.35888672, 1762.66711426, 1814.74365234, 1920.49133301, 1796.34936523, 1885.07080078, 2344.0090332, 1856.10754395, 1771.93969727, 2070.64111328, 2152.56860352, 2031.29650879, 1659.16064453, 1400.28991699, 897.043518066, 689.911193848, 385.539489746, 185.029083252, 57.4804229736, 14.5504713058, 1.77188575268, 0.155039340258, 0.00249716453254, 4.68170100021e-07]
    },
    "gfcc": {
        "mean": [-39.5404052734, 34.4301185608, -105.651573181, 41.5982780457, -41.8686523438, 27.6027793884, -15.7805366516, 23.5470695496, -11.3856420517, 10.9687156677, -10.1945266724, 6.55442905426, -8.40662288666],
        "cov": [[27592.5175781, -5565.05761719, -639.725708008, 1980.12536621, -1072.0904541, 1924.76257324, -769.157348633, 770.944152832, -861.956542969, 485.594238281, -675.91027832, 482.868927002, -290.790618896], [-5565.05761719, 4163.95263672, 31.1536579132, -440.825378418, 508.582336426, -634.344665527, 499.27243042, -212.962097168, 564.022766113, -186.127822876, 399.558380127, -174.888809204, 202.252182007], [-639.725708008, 31.1536579132, 1799.21166992, 476.122192383, 396.947601318, 47.606502533, 33.1943817139, 39.3111305237, 37.5625228882, 116.702590942, 49.2933654785, 102.293190002, 5.00211238861], [1980.12536621, -440.825378418, 476.122192383, 1076.55834961, 214.41456604, 423.600952148, 4.98337602615, 93.9804763794, -55.6567230225, 23.4889774323, -47.2678070068, -11.2349491119, -1.87808215618], [-1072.0904541, 508.582336426, 396.947601318, 214.41456604, 683.277160645, 137.944412231, 227.280715942, 20.5755195618, 112.006759644, 30.0631103516, 74.3503417969, -2.75968003273, 34.1746406555], [1924.76257324, -634.344665527, 47.606502533, 423.600952148, 137.944412231, 703.729187012, 157.68019104, 169.568252563, -56.4534187317, 41.087802887, -46.4452438354, 13.3894004822, 23.0137786865], [-769.157348633, 499.27243042, 33.1943817139, 4.98337602615, 227.280715942, 157.68019104, 396.172973633, 114.208473206, 156.024185181, 14.9496068954, 87.5971679688, -6.43666410446, 47.232509613], [770.944152832, -212.962097168, 39.3111305237, 93.9804763794, 20.5755195618, 169.568252563, 114.208473206, 278.374359131, 105.318969727, 95.5704193115, 7.61663579941, 36.6823348999, -1.18883514404], [-861.956542969, 564.022766113, 37.5625228882, -55.6567230225, 112.006759644, -56.4534187317, 156.024185181, 105.318969727, 297.340667725, 89.8231277466, 119.153182983, -0.10185752809, 35.7481422424], [485.594238281, -186.127822876, 116.702590942, 23.4889774323, 30.0631103516, 41.087802887, 14.9496068954, 95.5704193115, 89.8231277466, 204.491500854, 79.071182251, 84.5285110474, -0.21872407198], [-675.91027832, 399.558380127, 49.2933654785, -47.2678070068, 74.3503417969, -46.4452438354, 87.5971679688, 7.61663579941, 119.153182983, 79.071182251, 203.788696289, 60.7698059082, 46.6897659302], [482.868927002, -174.888809204, 102.293190002, -11.2349491119, -2.75968003273, 13.3894004822, -6.43666410446, 36.6823348999, -0.10185752809, 84.5285110474, 60.7698059082, 158.700531006, 42.3239250183], [-290.790618896, 202.252182007, 5.00211238861, -1.87808215618, 34.1746406555, 23.0137786865, 47.232509613, -1.18883514404, 35.7481422424, -0.21872407198, 46.6897659302, 42.3239250183, 117.860572815]],
        "icov": [[8.32412188174e-05, -3.05022622342e-05, 6.57979617245e-05, -0.000121868979477, 0.000104688719148, -0.000170770450495, 0.00012012134539, -0.000117528841656, 0.000116938055726, -0.000184857839486, 0.000223108174396, -0.000330166774802, 0.000201019371161], [-3.05022622342e-05, 0.000791019934695, -5.73771721974e-05, 6.34567259112e-05, -0.000297910126392, 0.000636264157947, -0.000578288396355, 0.000486424163682, -0.00100420985837, 0.00101848330814, -0.00101847178303, 0.000881332263816, -0.000836976338178], [6.57979617245e-05, -5.73771721974e-05, 0.000829540193081, -0.000458861381048, -0.00031959178159, 0.000117451287224, 0.000117088537081, -0.000100109034975, 0.00018033766537, -0.000451696192613, 0.000353034352884, -0.000801331421826, 0.000332454335876], [-0.000121868979477, 6.34567259112e-05, -0.000458861381048, 0.00171583495103, -0.000441441399744, -0.000693616981152, 0.00048289381084, -9.10154049052e-05, -0.000175897948793, 0.000489816360641, -0.000513417704497, 0.000989417661913, -0.000391411886085], [0.000104688719148, -0.000297910126392, -0.00031959178159, -0.000441441399744, 0.00253368890844, -0.000628239009529, -0.00089733133791, 0.000547416275367, -2.9249016734e-05, -0.000708150619175, 0.000528317759745, -0.000498116074596, 0.000506320211571], [-0.000170770450495, 0.000636264157947, 0.000117451287224, -0.000693616981152, -0.000628239009529, 0.00366430962458, -0.00196686014533, -0.00073484837776, 0.000827369105536, 7.00779637555e-05, -0.000618436257355, 0.00155862502288, -0.0018472855445], [0.00012012134539, -0.000578288396355, 0.000117088537081, 0.00048289381084, -0.00089733133791, -0.00196686014533, 0.00574324978516, -0.00193787016906, -0.000918477366213, 0.000974475347903, -0.00065243744757, -0.000579001381993, 0.000361318496289], [-0.000117528841656, 0.000486424163682, -0.000100109034975, -9.10154049052e-05, 0.000547416275367, -0.00073484837776, -0.00193787016906, 0.00731357047334, -0.0035071617458, -0.00108875520527, 0.00146736321039, -0.000864507630467, 0.000504130148329], [0.000116938055726, -0.00100420985837, 0.00018033766537, -0.000175897948793, -2.9249016734e-05, 0.000827369105536, -0.000918477366213, -0.0035071617458, 0.00931509677321, -0.00420380756259, -0.00122658035252, 0.00206919992343, -0.000909361289814], [-0.000184857839486, 0.00101848330814, -0.000451696192613, 0.000489816360641, -0.000708150619175, 7.00779637555e-05, 0.000974475347903, -0.00108875520527, -0.00420380756259, 0.0115076396614, -0.00403159856796, -0.00269816443324, 0.00147570413537], [0.000223108174396, -0.00101847178303, 0.000353034352884, -0.000513417704497, 0.000528317759745, -0.000618436257355, -0.00065243744757, 0.00146736321039, -0.00122658035252, -0.00403159856796, 0.0108999880031, -0.00443920027465, 0.000159566436196], [-0.000330166774802, 0.000881332263816, -0.000801331421826, 0.000989417661913, -0.000498116074596, 0.00155862502288, -0.000579001381993, -0.000864507630467, 0.00206919992343, -0.00269816443324, -0.00443920027465, 0.0136338602751, -0.00598380481824], [0.000201019371161, -0.000836976338178, 0.000332454335876, -0.000391411886085, 0.000506320211571, -0.0018472855445, 0.000361318496289, 0.000504130148329, -0.000909361289814, 0.00147570413537, 0.000159566436196, -0.00598380481824, 0.0128348143771]]
    },
    "melbands": {
        "dmean": [0.001661670045, 0.00101432704832, 0.000424568570452, 0.000202887385967, 0.000106221836177, 4.2602452595e-05, 3.22191554005e-05, 4.36463997175e-05, 3.90021086787e-05, 4.69662045361e-05, 5.04183699377e-05, 4.26478400186e-05, 4.87392899231e-05, 4.12596600654e-05, 3.36566772603e-05, 2.61658333329e-05, 2.35224015341e-05, 2.25160620175e-05, 2.12940230995e-05, 2.11331025639e-05, 1.64832345035e-05, 1.86962497537e-05, 1.61967182066e-05, 1.54083209054e-05, 1.28775136545e-05, 1.14705253509e-05, 1.22572027976e-05, 1.05962271846e-05, 1.00334227682e-05, 9.65534127317e-06, 8.78159880813e-06, 8.29035889183e-06, 7.28211171008e-06, 7.32278977011e-06, 6.26591190667e-06, 4.93742390972e-06, 5.10221843797e-06, 4.25416328653e-06, 3.37706137543e-06, 2.87513466901e-06],
        "dmean2": [0.00240098079666, 0.0015920472797, 0.000686200044584, 0.000301720516291, 0.000189032376511, 7.35842550057e-05, 5.36552579433e-05, 7.10989770596e-05, 6.3208710344e-05, 7.59245813242e-05, 8.12854923424e-05, 7.11196917109e-05, 7.97734464868e-05, 6.83266916894e-05, 5.69849835301e-05, 4.36989794252e-05, 3.89638735214e-05, 3.71469759557e-05, 3.56871969416e-05, 3.60387202818e-05, 2.77107192233e-05, 3.15430042974e-05, 2.79635296465e-05, 2.60352499026e-05, 2.15428626689e-05, 1.94169369934e-05, 2.00560607482e-05, 1.77601832547e-05, 1.66452628036e-05, 1.59617939062e-05, 1.44461864693e-05, 1.37102015287e-05, 1.22758192447e-05, 1.22484962048e-05, 1.05604649434e-05, 8.13798124e-06, 8.64370667841e-06, 6.98668873156e-06, 5.5089280977e-06, 4.73812178825e-06],
        "dvar": [1.90625742107e-05, 2.210177081e-05, 5.58682950214e-06, 7.75101341333e-07, 2.84583990151e-07, 1.69322671439e-08, 9.24250009859e-09, 2.03780867736e-08, 1.14890807978e-08, 1.5202298087e-08, 1.49756509416e-08, 1.16413154672e-08, 1.62630868772e-08, 1.36798652406e-08, 1.04957145197e-08, 5.11111730717e-09, 4.96878360678e-09, 3.20518767083e-09, 3.08345149413e-09, 3.02702551913e-09, 1.92403337707e-09, 1.87938109519e-09, 1.97784499889e-09, 1.7418929632e-09, 8.01394783867e-10, 6.556681309e-10, 7.32723048902e-10, 5.96457494506e-10, 5.57406842905e-10, 4.59152188492e-10, 3.87825577208e-10, 3.18649717723e-10, 3.17609549771e-10, 3.03131186818e-10, 2.233171148e-10, 1.22517010426e-10, 1.69912389714e-10, 1.05354204527e-10, 7.78434400273e-11, 9.78120709427e-11],
        "dvar2": [3.04683853756e-05, 5.11257567268e-05, 1.34915062517e-05, 1.71421436335e-06, 8.08702907307e-07, 4.73671768475e-08, 2.4273939303e-08, 5.6265928805e-08, 2.89874400039e-08, 3.73209232407e-08, 3.67690873304e-08, 2.89879391602e-08, 3.81764770907e-08, 3.54943523462e-08, 2.86325789745e-08, 1.38528726268e-08, 1.32846427192e-08, 8.1694118137e-09, 8.23544965556e-09, 8.19494339055e-09, 5.00649788293e-09, 5.06732966699e-09, 5.44954570358e-09, 4.76462735932e-09, 2.10462025585e-09, 1.75770342725e-09, 1.89419191443e-09, 1.56632695703e-09, 1.44354694864e-09, 1.19451870617e-09, 1.04571795667e-09, 8.46579695235e-10, 8.5085938295e-10, 8.25081114542e-10, 6.10845651838e-10, 3.13623460535e-10, 4.59330323777e-10, 2.68753547195e-10, 1.97234367727e-10, 2.65625410556e-10],
        "max": [0.0591593310237, 0.0686269029975, 0.0335108786821, 0.0148875340819, 0.00859056133777, 0.00362796941772, 0.00243494682945, 0.00446134898812, 0.00318994279951, 0.00298544741236, 0.00237942533568, 0.00244610011578, 0.00351381185465, 0.00217987922952, 0.00233557983302, 0.00226207124069, 0.00170900835656, 0.001184627763, 0.00127279665321, 0.00120755459648, 0.00098685908597, 0.000777957960963, 0.00103787821718, 0.00101771182381, 0.000815503764898, 0.000479468493722, 0.000759673595894, 0.00076378666563, 0.000854314421304, 0.000377080810722, 0.000421784847276, 0.000593007833231, 0.000320088467561, 0.000494917796459, 0.00024980204762, 0.000239443848841, 0.000288143666694, 0.000307170994347, 0.000317570287734, 0.000448734353995],
        "mean": [0.00755448080599, 0.00178681185935, 0.000425316247856, 0.000223818104132, 9.13744734135e-05, 5.50116928935e-05, 5.09093988512e-05, 6.42240629531e-05, 5.19270251971e-05, 6.54445757391e-05, 7.45526485844e-05, 6.1981176259e-05, 6.89213338774e-05, 5.6064898672e-05, 4.41429438069e-05, 3.60525118595e-05, 3.31428018399e-05, 3.21667066601e-05, 2.94210749416e-05, 2.77007438854e-05, 2.31562062254e-05, 2.57266983681e-05, 2.25968597078e-05, 2.20936217374e-05, 2.04001316888e-05, 1.83168958756e-05, 2.03438139579e-05, 1.78304071596e-05, 1.74474862433e-05, 1.71586052602e-05, 1.55218931468e-05, 1.51156937136e-05, 1.2593682186e-05, 1.27545808937e-05, 1.05746912595e-05, 8.97537211131e-06, 8.74802572071e-06, 7.9533438111e-06, 6.15546059635e-06, 5.05629577674e-06],
        "median": [0.00468907225877, 0.000744292570744, 4.83010880998e-05, 1.50159266923e-05, 9.75322927843e-06, 1.03369638964e-05, 1.01536152215e-05, 1.70992680069e-05, 1.36431935971e-05, 1.35423561005e-05, 1.49154566316e-05, 1.22143392218e-05, 1.18712869153e-05, 9.05491287995e-06, 6.50837046123e-06, 7.11236953066e-06, 6.44238298264e-06, 6.49938556307e-06, 6.45792715659e-06, 6.86728981236e-06, 6.37574066786e-06, 8.76435842656e-06, 7.98064684204e-06, 8.4617495304e-06, 8.01997521194e-06, 7.16159684089e-06, 6.45700447421e-06, 5.96358768234e-06, 4.69041242468e-06, 4.19974912802e-06, 3.65347159459e-06, 3.92619676859e-06, 2.923565944e-06, 2.82433484244e-06, 2.02377941605e-06, 1.63369440997e-06, 1.2049323459e-06, 1.12221891868e-06, 9.38017251428e-07, 7.84444296187e-07],
        "min": [1.83869671941e-25, 5.20799165702e-25, 1.7614660535e-24, 2.36899150244e-24, 5.39958723545e-25, 1.80304257308e-24, 1.95307070383e-24, 1.20790845263e-24, 1.71181731749e-24, 1.8661916774e-24, 2.36061419405e-24, 1.93201778121e-24, 1.99401337367e-24, 3.84500784295e-24, 3.56941889128e-24, 3.93304432554e-24, 3.21177420597e-24, 3.3559980954e-24, 4.67550167131e-24, 3.99613978733e-24, 3.57957508101e-24, 4.18620832826e-24, 2.89765117402e-24, 3.68308507025e-24, 3.62705306902e-24, 4.9443596673e-24, 5.08686857312e-24, 3.89215529824e-24, 5.63900454803e-24, 3.99832335431e-24, 4.72299306995e-24, 4.62620417562e-24, 6.60286872305e-24, 4.71923572546e-24, 5.74362525343e-24, 6.84890931179e-24, 6.38347979999e-24, 5.44380446691e-24, 6.29917857378e-24, 5.933616486e-24],
        "var": [7.17551520211e-05, 2.32411348406e-05, 4.7076687224e-06, 1.01286400422e-06, 1.76785647454e-07, 1.94880716009e-08, 1.54620636295e-08, 2.44890490109e-08, 1.43795837459e-08, 2.57702428286e-08, 2.81615140096e-08, 2.32307275638e-08, 2.98485964834e-08, 1.91854105935e-08, 1.18730500986e-08, 6.49073506054e-09, 6.57546506133e-09, 4.80174477957e-09, 4.37880842696e-09, 3.51489748418e-09, 2.57533838699e-09, 2.25704854806e-09, 2.12716888548e-09, 1.93281235461e-09, 1.3535425003e-09, 9.64163859862e-10, 1.2689767015e-09, 9.32947497034e-10, 9.88466752894e-10, 8.52176662569e-10, 6.8269390141e-10, 5.97956129056e-10, 4.74294103991e-10, 4.99066454829e-10, 3.33163580057e-10, 2.51708487387e-10, 2.88078505495e-10, 2.44276487926e-10, 1.38371883396e-10, 1.34588645784e-10]
    },
    "mfcc": {
        "mean": [-677.522399902, 66.1450958252, 3.26806139946, 24.2550239563, 8.20067310333, 13.5660429001, 12.7986593246, 16.8064537048, 12.27967453, 11.4357709885, 9.19444274902, 7.47659444809, 5.86295795441],
        "cov": [[16662.7773438, -3530.59082031, -308.167327881, 27.8242683411, 50.6506996155, 746.871154785, 378.335479736, 376.495849609, 189.705474854, 70.7409973145, -167.318206787, -95.0757293701, -216.569641113], [-3530.59082031, 3052.69555664, 4.57291030884, 56.289100647, 44.2517204285, -243.799682617, -80.7388381958, -8.46617698669, 47.0937957764, 68.2895507812, 151.826751709, 134.023025513, 165.574234009], [-308.167327881, 4.57291030884, 1183.20581055, 438.937561035, 271.973449707, 146.801727295, 80.2239456177, 43.5026168823, 15.695772171, 26.9907207489, 24.5069198608, 26.0858478546, 31.2735233307], [27.8242683411, 56.289100647, 438.937561035, 702.638244629, 326.031555176, 166.120574951, 63.3605690002, 54.7046165466, 30.8029747009, 55.5371055603, 50.7771606445, 32.5401077271, 23.9597568512], [50.6506996155, 44.2517204285, 271.973449707, 326.031555176, 478.024871826, 244.452178955, 143.579696655, 71.6412277222, 56.1377487183, 57.1481132507, 41.6988830566, 25.2445545197, 11.6979045868], [746.871154785, -243.799682617, 146.801727295, 166.120574951, 244.452178955, 425.743652344, 241.348190308, 131.165771484, 86.7280960083, 62.3158683777, 20.5577259064, 18.036157608, -0.296945273876], [378.335479736, -80.7388381958, 80.2239456177, 63.3605690002, 143.579696655, 241.348190308, 310.539154053, 161.723526001, 98.1318664551, 53.7146263123, 33.8423156738, 32.2821159363, 13.4436416626], [376.495849609, -8.46617698669, 43.5026168823, 54.7046165466, 71.6412277222, 131.165771484, 161.723526001, 229.472793579, 136.262512207, 81.9556503296, 47.1422996521, 38.1245498657, 14.8539457321], [189.705474854, 47.0937957764, 15.695772171, 30.8029747009, 56.1377487183, 86.7280960083, 98.1318664551, 136.262512207, 204.648071289, 115.555931091, 55.2339859009, 38.8769073486, 32.3370132446], [70.7409973145, 68.2895507812, 26.9907207489, 55.5371055603, 57.1481132507, 62.3158683777, 53.7146263123, 81.9556503296, 115.555931091, 176.412155151, 96.6421737671, 54.2683334351, 38.0684623718], [-167.318206787, 151.826751709, 24.5069198608, 50.7771606445, 41.6988830566, 20.5577259064, 33.8423156738, 47.1422996521, 55.2339859009, 96.6421737671, 157.43977356, 96.7228851318, 64.3752746582], [-95.0757293701, 134.023025513, 26.0858478546, 32.5401077271, 25.2445545197, 18.036157608, 32.2821159363, 38.1245498657, 38.8769073486, 54.2683334351, 96.7228851318, 146.426986694, 96.4631195068], [-216.569641113, 165.574234009, 31.2735233307, 23.9597568512, 11.6979045868, -0.296945273876, 13.4436416626, 14.8539457321, 32.3370132446, 38.0684623718, 64.3752746582, 96.4631195068, 148.032989502]],
