{
"lowlevel": {
    "average_loudness": 0.707973361015,
    "barkbands_crest": {
        "dmean": 3.15608882904,
        "dmean2": 5.09063100815,
        "dvar": 9.18389415741,
        "dvar2": 21.6747932434,
        "max": 26.7782802582,
        "mean": 12.6531438828,
        "median": 11.8499183655,
        "min": 1.71416330338,
        "var": 25.8298149109
    },
    "barkbands_flatness_db": {
        "dmean": 0.0313922949135,
        "dmean2": 0.0501483641565,
        "dvar": 0.00127932464238,
        "dvar2": 0.00310114840977,
        "max": 0.647013902664,
        "mean": 0.174981251359,
        "median": 0.147096708417,
        "min": 0.00823073554784,
        "var": 0.00992861110717
    },
    "barkbands_kurtosis": {
        "dmean": 11.8750104904,
        "dmean2": 19.6936607361,
        "dvar": 3775.04003906,
        "dvar2": 8578.02636719,
        "max": 4604.109375,
        "mean": 16.4708061218,
        "median": 5.46063423157,
        "min": -1.66565978527,
        "var": 11399.9267578
    },
    "barkbands_skewness": {
        "dmean": 0.961896061897,
        "dmean2": 1.54449439049,
        "dvar": 2.24932980537,
        "dvar2": 5.33594989777,
        "max": 44.5022392273,
        "mean": 2.59953570366,
        "median": 2.11868786812,
        "min": -2.11738157272,
        "var": 5.34688138962
    },
    "barkbands_spread": {
        "dmean": 5.5168132782,
        "dmean2": 9.0258436203,
        "dvar": 53.2588577271,
        "dvar2": 133.680923462,
        "max": 92.5355987549,
        "mean": 15.8014097214,
        "median": 12.7443561554,
        "min": 0.0216944925487,
        "var": 153.66192627
    },
    "dissonance": {
        "dmean": 0.0216032937169,
        "dmean2": 0.0366896726191,
        "dvar": 0.000532622099854,
        "dvar2": 0.00151511409786,
        "max": 0.5,
        "mean": 0.457611858845,
        "median": 0.468352973461,
        "min": 0.185092538595,
        "var": 0.0013700213749
    },
    "dynamic_complexity": 4.76718950272,
    "erbbands_crest": {
        "dmean": 2.51174283028,
        "dmean2": 4.11366271973,
        "dvar": 6.03786182404,
        "dvar2": 15.2020654678,
        "max": 28.1298770905,
        "mean": 8.17336368561,
        "median": 7.25267601013,
        "min": 2.05560159683,
        "var": 16.0728778839
    },
    "erbbands_flatness_db": {
        "dmean": 0.0139564061537,
        "dmean2": 0.0215489864349,
        "dvar": 0.000218631364987,
        "dvar2": 0.000492561026476,
        "max": 0.383719742298,
        "mean": 0.147562116385,
        "median": 0.115206442773,
        "min": 0.047170817852,
        "var": 0.00651740282774
    },
    "erbbands_kurtosis": {
        "dmean": 0.786905050278,
        "dmean2": 1.26293778419,
        "dvar": 4.10236406326,
        "dvar2": 7.38098526001,
        "max": 216.430206299,
        "mean": 0.475466102362,
        "median": -0.101093769073,
        "min": -1.6200273037,
        "var": 20.0604076385
    },
    "erbbands_skewness": {
        "dmean": 0.311264395714,
        "dmean2": 0.496766448021,
        "dvar": 0.107651762664,
        "dvar2": 0.266917139292,
        "max": 12.7042150497,
        "mean": 0.60417342186,
        "median": 0.531542599201,
        "min": -1.32422506809,
        "var": 0.381231367588
    },
    "erbbands_spread": {
        "dmean": 7.91620874405,
        "dmean2": 12.5101366043,
        "dvar": 82.5331954956,
        "dvar2": 199.551925659,
        "max": 151.444122314,
        "mean": 41.9191818237,
        "median": 42.078868866,
        "min": 1.94611620903,
        "var": 459.641876221
    },
    "hfc": {
        "dmean": 5.32939100266,
        "dmean2": 8.65441799164,
        "dvar": 115.907646179,
        "dvar2": 306.245361328,
        "max": 153.863800049,
        "mean": 18.5797462463,
        "median": 13.0172748566,
        "min": 1.03217542363e-16,
        "var": 369.875305176
    },
    "melbands_crest": {
        "dmean": 3.77349567413,
        "dmean2": 6.12863540649,
        "dvar": 12.1582193375,
        "dvar2": 29.7448368073,
        "max": 37.7722625732,
        "mean": 18.2732162476,
        "median": 18.0331630707,
        "min": 1.86093056202,
        "var": 42.7860603333
    },
    "melbands_flatness_db": {
        "dmean": 0.0367694161832,
        "dmean2": 0.0583572499454,
        "dvar": 0.00174912717193,
        "dvar2": 0.00412694597617,
        "max": 0.795484006405,
        "mean": 0.267818599939,
        "median": 0.240215048194,
        "min": 0.00432581361383,
        "var": 0.0141803417355
    },
    "melbands_kurtosis": {
        "dmean": 22.1716384888,
        "dmean2": 36.7723693848,
        "dvar": 2511.18237305,
        "dvar2": 6204.64550781,
        "max": 1282.83508301,
        "mean": 33.040802002,
        "median": 15.0775527954,
        "min": -1.38616502285,
        "var": 3639.07055664
    },
    "melbands_skewness": {
        "dmean": 1.23332726955,
        "dmean2": 1.97195827961,
        "dvar": 2.83505773544,
        "dvar2": 6.7565908432,
        "max": 32.6953735352,
        "mean": 3.86575293541,
        "median": 3.21081423759,
        "min": -0.464849710464,
        "var": 6.98185253143
    },
    "melbands_spread": {
        "dmean": 4.89528560638,
        "dmean2": 7.95476818085,
        "dvar": 44.6686668396,
        "dvar2": 104.117012024,
        "max": 156.08480835,
        "mean": 13.0591068268,
        "median": 9.66360855103,
        "min": 0.174297332764,
        "var": 158.930847168
    },
    "pitch_salience": {
        "dmean": 0.0936302468181,
        "dmean2": 0.152886852622,
        "dvar": 0.0085249170661,
        "dvar2": 0.0208519082516,
        "max": 0.841085314751,
        "mean": 0.478078961372,
        "median": 0.497308850288,
        "min": 0.0228682383895,
        "var": 0.0252149384469
    },
    "silence_rate_20dB": {
        "dmean": 0.000164446639246,
        "dmean2": 0.000328920315951,
        "dvar": 0.000164407334523,
        "dvar2": 0.000493223313242,
        "max": 1,
        "mean": 0.999917805195,
        "median": 1,
        "min": 0,
        "var": 8.22067377158e-05
    },
    "silence_rate_30dB": {
        "dmean": 0.0935701355338,
        "dmean2": 0.187155663967,
        "dvar": 0.0848101079464,
        "dvar2": 0.182217001915,
        "max": 1,
        "mean": 0.872646570206,
        "median": 1,
        "min": 0,
        "var": 0.111140690744
    },
    "silence_rate_60dB": {
        "dmean": 0.0198980439454,
        "dmean2": 0.0397993586957,
        "dvar": 0.019502889365,
        "dvar2": 0.0469346083701,
        "max": 1,
        "mean": 0.106552660465,
        "median": 0,
        "min": 0,
        "var": 0.0951967015862
    },
    "spectral_centroid": {
        "dmean": 220.568099976,
        "dmean2": 355.120025635,
        "dvar": 88872.4140625,
        "dvar2": 214665.796875,
        "max": 11795.8007812,
        "mean": 1015.93029785,
        "median": 894.749084473,
        "min": 63.1971626282,
        "var": 523267.40625
    },
    "spectral_complexity": {
        "dmean": 3.3448445797,
        "dmean2": 5.55497074127,
        "dvar": 16.9005298615,
        "dvar2": 43.9893341064,
        "max": 55,
        "mean": 17.2377700806,
        "median": 15,
        "min": 0,
        "var": 129.023391724
    },
    "spectral_decrease": {
        "dmean": 6.18188078505e-09,
        "dmean2": 1.02776809285e-08,
        "dvar": 1.28477533923e-16,
        "dvar2": 3.50523515277e-16,
        "max": 1.86587030055e-28,
        "mean": -1.24981980321e-08,
        "median": -7.48901118897e-09,
        "min": -9.4720071786e-08,
        "var": 2.02593882955e-16
    },
    "spectral_energy": {
        "dmean": 0.0235475562513,
        "dmean2": 0.0391060896218,
        "dvar": 0.00185209710617,
        "dvar2": 0.00504228286445,
        "max": 0.359533637762,
        "mean": 0.0488562323153,
        "median": 0.029953232035,
        "min": 1.02382325458e-20,
        "var": 0.00299479207024
    },
    "spectral_energyband_high": {
        "dmean": 0.000407115294365,
        "dmean2": 0.000685602368321,
        "dvar": 9.34100512495e-07,
        "dvar2": 2.66011102212e-06,
        "max": 0.0144581785426,
        "mean": 0.00100796041079,
        "median": 0.000460833427496,
        "min": 7.20595482569e-21,
        "var": 1.86189129181e-06
    },
    "spectral_energyband_low": {
        "dmean": 0.0205961856991,
        "dmean2": 0.0343538857996,
        "dvar": 0.00181495817378,
        "dvar2": 0.00498831178993,
        "max": 0.35595318675,
        "mean": 0.0331235714257,
        "median": 0.0106727248058,
        "min": 2.42508432485e-23,
        "var": 0.0024864943698
    },
    "spectral_energyband_middle_high": {
        "dmean": 0.00118477456272,
        "dmean2": 0.00195506797172,
        "dvar": 4.20284413849e-06,
        "dvar2": 1.09354978122e-05,
        "max": 0.0374862514436,
        "mean": 0.00333254877478,
        "median": 0.00207238155417,
        "min": 1.2149167789e-21,
        "var": 1.42140652315e-05
    },
    "spectral_energyband_middle_low": {
        "dmean": 0.00629272917286,
        "dmean2": 0.0100157978013,
        "dvar": 0.000284587993519,
        "dvar2": 0.000634917174466,
        "max": 0.222871467471,
        "mean": 0.0121717313305,
        "median": 0.00634063174948,
        "min": 1.58825745804e-22,
        "var": 0.000420984055381
    },
    "spectral_entropy": {
        "dmean": 0.164993479848,
        "dmean2": 0.263987332582,
        "dvar": 0.0391885079443,
        "dvar2": 0.0979307219386,
        "max": 9.8172416687,
        "mean": 7.43454456329,
        "median": 7.75874090195,
        "min": 4.49348735809,
        "var": 0.735732555389
    },
    "spectral_flux": {
        "dmean": 0.0382846817374,
        "dmean2": 0.0631568133831,
        "dvar": 0.00344533869065,
        "dvar2": 0.00827419199049,
        "max": 0.541358888149,
        "mean": 0.0993673801422,
        "median": 0.0778969749808,
        "min": 6.61742119434e-11,
        "var": 0.00733321299776
    },
    "spectral_kurtosis": {
        "dmean": 4.50056314468,
        "dmean2": 7.78030061722,
        "dvar": 113.954284668,
        "dvar2": 341.212341309,
        "max": 188.447692871,
        "mean": 14.3886432648,
        "median": 3.00951051712,
        "min": -1.26720142365,
        "var": 792.848388672
    },
    "spectral_rms": {
        "dmean": 0.00135635782499,
        "dmean2": 0.00217743078247,
        "dvar": 3.84776785722e-06,
        "dvar2": 9.67596588453e-06,
        "max": 0.0187287088484,
        "mean": 0.00585641665384,
        "median": 0.00540579902008,
        "min": 3.16046190954e-12,
        "var": 1.3367086467e-05
    },
    "spectral_rolloff": {
        "dmean": 321.452026367,
        "dmean2": 543.179931641,
        "dvar": 375471.84375,
        "dvar2": 876294.5,
        "max": 19573.6816406,
        "mean": 773.022583008,
        "median": 452.197265625,
        "min": 43.06640625,
        "var": 2012430.625
    },
    "spectral_skewness": {
        "dmean": 0.317683309317,
        "dmean2": 0.541855335236,
        "dvar": 0.274646490812,
        "dvar2": 0.823195934296,
        "max": 11.1774463654,
        "mean": 2.28796935081,
        "median": 1.48796331882,
        "min": -0.0884815081954,
        "var": 3.53025770187
    },
    "spectral_spread": {
        "dmean": 424738.4375,
        "dmean2": 658773,
        "dvar": 412598435840,
        "dvar2": 864293486592,
        "max": 42253744,
        "mean": 4867125.5,
        "median": 5403663,
        "min": 445225.625,
        "var": 6.13303241933e+12
    },
    "spectral_strongpeak": {
        "dmean": 0.281793564558,
        "dmean2": 0.472921013832,
        "dvar": 0.181552663445,
        "dvar2": 0.454007983208,
        "max": 6.83790445328,
        "mean": 0.522091329098,
        "median": 0.340863704681,
        "min": 0,
        "var": 0.308805137873
    },
    "zerocrossingrate": {
        "dmean": 0.00925269257277,
        "dmean2": 0.0118019031361,
        "dvar": 0.000126854458358,
        "dvar2": 0.000173094769707,
        "max": 0.84912109375,
        "mean": 0.0448101907969,
        "median": 0.03564453125,
        "min": 0.001953125,
        "var": 0.00214964034967
    },
    "barkbands": {
        "dmean": [0.00158783304505, 0.0165567304939, 0.00486480118707, 0.00243319757283, 0.00350063224323, 0.000938943820074, 0.00063266401412, 0.000416277907789, 0.000462104973849, 0.000416831317125, 0.000424385507358, 0.000341114762705, 0.000209168865695, 0.000161902862601, 0.000152845343109, 9.68451713561e-05, 0.000107287538412, 8.92896714504e-05, 8.50683645695e-05, 9.26598877413e-05, 9.51765541686e-05, 9.02018946363e-05, 8.44841561047e-05, 7.6943601016e-05, 6.17012192379e-05, 3.63907747669e-05, 8.20564218884e-06],
        "dmean2": [0.0025504459627, 0.0275790691376, 0.00829440262169, 0.00398850347847, 0.00572237977758, 0.00147479015868, 0.00097290991107, 0.00065375858685, 0.000733457796741, 0.000666721025482, 0.000691867317073, 0.000571192183997, 0.000354485004209, 0.000276846229099, 0.000265582842985, 0.000167570484336, 0.000185182128916, 0.000154416891746, 0.000146541875438, 0.000158998838742, 0.000163870499819, 0.000154117951752, 0.000145159836393, 0.000131134365802, 0.000104051789094, 6.12997246208e-05, 1.38160876304e-05],
        "dvar": [1.2708180293e-05, 0.00119943136815, 0.000225557087106, 5.88096772844e-05, 0.000144525620271, 2.80701783595e-06, 1.97089366338e-06, 8.07242258816e-07, 7.62327033499e-07, 9.34244724249e-07, 6.46151704586e-07, 5.30516786057e-07, 2.13628794654e-07, 1.48928307908e-07, 9.64073052501e-08, 3.2910694614e-08, 3.97200494717e-08, 2.58355790095e-08, 2.52164351622e-08, 3.31726468517e-08, 3.54232696509e-08, 4.52082851155e-08, 4.00124697819e-08, 2.97794855442e-08, 2.17113864664e-08, 9.36121669071e-09, 4.63598326395e-10],
        "dvar2": [2.9750601243e-05, 0.0032318723388, 0.00061368587194, 0.000144348916365, 0.000341465347447, 6.74949387758e-06, 4.30710588262e-06, 1.91760341295e-06, 1.82857365871e-06, 2.04560433303e-06, 1.65348149039e-06, 1.41496502692e-06, 5.37466689821e-07, 3.89672180745e-07, 2.75956864471e-07, 9.58260102379e-08, 1.12112125805e-07, 7.19740356203e-08, 7.12527565838e-08, 9.46239637756e-08, 1.01237894512e-07, 1.29194461351e-07, 1.15754239971e-07, 8.35550508782e-08, 6.00104002046e-08, 2.59067238773e-08, 1.23591359369e-09],
        "max": [0.0697021633387, 0.350847989321, 0.23465949297, 0.136377051473, 0.186384409666, 0.037070568651, 0.0377757325768, 0.0329644680023, 0.0194004178047, 0.0311625935137, 0.0189971365035, 0.0160604640841, 0.0210048928857, 0.0181152503937, 0.00685376347974, 0.00430454546586, 0.0048124413006, 0.00321583589539, 0.00482713058591, 0.00263897166587, 0.00289659691043, 0.00458879349753, 0.00301312492229, 0.00249098520726, 0.00277796783485, 0.0022113060113, 0.000454200460808],
        "mean": [0.0029967923183, 0.0239560902119, 0.00557582173496, 0.00276169436984, 0.00447059050202, 0.00187951372936, 0.00114102731459, 0.00072652916424, 0.000812322890852, 0.000689508160576, 0.000665564381052, 0.000536101288162, 0.000329421978677, 0.000257749372395, 0.000254485290498, 0.000172267435119, 0.000187236175407, 0.00016931911523, 0.000172255124198, 0.00018480050494, 0.000194395906874, 0.000186116973055, 0.000169405015185, 0.000162410942721, 0.000124109486933, 6.90171145834e-05, 1.16444643936e-05],
        "median": [0.000415302376496, 0.00593013875186, 0.00125483155716, 0.000607388443314, 0.00108407007065, 0.000850436044857, 0.000378777622245, 0.000271410390269, 0.000326739507727, 0.00028368391213, 0.000265864829998, 0.000219005582039, 0.000143354889587, 0.000119116331916, 0.000127316554426, 8.7803855422e-05, 9.26139618969e-05, 7.7951757703e-05, 8.30069402582e-05, 8.35574755911e-05, 8.99176011444e-05, 8.33521044115e-05, 6.90664674039e-05, 6.33973977529e-05, 4.02197874791e-05, 1.78905593202e-05, 9.82216647571e-07],
        "min": [2.13859303937e-24, 2.11226835653e-24, 2.84686884489e-24, 3.66227491957e-24, 1.26713007489e-23, 2.36415965051e-23, 4.68522083209e-24, 2.23548113296e-23, 2.28476174703e-23, 1.46633685944e-23, 2.40066308449e-23, 3.86748178017e-23, 5.5790773883e-23, 3.67257917849e-23, 6.71819695306e-23, 6.39001377709e-23, 8.30328798654e-23, 1.14751329723e-22, 1.43001385372e-22, 1.85567612998e-22, 2.81631547317e-22, 3.62345927117e-22, 4.36880559912e-22, 7.32022631341e-22, 7.94697213742e-22, 1.34214779979e-21, 1.81376232188e-21],
        "var": [4.22924858867e-05, 0.00158084719442, 0.000228986900765, 6.16720571998e-05, 0.000167464953847, 8.52387529449e-06, 5.18007527717e-06, 2.15839122575e-06, 1.83222539363e-06, 2.07594780477e-06, 1.21749474147e-06, 9.11960057692e-07, 3.53623818228e-07, 2.97508933045e-07, 1.44271822933e-07, 5.64468862763e-08, 7.08720619969e-08, 5.38594235877e-08, 5.25904226834e-08, 6.36338413074e-08, 6.73258355732e-08, 7.11893974881e-08, 6.27567402489e-08, 5.77984700101e-08, 3.77659823414e-08, 1.43477656422e-08, 7.36849914418e-10]
    },
    "erbbands": {
        "dmean": [0.5323767066, 3.63535046577, 6.44900465012, 5.67704296112, 14.8656625748, 8.77308654785, 7.40632772446, 6.74402999878, 7.70141506195, 8.82990932465, 10.9743413925, 10.1733541489, 13.472287178, 15.3253555298, 10.872756958, 14.3660001755, 9.94627857208, 8.74268627167, 5.89954566956, 6.92922258377, 5.40089082718, 5.27267074585, 4.71935939789, 4.97965240479, 4.28538131714, 4.07234048843, 4.01527118683, 3.58672785759, 3.34157466888, 2.94135379791, 2.36983799934, 1.74513971806, 1.24320852757, 0.769018292427, 0.424978494644, 0.185340225697, 0.0643194392323, 0.0149834509939, 0.00134139019065, 3.73419425159e-05],
        "dmean2": [0.866363167763, 6.05468511581, 10.939956665, 9.46834373474, 24.235326767, 14.6642131805, 11.8653898239, 10.6774330139, 12.2032556534, 13.3637962341, 17.1437358856, 16.2501125336, 21.2737960815, 25.0428466797, 17.9737167358, 24.0653915405, 16.7740421295, 14.8781995773, 10.1912622452, 12.0173273087, 9.27975654602, 9.06723022461, 8.16222858429, 8.60458278656, 7.3778014183, 7.0053691864, 6.97987413406, 6.15641260147, 5.71741962433, 5.05619192123, 4.08921098709, 2.99027657509, 2.11256837845, 1.30611515045, 0.720901310444, 0.312179416418, 0.108732789755, 0.0251189246774, 0.00225967634469, 6.02172985964e-05],
        "dvar": [1.20528244972, 73.014213562, 367.49029541, 243.360122681, 2978.3972168, 850.566040039, 242.299102783, 147.130859375, 272.611297607, 363.624145508, 564.34765625, 367.271636963, 1148.26635742, 880.426147461, 454.184509277, 984.081054688, 458.093048096, 416.576019287, 109.965782166, 181.466659546, 91.6194534302, 101.625602722, 79.9218139648, 85.7327880859, 78.2096481323, 65.9957351685, 67.8453063965, 52.403377533, 70.2207641602, 41.1307106018, 34.8731575012, 16.2846717834, 7.44036817551, 3.25212955475, 1.06124854088, 0.226064890623, 0.0284509249032, 0.00179466500413, 1.20524882732e-05, 4.61987337275e-09],
        "dvar2": [3.18685889244, 190.872665405, 996.620422363, 616.838928223, 7014.13916016, 2220.5715332, 612.665283203, 351.126434326, 678.481018066, 780.991516113, 1321.29052734, 901.428527832, 2568.40087891, 2247.07397461, 1127.22338867, 2649.67919922, 1154.55517578, 1085.36047363, 305.678344727, 523.772705078, 259.101623535, 287.156860352, 222.883499146, 241.004623413, 223.173339844, 187.379867554, 193.740371704, 148.726776123, 201.341293335, 117.476043701, 100.813850403, 46.3850822449, 20.7860240936, 8.99557113647, 2.92326259613, 0.627116978168, 0.0787231624126, 0.00493700988591, 3.22437444993e-05, 1.18942500293e-08],
        "max": [13.4161128998, 81.6195144653, 249.613433838, 392.667907715, 767.269470215, 604.080200195, 346.558654785, 319.825500488, 473.942596436, 513.697814941, 895.250488281, 527.322998047, 1172.52148438, 710.658630371, 603.826782227, 737.461975098, 888.695556641, 934.599914551, 213.174301147, 253.697143555, 198.962249756, 192.522293091, 199.150634766, 171.265975952, 329.778503418, 126.566429138, 170.758895874, 114.517700195, 207.872940063, 87.3037643433, 104.297828674, 66.2376556396, 37.8866500854, 31.8209171295, 20.7940864563, 11.4947414398, 3.6855738163, 1.07719314098, 0.0714140459895, 0.00120184302796],
        "mean": [0.844670653343, 4.68125009537, 7.66274881363, 7.04837942123, 17.5532474518, 11.22768116, 12.7229824066, 13.3182601929, 14.5228281021, 16.8511619568, 19.6536045074, 18.3667354584, 22.7725200653, 25.0085887909, 18.7395610809, 23.0899715424, 16.9598121643, 14.7612533569, 11.2496814728, 12.4971790314, 10.4845819473, 9.97346115112, 9.15974712372, 9.66966247559, 8.73734092712, 8.24140930176, 7.90596294403, 7.51105880737, 6.71024656296, 5.92552614212, 4.6689491272, 3.59809207916, 2.52797174454, 1.53014171124, 0.81612187624, 0.356455057859, 0.114925399423, 0.0252942331135, 0.00185401388444, 8.68563438416e-05],
        "median": [0.198776885867, 1.02099812031, 1.90239310265, 2.31253027916, 3.01825070381, 3.31669449806, 5.03975868225, 6.23508834839, 6.15617609024, 5.91616344452, 7.68629312515, 8.30901432037, 9.35251235962, 10.7521333694, 8.74163722992, 9.92212104797, 7.8884806633, 7.43306207657, 6.43424224854, 6.51374006271, 5.46265268326, 5.08938407898, 4.46787691116, 4.37821006775, 4.15334320068, 3.71660137177, 3.65511870384, 3.41600418091, 2.99592733383, 2.4594874382, 1.92836809158, 1.42813682556, 0.937616407871, 0.513448357582, 0.252009361982, 0.0977117493749, 0.0284364111722, 0.00492118857801, 0.000207658318686, 5.14576058777e-05],
        "min": [7.74292726894e-23, 9.46092167498e-22, 3.44804139501e-21, 1.38085767142e-20, 3.56215798832e-20, 4.10913763072e-20, 9.41723930888e-20, 2.07639795017e-19, 9.49919545925e-20, 2.01207703197e-19, 4.68265859092e-19, 5.9960570015e-19, 4.53427014384e-19, 9.49771984658e-19, 1.44649404589e-18, 1.76672854144e-18, 2.50665772939e-18, 2.56610844079e-18, 2.44064023791e-18, 4.25467379102e-18, 3.97165063571e-18, 4.48084937232e-18, 6.16476989661e-18, 6.11333042945e-18, 6.84516524152e-18, 8.62570377008e-18, 9.96631456167e-18, 1.35177715083e-17, 1.29075049493e-17, 1.32874207328e-17, 1.11048385122e-17, 1.18119282162e-17, 1.14467924958e-17, 8.07520018318e-18, 6.28519333173e-18, 3.49778119666e-18, 2.59658156776e-18, 1.14172296811e-18, 2.46111254448e-19, 2.58391755537e-20],
        "var": [1.77202117443, 84.4372329712, 361.331207275, 266.223327637, 3393.2565918, 852.654418945, 564.42980957, 399.037658691, 602.715393066, 1062.90698242, 1419.38171387, 857.419067383, 2360.84204102, 1699.93273926, 930.371887207, 1716.49938965, 797.362304688, 840.688903809, 213.214187622, 298.605407715, 187.044464111, 192.736923218, 163.493972778, 173.73526001, 148.075866699, 125.48085022, 114.686485291, 103.74911499, 99.0564346313, 72.5718917847, 50.0210723877, 28.7983131409, 14.2884197235, 5.70142459869, 1.74399292469, 0.361896663904, 0.0418203994632, 0.00259775388986, 1.89401889656e-05, 1.0465608824e-08]
    },
    "gfcc": {
        "mean": [-35.612121582, 107.873512268, -89.9966888428, 24.7760295868, -50.7586784363, 19.2444114685, -27.5577640533, 8.81912994385, -19.2033939362, 4.37804412842, -12.7088890076, 2.44601917267, -8.72917842865],
        "cov": [[26034.1445312, -6881.94824219, -595.441345215, 2377.47192383, -998.432800293, 1800.26721191, -365.047698975, 1341.89990234, -541.359985352, 1018.55926514, -495.694915771, 918.644226074, -375.190795898], [-6881.94824219, 4188.64501953, 339.490692139, -907.039489746, 479.492645264, -754.447021484, 123.16658783, -652.176635742, 215.847885132, -525.730895996, 223.911911011, -444.142913818, 176.633758545], [-595.441345215, 339.490692139, 579.23626709, 31.6206493378, 187.161010742, 44.8343658447, 86.520401001, -44.1472625732, 32.3928451538, -55.8679542542, 9.14097881317, -54.1279449463, -1.30250370502], [2377.47192383, -907.039489746, 31.6206493378, 506.903015137, -7.28366661072, 292.421966553, 32.4495391846, 189.114517212, -21.396730423, 130.407104492, -39.207069397, 97.6308898926, -32.3349304199], [-998.432800293, 479.492645264, 187.161010742, -7.28366661072, 290.040771484, -10.9481573105, 116.846824646, -37.1811408997, 83.1143569946, -46.5215415955, 54.8776092529, -48.6412353516, 26.5974292755], [1800.26721191, -754.447021484, 44.8343658447, 292.421966553, -10.9481573105, 310.624755859, 63.7541618347, 187.071578979, -0.196414887905, 131.593383789, -14.2588796616, 93.0728607178, -25.3052959442], [-365.047698975, 123.16658783, 86.520401001, 32.4495391846, 116.846824646, 63.7541618347, 155.226577759, 58.0716896057, 84.8157119751, 20.0099506378, 48.4897727966, -4.4229888916, 18.473115921], [1341.89990234, -652.176635742, -44.1472625732, 189.114517212, -37.1811408997, 187.071578979, 58.0716896057, 225.13067627, 38.8541679382, 144.362701416, 3.01825094223, 97.7089691162, -13.1761016846], [-541.359985352, 215.847885132, 32.3928451538, -21.396730423, 83.1143569946, -0.196414887905, 84.8157119751, 38.8541679382, 120.85899353, 29.8673191071, 63.6408805847, -6.22821521759, 27.3487243652], [1018.55926514, -525.730895996, -55.8679542542, 130.407104492, -46.5215415955, 131.593383789, 20.0099506378, 144.362701416, 29.8673191071, 160.272491455, 24.9313850403, 93.2444534302, -6.36516332626], [-495.694915771, 223.911911011, 9.14097881317, -39.207069397, 54.8776092529, -14.2588796616, 48.4897727966, 3.01825094223, 63.6408805847, 24.9313850403, 93.844329834, 15.1370754242, 35.3711013794], [918.644226074, -444.142913818, -54.1279449463, 97.6308898926, -48.6412353516, 93.0728607178, -4.4229888916, 97.7089691162, -6.22821521759, 93.2444534302, 15.1370754242, 116.240455627, 14.2715873718], [-375.190795898, 176.633758545, -1.30250370502, -32.3349304199, 26.5974292755, -25.3052959442, 18.473115921, -13.1761016846, 27.3487243652, -6.36516332626, 35.3711013794, 14.2715873718, 65.8663787842]],
        "icov": [[0.000127882201923, -0.000119004922453, 5.08030971105e-05, -0.000323137559462, 0.000144238583744, -0.000343498686561, 0.000287431990728, -0.000276751903584, 0.000226741234655, -0.000148555875057, 0.000378171505872, -0.000554986938369, 0.000372429814888], [-0.000119004922453, 0.00150005740579, -0.000246153154876, 0.000872799777426, -0.000602208136115, 0.00103073101491, -0.000428710016422, 0.00126361183356, -0.00121093599591, 0.00168239849154, -0.00250650057569, 0.0028091664426, -0.00186205888167], [5.08030971105e-05, -0.000246153154876, 0.00246500154026, -0.000166382655152, -0.00114406784996, -0.0013454525033, -0.000289234507363, 0.000679704477079, 0.00010931394354, 0.000126567450934, 0.000830254226457, -0.000324275402818, 0.000669971108437], [-0.000323137559462, 0.000872799777426, -0.000166382655152, 0.00580122880638, -0.00172215618659, -0.00266264053062, 0.000353665382136, 0.000101666773844, -0.000431961118011, 0.000578457082156, -0.000488491961733, 0.00206219754182, -0.00169225956779], [0.000144238583744, -0.000602208136115, -0.00114406784996, -0.00172215618659, 0.00765135325491, -0.000320413557347, -0.00345706869848, 0.00135754281655, -0.00193693942856, 0.0010354667902, -0.000291172473226, -0.00135480996687, 0.000951090885792], [-0.000343498686561, 0.00103073101491, -0.0013454525033, -0.00266264053062, -0.000320413557347, 0.0133190201595, -0.00515632843599, -0.00284127588384, 0.0028703219723, -0.00172833737452, -0.00176772882696, 0.00150867842603, -0.000666702282615], [0.000287431990728, -0.000428710016422, -0.000289234507363, 0.000353665382136, -0.00345706869848, -0.00515632843599, 0.0179186556488, -0.00602809945121, -0.00549426116049, 0.00333023490384, -0.00239619775675, 0.00147145602386, -0.000290487689199], [-0.000276751903584, 0.00126361183356, 0.000679704477079, 0.000101666773844, 0.00135754281655, -0.00284127588384, -0.00602809945121, 0.0210524238646, -0.00821528211236, -0.00627614418045, 0.00431765709072, -0.00388858048245, 0.000689067062922], [0.000226741234655, -0.00121093599591, 0.00010931394354, -0.000431961118011, -0.00193693942856, 0.0028703219723, -0.00549426116049, -0.00821528211236, 0.0253297388554, -0.00701087340713, -0.00663303630427, 0.005767732393, -0.00277102342807], [-0.000148555875057, 0.00168239849154, 0.000126567450934, 0.000578457082156, 0.0010354667902, -0.00172833737452, 0.00333023490384, -0.00627614418045, -0.00701087340713, 0.0252506807446, -0.00921655166894, -0.00542043894529, 0.00313199684024], [0.000378171505872, -0.00250650057569, 0.000830254226457, -0.000488491961733, -0.000291172473226, -0.00176772882696, -0.00239619775675, 0.00431765709072, -0.00663303630427, -0.00921655166894, 0.0286078192294, -0.0106923049316, -0.00155590614304], [-0.000554986938369, 0.0028091664426, -0.000324275402818, 0.00206219754182, -0.00135480996687, 0.00150867842603, 0.00147145602386, -0.00388858048245, 0.005767732393, -0.00542043894529, -0.0106923049316, 0.0311171896756, -0.0136716617271], [0.000372429814888, -0.00186205888167, 0.000669971108437, -0.00169225956779, 0.000951090885792, -0.000666702282615, -0.000290487689199, 0.000689067062922, -0.00277102342807, 0.00313199684024, -0.00155590614304, -0.0136716617271, 0.0263098720461]]
    },
    "melbands": {
        "dmean": [0.00457054609433, 0.00382416066714, 0.00133440934587, 0.00086588592967, 0.00025244790595, 0.000159728850122, 0.000125095291878, 9.07418798306e-05, 9.85318765743e-05, 6.30967842881e-05, 6.71672387398e-05, 5.96148529439e-05, 4.21182812715e-05, 3.29585964209e-05, 3.67963766621e-05, 2.12814484257e-05, 1.75324967131e-05, 9.13241547096e-06, 1.38750046972e-05, 7.67436904425e-06, 6.91908462613e-06, 6.59162560623e-06, 4.43190219812e-06, 4.06594017477e-06, 4.46884951089e-06, 3.24903703586e-06, 3.48838216269e-06, 2.8219089927e-06, 2.6399188755e-06, 2.71378235084e-06, 2.07372090699e-06, 2.08566507354e-06, 1.85995531865e-06, 1.71279179995e-06, 1.50483958805e-06, 1.30145303956e-06, 1.09001234705e-06, 9.67503297034e-07, 7.9916105733e-07, 6.59709087358e-07],
        "dmean2": [0.00754855806008, 0.00639412319288, 0.00219111680053, 0.00141665549017, 0.000409382162616, 0.000251757795922, 0.000193902262254, 0.000137689799885, 0.000153967732331, 0.000101077093859, 0.000106225998024, 9.76871451712e-05, 6.92857720423e-05, 5.52769342903e-05, 6.15688040853e-05, 3.57066637662e-05, 2.98979939544e-05, 1.57345348271e-05, 2.41991001531e-05, 1.33231687869e-05, 1.19313244795e-05, 1.13756577775e-05, 7.66904122429e-06, 7.03764362697e-06, 7.7398153735e-06, 5.59744557904e-06, 6.01206056672e-06, 4.87485658596e-06, 4.6248687795e-06, 4.68159032607e-06, 3.5591804135e-06, 3.57769295078e-06, 3.20447134072e-06, 2.95843301501e-06, 2.60666070062e-06, 2.24187579079e-06, 1.87011949038e-06, 1.65356232174e-06, 1.36260803174e-06, 1.12919281037e-06],
        "dvar": [8.25521783554e-05, 0.000105702078145, 1.37395963975e-05, 9.20367347135e-06, 3.33412401687e-07, 7.90608183365e-08, 6.88745913635e-08, 3.6346943233e-08, 4.44768701868e-08, 1.44916532108e-08, 2.89614394688e-08, 1.33869164642e-08, 6.08100458876e-09, 4.45214354272e-09, 8.56750848044e-09, 2.90440826944e-09, 1.96543892272e-09, 2.71601352519e-10, 9.64220814303e-10, 2.37810854342e-10, 1.62010210802e-10, 1.62766203293e-10, 6.95061022626e-11, 5.33045031725e-11, 7.00213637073e-11, 4.14826333006e-11, 5.28138470457e-11, 3.21979352902e-11, 3.21748530596e-11, 2.97860278109e-11, 1.67777718801e-11, 2.80337506681e-11, 1.71983260966e-11, 1.31393611269e-11, 1.35083350755e-11, 1.01531743082e-11, 6.20637569115e-12, 4.56258078194e-12, 3.33120423607e-12, 2.51309715225e-12],
        "dvar2": [0.000220968475332, 0.000282866880298, 3.35757977155e-05, 2.15566396946e-05, 8.65612605594e-07, 1.9095327275e-07, 1.60247694225e-07, 7.96620795995e-08, 1.0306560938e-07, 3.55012481634e-08, 6.43904485287e-08, 3.36613759089e-08, 1.56952069119e-08, 1.21582397483e-08, 2.22439009434e-08, 6.98946278632e-09, 5.12754816384e-09, 7.45997374985e-10, 2.76670975019e-09, 7.0105371508e-10, 4.57406307275e-10, 4.59079385617e-10, 1.97221003417e-10, 1.47645701221e-10, 1.96924643259e-10, 1.17810594613e-10, 1.50428391965e-10, 9.1124177648e-11, 9.17918241417e-11, 8.54521384208e-11, 4.72867023316e-11, 7.97983276679e-11, 4.96112595449e-11, 3.75256631324e-11, 3.90576737619e-11, 2.91797731811e-11, 1.7642637351e-11, 1.28054207862e-11, 9.10893582784e-12, 6.99416696434e-12],
        "max": [0.107280358672, 0.102552771568, 0.0546759739518, 0.0469305366278, 0.0169724225998, 0.00632487796247, 0.00620209565386, 0.00578330317512, 0.00681515224278, 0.00358148943633, 0.00587095879018, 0.00261176424101, 0.00181213964242, 0.00165934744291, 0.00216571008787, 0.00291265151463, 0.00213795551099, 0.000405858823797, 0.000680581608322, 0.000404991180403, 0.00031064034556, 0.000247761781793, 0.000157847927767, 0.000133977358928, 0.000160599156516, 0.000260374887148, 0.000177147958311, 8.92953248695e-05, 0.000141634969623, 0.000114603535621, 6.27000699751e-05, 0.000137953611556, 7.09868327249e-05, 4.47827624157e-05, 6.479863805e-05, 5.99544364377e-05, 4.23474048148e-05, 3.49979709426e-05, 5.73507313675e-05, 3.1792322261e-05],
        "mean": [0.00716726807877, 0.00486773019657, 0.00164223706815, 0.00109214545228, 0.000421432923758, 0.00031948913238, 0.000237288331846, 0.000173077831278, 0.000169029386598, 0.00011168866331, 0.000109768916445, 9.52066402533e-05, 6.92184548825e-05, 5.28420277988e-05, 5.67515271541e-05, 3.25158907799e-05, 2.71960961982e-05, 1.61504667631e-05, 2.17591750697e-05, 1.30602938953e-05, 1.22131841636e-05, 1.1251561773e-05, 8.13323003968e-06, 7.62371473684e-06, 7.93477829575e-06, 6.06274215897e-06, 6.49924641039e-06, 5.20447656527e-06, 4.73392810818e-06, 5.03794672113e-06, 4.0584254748e-06, 3.88437410948e-06, 3.42948465004e-06, 3.20957269651e-06, 2.72048055194e-06, 2.43019826485e-06, 2.11533097172e-06, 1.82996552667e-06, 1.53533619596e-06, 1.21411346754e-06],
        "median": [0.00177032814827, 0.00127892498858, 0.000477255613077, 0.000237549043959, 0.000178539543413, 0.00014956650557, 9.36126816669e-05, 6.06416251685e-05, 5.96712561673e-05, 4.92626895721e-05, 4.16090952058e-05, 3.84583836421e-05, 3.03550623357e-05, 2.42096029979e-05, 2.11554724956e-05, 1.32103332362e-05, 1.26078894027e-05, 8.9059885795e-06, 1.01728965092e-05, 6.80095945427e-06, 5.81267977395e-06, 5.30345323568e-06, 3.97467601942e-06, 3.53961104338e-06, 3.36356970365e-06, 2.76762648355e-06, 2.79306914308e-06, 2.2449592052e-06, 2.13435191654e-06, 2.21119125854e-06, 1.75900390786e-06, 1.65608491898e-06, 1.41747830185e-06, 1.26190695937e-06, 1.08684696443e-06, 9.39959306834e-07, 8.16342890175e-07, 6.65225172725e-07, 5.32768922312e-07, 3.83764870548e-07],
        "min": [1.03489557751e-24, 3.23872682209e-24, 2.63699792309e-24, 3.8984910346e-24, 3.54721995098e-24, 4.70813842468e-24, 1.36617288288e-24, 2.98130119555e-24, 3.62966774849e-24, 3.51340937258e-24, 2.1958515221e-24, 3.07494864855e-24, 3.89646445094e-24, 2.79471843374e-24, 4.9698083201e-24, 5.59172929727e-24, 3.96431556069e-24, 3.57166951144e-24, 5.41333786989e-24, 5.66980996081e-24, 4.345354705e-24, 4.49681954868e-24, 4.7706035866e-24, 5.23156104593e-24, 4.52358875464e-24, 4.01826851901e-24, 5.61097592564e-24, 5.40773459088e-24, 5.53943610229e-24, 5.61471749291e-24, 6.28488835848e-24, 6.57213273003e-24, 7.54840805367e-24, 7.24624119481e-24, 6.20598925176e-24, 5.92915547758e-24, 6.3900001298e-24, 6.89500324334e-24, 7.9799275906e-24, 6.12866352811e-24],
        "var": [0.000122507102787, 0.00010976678459, 1.52755692397e-05, 1.07265586848e-05, 5.99781060373e-07, 2.19679094471e-07, 1.72305121282e-07, 1.09673308657e-07, 1.07891956702e-07, 3.37953238727e-08, 6.01255152333e-08, 2.65462993809e-08, 1.17008944756e-08, 7.57926521544e-09, 1.41265648068e-08, 4.89897145073e-09, 3.89224563691e-09, 4.93389495926e-10, 1.32139343911e-09, 3.52126661163e-10, 2.98148949973e-10, 2.78361639294e-10, 1.28603808158e-10, 1.07782692493e-10, 1.28833166357e-10, 7.53497889083e-11, 9.42185079955e-11, 5.44810654923e-11, 4.61412782982e-11, 5.01951223641e-11, 3.24435374399e-11, 3.64825357424e-11, 2.61260665879e-11, 2.20921076571e-11, 1.79901024633e-11, 1.47002323508e-11, 1.04636204215e-11, 8.03824975332e-12, 5.76379308864e-12, 3.89143318263e-12]
    },
    "mfcc": {
        "mean": [-677.345458984, 134.308013916, 23.5449314117, 16.170583725, 5.35386800766, 11.3115720749, 4.99316501617, 6.19820165634, 3.05460047722, 2.94781923294, 0.856314837933, 2.25860762596, 1.51192367077],
        "cov": [[17857.1992188, -4607.20556641, -1051.85668945, 708.877258301, -50.839881897, 366.550201416, 380.696716309, 517.813110352, 288.6824646, 312.546203613, 187.839157104, 247.351119995, 210.783935547], [-4607.20556641, 2819.8449707, 433.926849365, -129.872116089, 144.141448975, -55.4336204529, -102.689308167, -163.006286621, -111.405250549, -129.384277344, -83.2716522217, -95.3648757935, -80.8767166138], [-1051.85668945, 433.926849365, 468.216949463, -8.64054012299, 61.5905952454, 54.8003730774, 28.1071853638, -7.63925218582, 0.0200394429266, -7.96467018127, -2.54766559601, -22.1190109253, -38.9777183533], [708.877258301, -129.872116089, -8.64054012299, 211.935760498, 79.1092224121, 80.4977645874, 63.2168006897, 61.9310112, 42.862865448, 38.6914978027, 20.4439353943, 20.6617908478, 20.3308467865], [-50.839881897, 144.141448975, 61.5905952454, 79.1092224121, 159.066482544, 71.3851242065, 51.4173622131, 38.727191925, 24.0384216309, 19.3554878235, 13.48716259, 6.0558218956, 9.79498672485], [366.550201416, -55.4336204529, 54.8003730774, 80.4977645874, 71.3851242065, 129.200866699, 80.2912902832, 59.5353469849, 38.9725074768, 37.4574699402, 27.2901000977, 21.6949748993, 13.9138584137], [380.696716309, -102.689308167, 28.1071853638, 63.2168006897, 51.4173622131, 80.2912902832, 110.570732117, 72.3006973267, 48.4359283447, 42.681804657, 34.6628608704, 29.9455356598, 25.0216445923], [517.813110352, -163.006286621, -7.63925218582, 61.9310112, 38.727191925, 59.5353469849, 72.3006973267, 104.897979736, 62.7853317261, 50.1445274353, 36.5588035583, 34.4060783386, 29.2787418365], [288.6824646, -111.405250549, 0.0200394429266, 42.862865448, 24.0384216309, 38.9725074768, 48.4359283447, 62.7853317261, 84.6555786133, 59.2987518311, 37.8776779175, 29.6265773773, 25.7857570648], [312.546203613, -129.384277344, -7.96467018127, 38.6914978027, 19.3554878235, 37.4574699402, 42.681804657, 50.1445274353, 59.2987518311, 87.1383895874, 55.7829093933, 38.1816864014, 29.860124588], [187.839157104, -83.2716522217, -2.54766559601, 20.4439353943, 13.48716259, 27.2901000977, 34.6628608704, 36.5588035583, 37.8776779175, 55.7829093933, 80.6832427979, 51.6479187012, 30.069229126], [247.351119995, -95.3648757935, -22.1190109253, 20.6617908478, 6.0558218956, 21.6949748993, 29.9455356598, 34.4060783386, 29.6265773773, 38.1816864014, 51.6479187012, 76.9087142944, 47.041431427], [210.783935547, -80.8767166138, -38.9777183533, 20.3308467865, 9.79498672485, 13.9138584137, 25.0216445923, 29.2787418365, 25.7857570648, 29.860124588, 30.069229126, 47.041431427, 70.2701263428]],
