{
"lowlevel": {
    "average_loudness": 0.792985260487,
    "barkbands_crest": {
        "dmean": 2.74427938461,
        "dmean2": 4.2125287056,
        "dvar": 8.46450519562,
        "dvar2": 18.834318161,
        "max": 26.5384616852,
        "mean": 11.2856864929,
        "median": 10.2916278839,
        "min": 2.06167984009,
        "var": 32.8420066833
    },
    "barkbands_flatness_db": {
        "dmean": 0.0255509912968,
        "dmean2": 0.0365384295583,
        "dvar": 0.00101367500611,
        "dvar2": 0.00194688665215,
        "max": 0.517923891544,
        "mean": 0.109491437674,
        "median": 0.0919121876359,
        "min": 0.0121747553349,
        "var": 0.00403992272913
    },
    "barkbands_kurtosis": {
        "dmean": 4.77738714218,
        "dmean2": 7.0311756134,
        "dvar": 432.351165771,
        "dvar2": 926.629821777,
        "max": 1128.82202148,
        "mean": 4.79590177536,
        "median": -0.0444233417511,
        "min": -1.95810365677,
        "var": 589.772460938
    },
    "barkbands_skewness": {
        "dmean": 0.708375871181,
        "dmean2": 1.0056810379,
        "dvar": 1.17464888096,
        "dvar2": 2.37818622589,
        "max": 31.4855670929,
        "mean": 1.43573844433,
        "median": 0.990094363689,
        "min": -2.32051873207,
        "var": 3.29520177841
    },
    "barkbands_spread": {
        "dmean": 10.03332901,
        "dmean2": 15.1853713989,
        "dvar": 143.947479248,
        "dvar2": 328.935638428,
        "max": 127.625961304,
        "mean": 41.6472129822,
        "median": 39.5323104858,
        "min": 0.135724261403,
        "var": 520.851318359
    },
    "dissonance": {
        "dmean": 0.0113653661683,
        "dmean2": 0.0191663596779,
        "dvar": 0.000156133901328,
        "dvar2": 0.000440610921942,
        "max": 0.500000119209,
        "mean": 0.480301827192,
        "median": 0.486334979534,
        "min": 0.293342113495,
        "var": 0.000360409729183
    },
    "dynamic_complexity": 4.70486593246,
    "erbbands_crest": {
        "dmean": 2.51380228996,
        "dmean2": 4.14743852615,
        "dvar": 7.41590881348,
        "dvar2": 18.9769916534,
        "max": 30.5027198792,
        "mean": 7.20367240906,
        "median": 5.87259101868,
        "min": 2.19114518166,
        "var": 16.743555069
    },
    "erbbands_flatness_db": {
        "dmean": 0.0139044281095,
        "dmean2": 0.0216368585825,
        "dvar": 0.00019382010214,
        "dvar2": 0.000462216703454,
        "max": 0.405181229115,
        "mean": 0.123635314405,
        "median": 0.114605747163,
        "min": 0.0496961288154,
        "var": 0.00168292492162
    },
    "erbbands_kurtosis": {
        "dmean": 0.819649100304,
        "dmean2": 1.32180035114,
        "dvar": 1.70008504391,
        "dvar2": 4.40460205078,
        "max": 26.7230453491,
        "mean": -0.0553374029696,
        "median": -0.467324018478,
        "min": -1.86967384815,
        "var": 2.86310815811
    },
    "erbbands_skewness": {
        "dmean": 0.406792908907,
        "dmean2": 0.616896808147,
        "dvar": 0.17772552371,
        "dvar2": 0.415842294693,
        "max": 4.35545539856,
        "mean": -0.0935909673572,
        "median": -0.123432092369,
        "min": -4.90761470795,
        "var": 0.58833450079
    },
    "erbbands_spread": {
        "dmean": 12.0809144974,
        "dmean2": 17.3213768005,
        "dvar": 222.018997192,
        "dvar2": 414.742431641,
        "max": 180.861923218,
        "mean": 52.9202957153,
        "median": 46.1593284607,
        "min": 1.78912031651,
        "var": 720.41796875
    },
    "hfc": {
        "dmean": 14.3299694061,
        "dmean2": 22.4751091003,
        "dvar": 691.662963867,
        "dvar2": 1845.70751953,
        "max": 480.277770996,
        "mean": 47.8521766663,
        "median": 34.646938324,
        "min": 1.11110685057e-16,
        "var": 2381.14428711
    },
    "melbands_crest": {
        "dmean": 3.67351818085,
        "dmean2": 5.90490674973,
        "dvar": 15.2397251129,
        "dvar2": 35.2409172058,
        "max": 36.426940918,
        "mean": 18.5164089203,
        "median": 18.9778156281,
        "min": 1.6029047966,
        "var": 66.2310409546
    },
    "melbands_flatness_db": {
        "dmean": 0.0329263135791,
        "dmean2": 0.046992469579,
        "dvar": 0.00172854983248,
        "dvar2": 0.00345529103652,
        "max": 0.64201515913,
        "mean": 0.161215573549,
        "median": 0.146061360836,
        "min": 0.00446446007118,
        "var": 0.00708396779373
    },
    "melbands_kurtosis": {
        "dmean": 20.3050861359,
        "dmean2": 28.891960144,
        "dvar": 2813.67553711,
        "dvar2": 5848.42333984,
        "max": 1024.0411377,
        "mean": 29.6219806671,
        "median": 7.51140403748,
        "min": -1.86739623547,
        "var": 5106.16210938
    },
    "melbands_skewness": {
        "dmean": 1.23434793949,
        "dmean2": 1.70397281647,
        "dvar": 3.74771237373,
        "dvar2": 7.19937181473,
        "max": 23.0545330048,
        "mean": 3.60688185692,
        "median": 2.6002676487,
        "min": -1.77945530415,
        "var": 11.4689569473
    },
    "melbands_spread": {
        "dmean": 13.0787687302,
        "dmean2": 20.8529167175,
        "dvar": 305.046569824,
        "dvar2": 751.864807129,
        "max": 224.870559692,
        "mean": 38.7265167236,
        "median": 33.4644584656,
        "min": 0.138160511851,
        "var": 752.625976562
    },
    "pitch_salience": {
        "dmean": 0.0830152705312,
        "dmean2": 0.126553237438,
        "dvar": 0.00848365388811,
        "dvar2": 0.0179148893803,
        "max": 0.916624724865,
        "mean": 0.492935419083,
        "median": 0.510787367821,
        "min": 0.0222705733031,
        "var": 0.0304655563086
    },
    "silence_rate_20dB": {
        "dmean": 0,
        "dmean2": 0,
        "dvar": 0,
        "dvar2": 0,
        "max": 1,
        "mean": 1,
        "median": 1,
        "min": 1,
        "var": 0
    },
    "silence_rate_30dB": {
        "dmean": 0.0429319366813,
        "dmean2": 0.0858713686466,
        "dvar": 0.0410839654505,
        "dvar2": 0.0786785930395,
        "max": 1,
        "mean": 0.929761826992,
        "median": 1,
        "min": 0,
        "var": 0.0653108879924
    },
    "silence_rate_60dB": {
        "dmean": 0.0225130897015,
        "dmean2": 0.045030105859,
        "dvar": 0.0220038481057,
        "dvar2": 0.0539928153157,
        "max": 1,
        "mean": 0.103219613433,
        "median": 0,
        "min": 0,
        "var": 0.0925725921988
    },
    "spectral_centroid": {
        "dmean": 384.510528564,
        "dmean2": 591.08392334,
        "dvar": 216988.015625,
        "dvar2": 461613.90625,
        "max": 11553.3115234,
        "mean": 2223.58325195,
        "median": 2341.7253418,
        "min": 128.864257812,
        "var": 716172.6875
    },
    "spectral_complexity": {
        "dmean": 4.85584640503,
        "dmean2": 7.36573886871,
        "dvar": 35.4208908081,
        "dvar2": 82.3243865967,
        "max": 64,
        "mean": 23.5266551971,
        "median": 21,
        "min": 0,
        "var": 264.891418457
    },
    "spectral_decrease": {
        "dmean": 2.76848211023e-09,
        "dmean2": 3.46657125228e-09,
        "dvar": 3.01120312011e-17,
        "dvar2": 4.23764197677e-17,
        "max": 1.05676152207e-29,
        "mean": -8.5092937141e-09,
        "median": -5.16350606716e-09,
        "min": -6.35713632846e-08,
        "var": 1.09443386727e-16
    },
    "spectral_energy": {
        "dmean": 0.0107834460214,
        "dmean2": 0.0136782750487,
        "dvar": 0.000422531738877,
        "dvar2": 0.000609061215073,
        "max": 0.24331368506,
        "mean": 0.0364563167095,
        "median": 0.026997173205,
        "min": 1.00381881235e-20,
        "var": 0.0017056313809
    },
    "spectral_energyband_high": {
        "dmean": 0.00160311465152,
        "dmean2": 0.00255389208905,
        "dvar": 1.01889272628e-05,
        "dvar2": 2.75281709037e-05,
        "max": 0.063021928072,
        "mean": 0.00454885605723,
        "median": 0.00282439682633,
        "min": 7.25963755497e-21,
        "var": 2.81600205199e-05
    },
    "spectral_energyband_low": {
        "dmean": 0.00928723160177,
        "dmean2": 0.0120518906042,
        "dvar": 0.000429641688243,
        "dvar2": 0.000687637773808,
        "max": 0.237123176455,
        "mean": 0.0213870704174,
        "median": 0.00609932700172,
        "min": 5.66162947322e-23,
        "var": 0.00122857885435
    },
    "spectral_energyband_middle_high": {
        "dmean": 0.00189137505367,
        "dmean2": 0.00290568079799,
        "dvar": 9.14139491215e-06,
        "dvar2": 2.25095027417e-05,
        "max": 0.046232521534,
        "mean": 0.0049040406011,
        "median": 0.00280116405338,
        "min": 1.47893713904e-21,
        "var": 2.8123777156e-05
    },
    "spectral_energyband_middle_low": {
        "dmean": 0.00560665782541,
        "dmean2": 0.00742800626904,
        "dvar": 0.000256448518485,
        "dvar2": 0.000380733137717,
        "max": 0.191316574812,
        "mean": 0.00848911236972,
        "median": 0.00297333998606,
        "min": 2.22791030864e-22,
        "var": 0.000526210176758
    },
    "spectral_entropy": {
        "dmean": 0.142348155379,
        "dmean2": 0.220181390643,
        "dvar": 0.0345925502479,
        "dvar2": 0.0827083215117,
        "max": 9.80421352386,
        "mean": 8.10328197479,
        "median": 8.22299861908,
        "min": 6.16747999191,
        "var": 0.138705551624
    },
    "spectral_flux": {
        "dmean": 0.0243018399924,
        "dmean2": 0.0364472046494,
        "dvar": 0.00153916073032,
        "dvar2": 0.00321337254718,
        "max": 0.410366356373,
        "mean": 0.0914895758033,
        "median": 0.0813850462437,
        "min": 1.00190758467e-10,
        "var": 0.00500649772584
    },
    "spectral_kurtosis": {
        "dmean": 0.669118702412,
        "dmean2": 1.11335349083,
        "dvar": 0.848929464817,
        "dvar2": 2.49492907524,
        "max": 29.6370353699,
        "mean": 2.08243966103,
        "median": 1.81755447388,
        "min": -1.56331431866,
        "var": 2.29493403435
    },
    "spectral_rms": {
        "dmean": 0.000712519569788,
        "dmean2": 0.000942340586334,
        "dvar": 1.06918776055e-06,
        "dvar2": 1.56542830609e-06,
        "max": 0.015407115221,
        "mean": 0.0051010386087,
        "median": 0.00513212475926,
        "min": 3.12943356125e-12,
        "var": 9.54664301389e-06
    },
    "spectral_rolloff": {
        "dmean": 1150.76281738,
        "dmean2": 1879.59020996,
        "dvar": 2520883,
        "dvar2": 5791756.5,
        "max": 19013.8183594,
        "mean": 3283.79614258,
        "median": 2756.25,
        "min": 43.06640625,
        "var": 7298912.5
    },
    "spectral_skewness": {
        "dmean": 0.139732152224,
        "dmean2": 0.225479766726,
        "dvar": 0.0241313427687,
        "dvar2": 0.0633871108294,
        "max": 3.70739817619,
        "mean": 1.11817407608,
        "median": 1.11181139946,
        "min": -0.443693965673,
        "var": 0.0886405184865
    },
    "spectral_spread": {
        "dmean": 579710.9375,
        "dmean2": 858560.875,
        "dvar": 483088334848,
        "dvar2": 936998141952,
        "max": 40365148,
        "mean": 6182838,
        "median": 6211176.5,
        "min": 1616916.125,
        "var": 2.88372896563e+12
    },
    "spectral_strongpeak": {
        "dmean": 0.311567425728,
        "dmean2": 0.497559696436,
        "dvar": 0.389728695154,
        "dvar2": 1.0206553936,
        "max": 19.8849925995,
        "mean": 0.600295722485,
        "median": 0.398565471172,
        "min": 0,
        "var": 0.563126206398
    },
    "zerocrossingrate": {
        "dmean": 0.0167431887239,
        "dmean2": 0.0193308070302,
        "dvar": 0.000328170426656,
        "dvar2": 0.000359656318324,
        "max": 0.83349609375,
        "mean": 0.106761515141,
        "median": 0.09814453125,
        "min": 0.00439453125,
        "var": 0.00345703796484
    },
    "barkbands": {
        "dmean": [0.000333781121299, 0.00645001465455, 0.00319513026625, 0.00441566016525, 0.00179914338514, 0.000295712205116, 0.000355080876034, 0.000284767476842, 0.000352151604602, 0.000373134273104, 0.000348290981492, 0.000358543766197, 0.000455406785477, 0.000290459953249, 0.000304091896396, 0.000202352632186, 0.000209419362363, 0.000220718604396, 0.000265407463303, 0.000271343364147, 0.00030586522189, 0.000401057914132, 0.000429123698268, 0.000349494890543, 0.00027974229306, 0.000150751438923, 3.55216252501e-05],
        "dmean2": [0.000503872171976, 0.0082628922537, 0.00538277253509, 0.00599774671718, 0.00313771213405, 0.000476776709547, 0.000562168366741, 0.000463601434603, 0.000561510212719, 0.000602467043791, 0.00057174480753, 0.000588411232457, 0.000758176320232, 0.000476047978736, 0.000515678722877, 0.000329395086737, 0.00034896415309, 0.000369628280168, 0.000451031315606, 0.000447761878604, 0.000511789519805, 0.000670504174195, 0.00072543049464, 0.000559466250706, 0.00042652481352, 0.000230040590395, 5.52820310986e-05],
        "dvar": [4.75818438872e-07, 0.000345433014445, 0.000139727722853, 0.000261893292191, 4.93511652166e-05, 4.87718637032e-07, 6.39526319901e-07, 4.46192501613e-07, 5.99648387833e-07, 6.23005973921e-07, 7.34312607165e-07, 1.23985432765e-06, 1.29233956159e-06, 5.0918231409e-07, 3.28863023924e-07, 1.07524350312e-07, 1.1053427329e-07, 1.16738753775e-07, 1.79327273031e-07, 1.59186953397e-07, 2.9215530617e-07, 6.90735532771e-07, 1.29164197915e-06, 5.43644375739e-07, 3.95146400933e-07, 8.16645524537e-08, 5.44490763588e-09],
        "dvar2": [9.3352764452e-07, 0.000469504011562, 0.000394958275137, 0.000454361696029, 0.000135038222652, 1.25820270114e-06, 1.62008097959e-06, 1.091212539e-06, 1.52890311256e-06, 1.56612213686e-06, 1.93274536286e-06, 3.19020386996e-06, 3.61633237844e-06, 1.34736455948e-06, 9.02577880879e-07, 2.79709951201e-07, 2.91765616112e-07, 3.02829079146e-07, 4.84053089167e-07, 4.10325725397e-07, 8.26182088076e-07, 1.89040440546e-06, 3.64923675988e-06, 1.36447670229e-06, 8.65527852056e-07, 1.90263392597e-07, 1.08322835146e-08],
        "max": [0.0142669798806, 0.219718039036, 0.12034791708, 0.185070350766, 0.0794590860605, 0.0198353286833, 0.0236441679299, 0.0252165943384, 0.0187529101968, 0.0228556860238, 0.0209838077426, 0.02994466573, 0.0229971054941, 0.0153418444097, 0.00895933993161, 0.00645448686555, 0.00600117072463, 0.00786124542356, 0.00878147594631, 0.00689968420193, 0.0128247458488, 0.0280759632587, 0.0292154494673, 0.0257372893393, 0.0323114208877, 0.0104404501617, 0.00438283616677],
        "mean": [0.00107475509867, 0.0143305724487, 0.00318044004962, 0.00490728393197, 0.00157233793288, 0.000456483307062, 0.000531530356966, 0.000383121048799, 0.000523252063431, 0.00052893901011, 0.000461814110167, 0.000492156425025, 0.000615363591351, 0.000409626285546, 0.000451203086413, 0.000351028866135, 0.000378524739062, 0.00043359780102, 0.000543853733689, 0.000625442888122, 0.000683301361278, 0.000814739905763, 0.000831351731904, 0.000829942524433, 0.000650617061183, 0.000330991460942, 6.4127962105e-05],
        "median": [0.000127615043311, 0.00178883119952, 0.000244620052399, 0.000138613104355, 0.000324754801113, 0.000142986260471, 0.000209083111258, 0.000116597628221, 0.000214253697777, 0.000175557725015, 0.000116377610539, 0.000120669683383, 0.00016670707555, 0.000122973739053, 0.000182557647349, 0.000168247832335, 0.000208968296647, 0.00026535775396, 0.000343557621818, 0.000399460230255, 0.00040632270975, 0.000441652577138, 0.000443682482, 0.000445528770797, 0.000309559109155, 0.000131821027026, 8.08478216641e-06],
        "min": [1.38369705318e-23, 2.00971939708e-23, 1.24651682389e-23, 3.56800178155e-23, 5.11471536308e-23, 2.64564888732e-23, 3.82062691338e-23, 3.03370976143e-23, 2.80767176646e-23, 4.33538168878e-23, 7.29769796057e-23, 5.49723212275e-23, 6.80115798348e-23, 7.1452666834e-23, 1.8315357241e-22, 1.11883460612e-22, 1.09288625726e-22, 2.72649261506e-22, 3.40947475528e-22, 3.66437477264e-22, 4.74419534761e-22, 4.84119772349e-22, 6.1619861487e-22, 8.46216671855e-22, 1.24713895747e-21, 1.3887230564e-21, 2.13786848798e-21],
        "var": [4.16503098677e-06, 0.000844377151225, 0.000104074788396, 0.000428630621172, 3.3267915569e-05, 8.40600876018e-07, 9.16841713661e-07, 7.1939098234e-07, 9.20712125208e-07, 9.27303346998e-07, 1.02330204754e-06, 1.72353384187e-06, 1.83048314284e-06, 6.95577512033e-07, 4.66699020762e-07, 2.23198995286e-07, 2.2167209579e-07, 2.70285738679e-07, 3.75850078171e-07, 4.72772882176e-07, 6.83776193e-07, 1.38331245125e-06, 1.77588901806e-06, 1.42656824664e-06, 1.17665001653e-06, 2.35085025224e-07, 1.64763669375e-08]
    },
    "erbbands": {
        "dmean": [0.165788069367, 1.57788515091, 3.14389872551, 10.350227356, 9.97258090973, 4.48188829422, 2.56593489647, 2.42934370041, 4.758061409, 5.23084115982, 6.20531749725, 8.66492080688, 7.84208726883, 13.7299776077, 14.3374958038, 16.0449905396, 22.5069999695, 14.5696020126, 15.7154493332, 12.3162927628, 11.0353155136, 10.2994203568, 11.6398639679, 13.3857698441, 12.7455034256, 12.7509803772, 13.0192041397, 11.9773521423, 14.5923595428, 13.6739091873, 12.4804649353, 8.49074745178, 5.76437425613, 3.67581367493, 1.84850156307, 0.783903419971, 0.266658604145, 0.0622554495931, 0.0057676769793, 9.28812296479e-05],
        "dmean2": [0.23709911108, 1.95177268982, 4.99944353104, 14.194568634, 15.0503053665, 7.71575689316, 4.16501331329, 4.01180076599, 7.44915771484, 8.62514209747, 9.90410614014, 13.8080615997, 12.6119852066, 22.3503894806, 23.3734951019, 26.2781867981, 37.5044136047, 23.5737819672, 26.0565795898, 20.6126766205, 17.9654216766, 17.0535564423, 19.3133449554, 22.8663463593, 21.4902992249, 20.9715309143, 21.7834835052, 19.785484314, 24.5755329132, 23.22315979, 21.1262397766, 14.012216568, 9.15359210968, 5.79065656662, 2.83564972878, 1.222864151, 0.408265560865, 0.0938249304891, 0.00892910920084, 0.000140201285831],
        "dvar": [0.148599877954, 23.837392807, 100.456336975, 1173.59655762, 1465.34936523, 223.015289307, 36.9802246094, 37.2931976318, 110.118560791, 159.553390503, 238.318557739, 335.654571533, 394.801818848, 967.851806641, 1120.8425293, 2968.59375, 3430.39648438, 1365.078125, 921.118652344, 497.322174072, 349.72064209, 297.350708008, 343.884674072, 542.836608887, 366.725341797, 351.701202393, 497.835266113, 456.207885742, 971.612915039, 854.137695312, 1156.25109863, 341.103515625, 186.946487427, 76.0688476562, 16.2324504852, 2.49183106422, 0.232452452183, 0.0120955258608, 0.000154749490321, 2.97421181017e-08],
        "dvar2": [0.257291734219, 31.9689731598, 259.523376465, 2050.25512695, 3418.47875977, 612.688598633, 95.2564926147, 98.9804000854, 272.552215576, 427.721923828, 562.057800293, 840.442993164, 1026.31542969, 2548.55493164, 2929.87280273, 7660.54785156, 9650.73046875, 3626.75708008, 2497.89257812, 1341.66101074, 901.274169922, 772.576416016, 887.232727051, 1476.52099609, 981.885131836, 902.287719727, 1394.2677002, 1271.22814941, 2693.97363281, 2361.02734375, 3275.35498047, 921.085632324, 478.717254639, 177.566589355, 36.9711494446, 5.9907617569, 0.544861137867, 0.0253035649657, 0.000305420864606, 6.1240278626e-08],
        "max": [4.60690689087, 58.3816986084, 113.636528015, 374.620391846, 462.117492676, 191.319030762, 109.08190155, 145.585662842, 240.106506348, 403.310668945, 660.597167969, 483.746307373, 748.729492188, 784.15625, 975.753295898, 1528.37072754, 1194.8449707, 863.168518066, 524.952514648, 391.922515869, 412.013916016, 406.118499756, 411.032714844, 582.77722168, 389.677581787, 358.684997559, 373.80670166, 786.067016602, 1176.56347656, 888.13659668, 1179.49914551, 499.354370117, 659.465942383, 436.432525635, 199.082672119, 70.8570404053, 10.9373912811, 4.28210544586, 0.756620645523, 0.0095700416714],
        "mean": [0.490426212549, 2.85301780701, 4.02663803101, 11.6032686234, 10.1359024048, 4.28284835815, 3.78018522263, 3.58107256889, 7.3460521698, 7.44456005096, 9.01313114166, 13.1210412979, 11.9750385284, 19.0678844452, 20.382768631, 22.9852523804, 30.6043643951, 21.7175159454, 24.2435817719, 20.0979194641, 20.4406433105, 20.4384250641, 23.5163383484, 27.0903911591, 27.4484043121, 29.5406131744, 27.6756687164, 27.8449192047, 28.5403251648, 26.8544883728, 23.6098175049, 18.2257461548, 13.2904930115, 8.19703388214, 4.10964202881, 1.6880133152, 0.554584443569, 0.130901291966, 0.0103176068515, 0.000220274931053],
        "median": [0.0643142014742, 0.310029417276, 0.454777359962, 0.531924843788, 0.814291715622, 1.06471097469, 1.0216165781, 1.32626676559, 2.58115243912, 3.38450980186, 3.36441016197, 5.52095651627, 4.61705350876, 6.41155147552, 6.20067453384, 6.51312494278, 8.4759016037, 7.18432283401, 8.54221916199, 9.97706031799, 9.85132026672, 11.5062885284, 14.5315685272, 17.4210453033, 17.6036510468, 19.1920986176, 16.4470481873, 16.4628658295, 15.3785409927, 14.6089992523, 12.2445745468, 9.74093151093, 6.94586849213, 4.03651332855, 1.89273428917, 0.716170370579, 0.206215620041, 0.0364158973098, 0.00140837603249, 0.000104082020698],
        "min": [1.33048114023e-21, 1.86889726205e-21, 1.12880927642e-20, 6.57676700133e-20, 1.33053785137e-19, 1.20732412925e-19, 3.36005572806e-19, 2.15893946006e-19, 4.79782487965e-19, 4.05255918768e-19, 8.07549652063e-19, 7.69084719604e-19, 9.71678415616e-19, 3.00956100115e-18, 2.29426649262e-18, 1.77900348814e-18, 3.3283193929e-18, 3.08466548526e-18, 6.4728301547e-18, 1.00766869252e-17, 6.33169577141e-18, 7.14149773288e-18, 1.32773944766e-17, 1.5648761647e-17, 1.70723742227e-17, 1.88038534964e-17, 1.65104191474e-17, 2.10616297434e-17, 1.51162740538e-17, 1.5769308332e-17, 1.867626585e-17, 1.78255618751e-17, 1.48714550623e-17, 1.41404970616e-17, 8.62778909241e-18, 4.27600719261e-18, 2.66191642844e-18, 1.37347498751e-18, 2.889518948e-19, 2.99803018096e-20],
        "var": [0.529946804047, 52.9895515442, 117.273773193, 1879.94909668, 1680.71960449, 161.097061157, 65.9799041748, 52.6098327637, 180.667480469, 185.143051147, 424.379974365, 547.303283691, 556.458068848, 1230.31506348, 1651.94189453, 4024.9074707, 4651.78662109, 1938.33178711, 1451.28552246, 747.894836426, 751.061279297, 649.738586426, 797.479003906, 992.528747559, 892.988037109, 1038.90393066, 1084.53173828, 1183.78308105, 1754.26416016, 1582.0222168, 1517.60070801, 692.337219238, 418.148284912, 199.029998779, 45.6725730896, 6.88954162598, 0.638411164284, 0.0413124896586, 0.000437836657511, 9.84523467196e-08]
    },
    "gfcc": {
        "mean": [15.2528781891, 29.0675582886, -107.006248474, 42.3773880005, -55.5953559875, 26.2827548981, -29.4372844696, 17.1986923218, -20.7516460419, 8.57032489777, -14.572675705, 3.86236643791, -13.0817108154],
        "cov": [[11548.0185547, -2634.4050293, 1559.93591309, 578.498413086, 569.09576416, 900.717041016, -0.249533191323, 288.765869141, -425.313293457, 236.59262085, -304.48651123, 233.117904663, -233.545303345], [-2634.4050293, 1998.10754395, -313.593414307, 112.874916077, -100.9036026, -302.564453125, 49.0256500244, 3.47615885735, 264.963317871, -62.2125778198, 166.896148682, -76.8546218872, 143.657394409], [1559.93591309, -313.593414307, 1167.29968262, 485.98324585, 319.146911621, 140.782852173, 16.7895336151, 24.5281410217, -93.1758728027, 0.619265317917, -134.871887207, -37.2240447998, -132.736343384], [578.498413086, 112.874916077, 485.98324585, 692.418701172, 279.887207031, 237.152374268, 98.1074066162, 57.209980011, -8.29549217224, -34.5540237427, -63.2647247314, -64.2801361084, -49.9715690613], [569.09576416, -100.9036026, 319.146911621, 279.887207031, 399.579589844, 233.930435181, 131.508712769, 50.852809906, 2.20990514755, 26.3768463135, -25.1789493561, -5.36303663254, -31.2971839905], [900.717041016, -302.564453125, 140.782852173, 237.152374268, 233.930435181, 436.83001709, 195.310638428, 117.896240234, 3.90184783936, 36.3414459229, -19.7621040344, 18.3284873962, -5.24659252167], [-0.249533191323, 49.0256500244, 16.7895336151, 98.1074066162, 131.508712769, 195.310638428, 248.940658569, 114.520568848, 94.9472808838, 40.1297416687, 31.8950099945, 15.1716184616, 10.2508134842], [288.765869141, 3.47615885735, 24.5281410217, 57.209980011, 50.852809906, 117.896240234, 114.520568848, 193.123580933, 93.8994522095, 76.6158294678, 32.7682571411, 33.8862037659, 31.0904102325], [-425.313293457, 264.963317871, -93.1758728027, -8.29549217224, 2.20990514755, 3.90184783936, 94.9472808838, 93.8994522095, 193.461349487, 86.1902770996, 101.019309998, 32.9693107605, 46.0457839966], [236.59262085, -62.2125778198, 0.619265317917, -34.5540237427, 26.3768463135, 36.3414459229, 40.1297416687, 76.6158294678, 86.1902770996, 146.973205566, 82.7576141357, 68.4812774658, 24.8405895233], [-304.48651123, 166.896148682, -134.871887207, -63.2647247314, -25.1789493561, -19.7621040344, 31.8950099945, 32.7682571411, 101.019309998, 82.7576141357, 152.343200684, 71.0527877808, 64.3431167603], [233.117904663, -76.8546218872, -37.2240447998, -64.2801361084, -5.36303663254, 18.3284873962, 15.1716184616, 33.8862037659, 32.9693107605, 68.4812774658, 71.0527877808, 113.108192444, 57.3355255127], [-233.545303345, 143.657394409, -132.736343384, -49.9715690613, -31.2971839905, -5.24659252167, 10.2508134842, 31.0904102325, 46.0457839966, 24.8405895233, 64.3431167603, 57.3355255127, 113.504669189]],
        "icov": [[0.000185633864021, 9.01029707165e-05, -0.000135047739604, -2.29584147746e-05, 2.75550100923e-05, -0.000278101448203, 0.00026447646087, -0.000276189442957, 0.000248633994488, -0.000200188791496, 0.000182623596629, -0.00046243169345, 0.000219404653762], [9.01029707165e-05, 0.00121975294314, 6.35799442534e-05, -0.000592999800574, -0.000139961688546, 0.00102050579153, -0.000339443096891, -5.21050023963e-05, -0.00112548226025, 0.000970505410805, -0.000944716797676, 0.00122447067406, -0.00133040978108], [-0.000135047739604, 6.35799442534e-05, 0.00184210937005, -0.00107065378688, -0.000885678338818, 0.000946654530708, -1.94243166334e-05, -0.000129217631184, 0.000117584982945, -0.000445946294349, 0.000899933860637, -0.000698550080415, 0.00105382106267], [-2.29584147746e-05, -0.000592999800574, -0.00107065378688, 0.00327326101251, -0.000791805447079, -0.00174110394437, 0.000768080062699, -0.000392611633288, -0.000213358754991, 0.000935719464906, -0.000343739782693, 0.00102693634108, 0.000189569036593], [2.75550100923e-05, -0.000139961688546, -0.000885678338818, -0.000791805447079, 0.00514195626602, -0.00174078484997, -0.00146275712177, 0.00120209879242, 0.000392114423448, -0.00140241568442, 0.000256675470155, 6.209739513e-05, -3.93411028199e-05], [-0.000278101448203, 0.00102050579153, 0.000946654530708, -0.00174110394437, -0.00174078484997, 0.00728215184063, -0.00431943126023, -0.00110301247332, 0.00135324988514, -2.79935284198e-05, -0.000333544739988, 0.000996365793981, -0.00183154607657], [0.00026447646087, -0.000339443096891, -1.94243166334e-05, 0.000768080062699, -0.00146275712177, -0.00431943126023, 0.010358447209, -0.00290240067989, -0.0037327571772, 0.00228004716337, -0.000183653231943, -0.00168837548699, 0.00251802126877], [-0.000276189442957, -5.21050023963e-05, -0.000129217631184, -0.000392611633288, 0.00120209879242, -0.00110301247332, -0.00290240067989, 0.011059731245, -0.00387489353307, -0.00385789945722, 0.00317361485213, 0.000561905500945, -0.00297975027934], [0.000248633994488, -0.00112548226025, 0.000117584982945, -0.000213358754991, 0.000392114423448, 0.00135324988514, -0.0037327571772, -0.00387489353307, 0.0155483800918, -0.00574787799269, -0.0044806743972, 0.00179719692096, 0.000131321634399], [-0.000200188791496, 0.000970505410805, -0.000445946294349, 0.000935719464906, -0.00140241568442, -2.79935284198e-05, 0.00228004716337, -0.00385789945722, -0.00574787799269, 0.0180059652776, -0.00655256072059, -0.00440897420049, 0.00304582389072], [0.000182623596629, -0.000944716797676, 0.000899933860637, -0.000343739782693, 0.000256675470155, -0.000333544739988, -0.000183653231943, 0.00317361485213, -0.0044806743972, -0.00655256072059, 0.0187440980226, -0.0072454106994, -0.00203875848092], [-0.00046243169345, 0.00122447067406, -0.000698550080415, 0.00102693634108, 6.209739513e-05, 0.000996365793981, -0.00168837548699, 0.000561905500945, 0.00179719692096, -0.00440897420049, -0.0072454106994, 0.022577714175, -0.00986606627703], [0.000219404653762, -0.00133040978108, 0.00105382106267, 0.000189569036593, -3.93411028199e-05, -0.00183154607657, 0.00251802126877, -0.00297975027934, 0.000131321634399, 0.00304582389072, -0.00203875848092, -0.00986606627703, 0.0181741956621]]
    },
    "melbands": {
        "dmean": [0.00161264510825, 0.00156081269961, 0.0016667151358, 0.000494636478834, 0.000101385834569, 5.51318771613e-05, 7.35608264222e-05, 5.78255821893e-05, 5.38670647074e-05, 5.28552445758e-05, 3.98733645852e-05, 5.68749383092e-05, 4.91602477268e-05, 4.26160477218e-05, 4.709463974e-05, 4.14495443692e-05, 2.77805029327e-05, 2.56417260971e-05, 2.0037718059e-05, 1.48204189827e-05, 1.37463248393e-05, 1.14395443234e-05, 1.23708359752e-05, 1.14142621896e-05, 1.19207270473e-05, 1.05418457679e-05, 9.60031047725e-06, 9.17493071029e-06, 8.83206666913e-06, 8.58867042552e-06, 7.495328191e-06, 8.70655640028e-06, 9.30308488023e-06, 7.79095080361e-06, 7.75858188717e-06, 7.0458177106e-06, 5.08749144501e-06, 4.35390120401e-06, 4.02784144171e-06, 3.08844892061e-06],
        "dmean2": [0.00222169863991, 0.00223312317394, 0.00224530347623, 0.000796260603238, 0.000168352067703, 9.03685577214e-05, 0.000115305680083, 9.5543495263e-05, 8.57222621562e-05, 8.40980210342e-05, 6.43477033009e-05, 9.23981933738e-05, 8.03751099738e-05, 7.01408571331e-05, 7.79031252023e-05, 6.93061301718e-05, 4.54107539554e-05, 4.26574224548e-05, 3.4107673855e-05, 2.44120310526e-05, 2.25623953156e-05, 1.91230283235e-05, 2.04942498385e-05, 1.93478026631e-05, 2.04882871913e-05, 1.7862617824e-05, 1.61271800607e-05, 1.52025913849e-05, 1.48612962221e-05, 1.46071761264e-05, 1.22971032397e-05, 1.48344670379e-05, 1.59500559676e-05, 1.33055846163e-05, 1.31068882183e-05, 1.2125653484e-05, 8.2894530351e-06, 6.95226208336e-06, 6.62507318339e-06, 4.89525109515e-06],
        "dvar": [1.8843655198e-05, 2.16326316149e-05, 3.0369612432e-05, 3.21100037581e-06, 6.46022968454e-08, 1.88115638622e-08, 2.59357086918e-08, 1.84921766788e-08, 1.57805910561e-08, 1.3332928539e-08, 1.03292912002e-08, 1.66488138831e-08, 1.56029962284e-08, 1.52690606825e-08, 1.17461143034e-08, 9.81753789375e-09, 5.22409804304e-09, 2.4282535982e-09, 1.51791390568e-09, 5.87363380156e-10, 5.67695279674e-10, 3.97264832142e-10, 4.07032602068e-10, 3.30260652159e-10, 4.59121740626e-10, 2.33699559704e-10, 2.19617532493e-10, 1.8767243315e-10, 2.06576131201e-10, 2.58456644975e-10, 1.77221431974e-10, 3.29202942684e-10, 4.19587059541e-10, 2.74966827085e-10, 4.27447577334e-10, 3.69065361605e-10, 1.0516949811e-10, 1.05278355478e-10, 9.1991213258e-11, 5.98849997369e-11],
        "dvar2": [2.57539322774e-05, 3.80807032343e-05, 5.01398717461e-05, 8.07504420663e-06, 1.73252942659e-07, 4.95477330276e-08, 6.42226183345e-08, 4.95496621511e-08, 3.79026516839e-08, 3.38594716709e-08, 2.67849298297e-08, 4.33714184567e-08, 4.11376319676e-08, 3.97534130059e-08, 3.1328532657e-08, 2.76557585721e-08, 1.39002107602e-08, 6.53072973478e-09, 4.16988266139e-09, 1.54570956035e-09, 1.44819245484e-09, 1.04866071382e-09, 1.045286524e-09, 8.90294116207e-10, 1.26255361721e-09, 6.32959962221e-10, 5.92618176753e-10, 4.73352634867e-10, 5.64923385848e-10, 7.55087214976e-10, 4.90436524725e-10, 9.26424659209e-10, 1.17168919012e-09, 7.68163699316e-10, 1.1925470611e-09, 1.06697883862e-09, 2.72325079154e-10, 2.69951727638e-10, 2.38520175833e-10, 1.36971628484e-10],
        "max": [0.051998950541, 0.0503288581967, 0.0614728331566, 0.0212316960096, 0.00371343037114, 0.0034265962895, 0.00324873486534, 0.00384334148839, 0.00453091552481, 0.00286705233157, 0.00380766764283, 0.00311972713098, 0.00344353285618, 0.00329665606841, 0.00198741164058, 0.00231131818146, 0.0015336368233, 0.000912692048587, 0.000694403424859, 0.000420831725933, 0.000629788264632, 0.000469148886623, 0.000492985127494, 0.000293530349154, 0.000531879428308, 0.000281636195723, 0.000300752668409, 0.000322561478242, 0.000249976757914, 0.000254478742136, 0.000581175554544, 0.000773673236836, 0.000602579326369, 0.000484105927171, 0.000808341312222, 0.000562588509638, 0.000358030985808, 0.000484537187731, 0.000297470745863, 0.000435420108261],
        "mean": [0.00421690102667, 0.00273463828489, 0.00199096137658, 0.000478076544823, 0.000136178990942, 8.16736428533e-05, 0.000113056434202, 8.02551730885e-05, 7.79884139774e-05, 7.88445031503e-05, 5.90901654505e-05, 7.73560459493e-05, 6.70211447868e-05, 5.83472356084e-05, 6.60102596157e-05, 5.51589364477e-05, 3.87365507777e-05, 3.81803947676e-05, 2.98645409202e-05, 2.48110882239e-05, 2.37564418057e-05, 2.05398191611e-05, 2.24264749704e-05, 2.0631150619e-05, 2.20228994294e-05, 2.03256186069e-05, 1.96274868358e-05, 1.95866887225e-05, 1.73363569047e-05, 1.65298315551e-05, 1.59296942002e-05, 1.58786442626e-05, 1.61510415637e-05, 1.44048517541e-05, 1.37850511237e-05, 1.24153793877e-05, 1.05975632323e-05, 9.54319330049e-06, 8.10529763839e-06, 6.54411451251e-06],
        "median": [0.000566212635022, 0.000403541489504, 0.000104029270005, 7.09898158675e-05, 3.91754583688e-05, 2.79067444353e-05, 4.04074598919e-05, 3.48539797415e-05, 2.94562596537e-05, 3.17628982884e-05, 2.07830617001e-05, 2.42188198172e-05, 1.75792938535e-05, 1.4982846551e-05, 1.85357603186e-05, 1.50073683471e-05, 1.13238493213e-05, 1.27461053125e-05, 1.26877284856e-05, 1.274474198e-05, 1.0580705748e-05, 1.07712994577e-05, 1.26424201881e-05, 1.24895232148e-05, 1.33340245156e-05, 1.25709229906e-05, 1.18307243611e-05, 1.24828902699e-05, 9.89947602648e-06, 9.53918879532e-06, 9.10254129849e-06, 8.24364997243e-06, 8.33620742924e-06, 7.68179234001e-06, 6.90398564984e-06, 6.1964269662e-06, 5.47911076865e-06, 4.83663598061e-06, 4.00857561544e-06, 3.04383456751e-06],
        "min": [9.02553116603e-24, 4.33688115559e-24, 1.47829535967e-23, 7.54995737649e-24, 1.12288977715e-23, 4.50111292415e-24, 8.15225583307e-24, 4.53283262672e-24, 6.34245942735e-24, 4.68365257661e-24, 4.65679344051e-24, 1.16443561004e-23, 8.34596615037e-24, 6.7453366081e-24, 5.01485385551e-24, 6.7306267188e-24, 5.38406324169e-24, 9.90288569874e-24, 1.33494481815e-23, 1.00573075875e-23, 6.67825582102e-24, 6.39855532632e-24, 9.5625332389e-24, 1.35476857715e-23, 1.24786948369e-23, 1.42681066823e-23, 9.87043353882e-24, 1.34937418851e-23, 8.48553852147e-24, 1.47993966134e-23, 1.0668907503e-23, 8.46412725878e-24, 1.00632461324e-23, 7.57246357811e-24, 9.7177155896e-24, 1.25143931594e-23, 1.02988725739e-23, 9.77478020976e-24, 1.17769068206e-23, 1.19119590187e-23],
        "var": [5.31772093382e-05, 4.61575691588e-05, 5.30300494574e-05, 2.98000441035e-06, 8.08741305036e-08, 2.79424448024e-08, 4.19844923272e-08, 2.18976801136e-08, 2.71878839442e-08, 2.10407424817e-08, 1.45887772973e-08, 2.16100097816e-08, 2.21075797668e-08, 2.08033199556e-08, 1.72291834133e-08, 1.43288918508e-08, 7.06561875674e-09, 3.75066422365e-09, 1.95355842614e-09, 1.09528908165e-09, 1.14540477103e-09, 7.6246486902e-10, 8.60802262803e-10, 6.30334451301e-10, 7.41283257e-10, 5.11859166163e-10, 5.06214348217e-10, 5.01268082598e-10, 4.41462477685e-10, 4.48361126004e-10, 4.26992913249e-10, 5.64456592578e-10, 6.46424969108e-10, 4.75768480168e-10, 5.66886648734e-10, 4.25417034933e-10, 2.37756536681e-10, 2.22517435033e-10, 1.87787854711e-10, 1.45555109632e-10]
    },
    "mfcc": {
        "mean": [-628.566955566, 62.097492218, 7.77475500107, 21.5249576569, 5.09499120712, 10.9500608444, 6.90691375732, 9.59911251068, 4.10120916367, 7.61703824997, 4.41629695892, 3.32860589027, 2.24273848534],
        "cov": [[9176.81835938, -1856.96801758, 553.493103027, -53.212348938, 455.187927246, 522.10534668, 484.415802002, 201.38760376, 139.96913147, -20.2582397461, -33.4259300232, 21.6203632355, -81.2958755493], [-1856.96801758, 1390.58776855, -127.939727783, 154.454650879, -134.014343262, -224.855209351, -210.39831543, -52.9390869141, -31.3426570892, 49.0128974915, 55.1144180298, 19.2072963715, 53.6505393982], [553.493103027, -127.939727783, 671.669372559, 327.077941895, 214.482635498, 135.355926514, 84.0088195801, 49.7632865906, 30.6712169647, 22.1911010742, -5.17791080475, -26.971654892, -39.0547180176], [-53.212348938, 154.454650879, 327.077941895, 497.910339355, 207.347366333, 120.686080933, 52.5581321716, 58.2722930908, 34.2769508362, 42.8568763733, 25.1532535553, -8.82651519775, -16.3458175659], [455.187927246, -134.014343262, 214.482635498, 207.347366333, 315.763397217, 189.14692688, 139.91633606, 59.4699668884, 56.4615020752, 19.6217575073, 10.3255758286, -1.27193391323, -16.2908496857], [522.10534668, -224.855209351, 135.355926514, 120.686080933, 189.14692688, 312.535369873, 201.493240356, 129.983779907, 84.5464553833, 49.3734283447, 24.8707733154, 24.5537223816, 5.90769100189], [484.415802002, -210.39831543, 84.0088195801, 52.5581321716, 139.91633606, 201.493240356, 237.53213501, 130.148117065, 99.4816513062, 42.2919158936, 24.2657794952, 20.2458343506, 5.34228992462], [201.38760376, -52.9390869141, 49.7632865906, 58.2722930908, 59.4699668884, 129.983779907, 130.148117065, 173.771957397, 106.220527649, 70.0297546387, 33.516784668, 30.6507740021, 16.4404277802], [139.96913147, -31.3426570892, 30.6712169647, 34.2769508362, 56.4615020752, 84.5464553833, 99.4816513062, 106.220527649, 141.237045288, 76.5701522827, 44.4956741333, 31.475440979, 18.7029037476], [-20.2582397461, 49.0128974915, 22.1911010742, 42.8568763733, 19.6217575073, 49.3734283447, 42.2919158936, 70.0297546387, 76.5701522827, 118.741119385, 71.9975814819, 44.0050621033, 32.9434432983], [-33.4259300232, 55.1144180298, -5.17791080475, 25.1532535553, 10.3255758286, 24.8707733154, 24.2657794952, 33.516784668, 44.4956741333, 71.9975814819, 104.816177368, 65.3301620483, 45.294921875], [21.6203632355, 19.2072963715, -26.971654892, -8.82651519775, -1.27193391323, 24.5537223816, 20.2458343506, 30.6507740021, 31.475440979, 44.0050621033, 65.3301620483, 103.311027527, 64.4820098877], [-81.2958755493, 53.6505393982, -39.0547180176, -16.3458175659, -16.2908496857, 5.90769100189, 5.34228992462, 16.4404277802, 18.7029037476, 32.9434432983, 45.294921875, 64.4820098877, 93.3207473755]],
