{
"lowlevel": {
    "average_loudness": 0.852139770985,
    "barkbands_crest": {
        "dmean": 2.47854065895,
        "dmean2": 3.99175620079,
        "dvar": 7.30239200592,
        "dvar2": 17.979259491,
        "max": 26.2186107635,
        "mean": 11.2599506378,
        "median": 10.7682914734,
        "min": 2.12737584114,
        "var": 22.8243637085
    },
    "barkbands_flatness_db": {
        "dmean": 0.0243847630918,
        "dmean2": 0.0377570614219,
        "dvar": 0.00101108546369,
        "dvar2": 0.00229219021276,
        "max": 0.522267043591,
        "mean": 0.139869317412,
        "median": 0.116049923003,
        "min": 0.0222372673452,
        "var": 0.00600344361737
    },
    "barkbands_kurtosis": {
        "dmean": 4.50249290466,
        "dmean2": 7.31929779053,
        "dvar": 273.326080322,
        "dvar2": 670.139709473,
        "max": 721.629638672,
        "mean": 4.12366628647,
        "median": -0.228770494461,
        "min": -1.89191508293,
        "var": 382.438323975
    },
    "barkbands_skewness": {
        "dmean": 0.649805605412,
        "dmean2": 0.995572447777,
        "dvar": 1.18452334404,
        "dvar2": 2.514950037,
        "max": 21.937795639,
        "mean": 1.13727402687,
        "median": 0.819652378559,
        "min": -3.01549291611,
        "var": 2.80358099937
    },
    "barkbands_spread": {
        "dmean": 7.74914455414,
        "dmean2": 12.0421905518,
        "dvar": 101.250007629,
        "dvar2": 217.346237183,
        "max": 106.603240967,
        "mean": 36.017578125,
        "median": 36.7535362244,
        "min": 0.27917277813,
        "var": 431.385192871
    },
    "dissonance": {
        "dmean": 0.0153382522985,
        "dmean2": 0.0258518178016,
        "dvar": 0.000343395397067,
        "dvar2": 0.000949167180806,
        "max": 0.5,
        "mean": 0.470414936543,
        "median": 0.480120629072,
        "min": 0.227732017636,
        "var": 0.00103920768015
    },
    "dynamic_complexity": 4.09869861603,
    "erbbands_crest": {
        "dmean": 2.67533302307,
        "dmean2": 4.32074213028,
        "dvar": 8.69420528412,
        "dvar2": 21.036819458,
        "max": 33.6229133606,
        "mean": 9.2313709259,
        "median": 7.3073682785,
        "min": 2.36150121689,
        "var": 30.718000412
    },
    "erbbands_flatness_db": {
        "dmean": 0.0168447010219,
        "dmean2": 0.0257262159139,
        "dvar": 0.000351079041138,
        "dvar2": 0.000786930904724,
        "max": 0.506500303745,
        "mean": 0.164309903979,
        "median": 0.140463531017,
        "min": 0.040794081986,
        "var": 0.0054352208972
    },
    "erbbands_kurtosis": {
        "dmean": 1.21223711967,
        "dmean2": 1.96278107166,
        "dvar": 6.50746202469,
        "dvar2": 15.9532718658,
        "max": 99.1910400391,
        "mean": 0.9983497262,
        "median": -0.142772912979,
        "min": -1.87488567829,
        "var": 16.1097202301
    },
    "erbbands_skewness": {
        "dmean": 0.408585309982,
        "dmean2": 0.638851940632,
        "dvar": 0.243303969502,
        "dvar2": 0.5908639431,
        "max": 4.83521318436,
        "mean": 0.0416951179504,
        "median": -0.0854541882873,
        "min": -5.94577741623,
        "var": 0.84618216753
    },
    "erbbands_spread": {
        "dmean": 8.77770519257,
        "dmean2": 13.7231054306,
        "dvar": 158.7293396,
        "dvar2": 372.085083008,
        "max": 168.497924805,
        "mean": 38.4847259521,
        "median": 36.7612915039,
        "min": 1.190128088,
        "var": 493.070953369
    },
    "hfc": {
        "dmean": 9.80400562286,
        "dmean2": 15.1630811691,
        "dvar": 187.49281311,
        "dvar2": 436.113037109,
        "max": 165.731994629,
        "mean": 37.3257789612,
        "median": 35.3145751953,
        "min": 1.08261140491e-16,
        "var": 836.510009766
    },
    "melbands_crest": {
        "dmean": 3.3552877903,
        "dmean2": 5.32758045197,
        "dvar": 12.1455717087,
        "dvar2": 29.5892486572,
        "max": 38.1758384705,
        "mean": 19.2237701416,
        "median": 19.8040142059,
        "min": 1.6142783165,
        "var": 57.5161476135
    },
    "melbands_flatness_db": {
        "dmean": 0.0298073925078,
        "dmean2": 0.045827973634,
        "dvar": 0.00161983736325,
        "dvar2": 0.00353646487929,
        "max": 0.655724942684,
        "mean": 0.192003697157,
        "median": 0.163527667522,
        "min": 0.00383964949287,
        "var": 0.0102450866252
    },
    "melbands_kurtosis": {
        "dmean": 14.2749166489,
        "dmean2": 22.7170352936,
        "dvar": 4415.36767578,
        "dvar2": 11038.578125,
        "max": 4281.05517578,
        "mean": 18.1461009979,
        "median": 4.76272344589,
        "min": -1.86130297184,
        "var": 5014.34033203
    },
    "melbands_skewness": {
        "dmean": 0.956931650639,
        "dmean2": 1.44754219055,
        "dvar": 2.7207403183,
        "dvar2": 5.66681957245,
        "max": 42.2478752136,
        "mean": 2.63405585289,
        "median": 2.12551045418,
        "min": -2.37392616272,
        "var": 6.68472480774
    },
    "melbands_spread": {
        "dmean": 10.4819507599,
        "dmean2": 16.4139709473,
        "dvar": 195.831314087,
        "dvar2": 432.739471436,
        "max": 216.971817017,
        "mean": 38.0837402344,
        "median": 35.6072273254,
        "min": 0.0780256986618,
        "var": 687.612365723
    },
    "pitch_salience": {
        "dmean": 0.0717799663544,
        "dmean2": 0.114212788641,
        "dvar": 0.00584049429744,
        "dvar2": 0.0138729773462,
        "max": 0.913567364216,
        "mean": 0.47455444932,
        "median": 0.471239686012,
        "min": 0.0409958511591,
        "var": 0.0180109087378
    },
    "silence_rate_20dB": {
        "dmean": 0,
        "dmean2": 0,
        "dvar": 0,
        "dvar2": 0,
        "max": 1,
        "mean": 1,
        "median": 1,
        "min": 1,
        "var": 0
    },
    "silence_rate_30dB": {
        "dmean": 0.00102019996848,
        "dmean2": 0.00204060808755,
        "dvar": 0.00101910263766,
        "dvar2": 0.00285246013664,
        "max": 1,
        "mean": 0.999387919903,
        "median": 1,
        "min": 0,
        "var": 0.000611709430814
    },
    "silence_rate_60dB": {
        "dmean": 0.0199959184974,
        "dmean2": 0.0399959199131,
        "dvar": 0.0195950381458,
        "dvar2": 0.0459426827729,
        "max": 1,
        "mean": 0.129960209131,
        "median": 0,
        "min": 0,
        "var": 0.113068915904
    },
    "spectral_centroid": {
        "dmean": 305.669616699,
        "dmean2": 470.210235596,
        "dvar": 192524.421875,
        "dvar2": 376234.9375,
        "max": 12015.8476562,
        "mean": 2121.78833008,
        "median": 2367.38696289,
        "min": 144.912277222,
        "var": 1113289.125
    },
    "spectral_complexity": {
        "dmean": 5.06223201752,
        "dmean2": 7.9163351059,
        "dvar": 41.0485153198,
        "dvar2": 91.3098678589,
        "max": 56,
        "mean": 20.0104045868,
        "median": 19,
        "min": 0,
        "var": 171.45892334
    },
    "spectral_decrease": {
        "dmean": 1.6594672303e-09,
        "dmean2": 2.53418797058e-09,
        "dvar": 6.83648894407e-18,
        "dvar2": 1.49826397171e-17,
        "max": 1.65502406433e-28,
        "mean": -7.38958805258e-09,
        "median": -6.78390854603e-09,
        "min": -3.53534268527e-08,
        "var": 3.29754591665e-17
    },
    "spectral_energy": {
        "dmean": 0.00656716665253,
        "dmean2": 0.00998709350824,
        "dvar": 9.32750190259e-05,
        "dvar2": 0.000204688491067,
        "max": 0.135294958949,
        "mean": 0.0312756337225,
        "median": 0.0297340676188,
        "min": 1.0108121236e-20,
        "var": 0.00052639801288
    },
    "spectral_energyband_high": {
        "dmean": 0.000951296184212,
        "dmean2": 0.00147882802412,
        "dvar": 2.1341863885e-06,
        "dvar2": 5.04278295921e-06,
        "max": 0.0200625099242,
        "mean": 0.00289615453221,
        "median": 0.00230278284289,
        "min": 7.41192845277e-21,
        "var": 7.99156350695e-06
    },
    "spectral_energyband_low": {
        "dmean": 0.00468660704792,
        "dmean2": 0.00717447372153,
        "dvar": 0.000110668894195,
        "dvar2": 0.000258582702372,
        "max": 0.121026106179,
        "mean": 0.0155212860554,
        "median": 0.00937169604003,
        "min": 8.2742239842e-24,
        "var": 0.000330081413267
    },
    "spectral_energyband_middle_high": {
        "dmean": 0.00229716370814,
        "dmean2": 0.00360739976168,
        "dvar": 1.08231924969e-05,
        "dvar2": 2.4577273507e-05,
        "max": 0.0593419112265,
        "mean": 0.00710616260767,
        "median": 0.00542166782543,
        "min": 1.1293951691e-21,
        "var": 4.97442961205e-05
    },
    "spectral_energyband_middle_low": {
        "dmean": 0.00358737562783,
        "dmean2": 0.00574343837798,
        "dvar": 6.49223438813e-05,
        "dvar2": 0.000167757301824,
        "max": 0.08562361449,
        "mean": 0.00657100602984,
        "median": 0.0043552191928,
        "min": 1.67134382267e-22,
        "var": 7.26308426238e-05
    },
    "spectral_entropy": {
        "dmean": 0.170839995146,
        "dmean2": 0.265886366367,
        "dvar": 0.0461449287832,
        "dvar2": 0.118324965239,
        "max": 9.81701850891,
        "mean": 7.73121118546,
        "median": 7.90099191666,
        "min": 4.56932353973,
        "var": 0.402006030083
    },
    "spectral_flux": {
        "dmean": 0.0257082544267,
        "dmean2": 0.0401666872203,
        "dvar": 0.000786259304732,
        "dvar2": 0.00155438645743,
        "max": 0.341044962406,
        "mean": 0.0820983946323,
        "median": 0.0754051953554,
        "min": 6.12615791429e-11,
        "var": 0.00296876835637
    },
    "spectral_kurtosis": {
        "dmean": 2.41886615753,
        "dmean2": 4.14742231369,
        "dvar": 58.090171814,
        "dvar2": 169.750213623,
        "max": 382.342132568,
        "mean": 7.12265396118,
        "median": 2.64277982712,
        "min": -1.24578011036,
        "var": 521.503051758
    },
    "spectral_rms": {
        "dmean": 0.000572028162424,
        "dmean2": 0.000860414584167,
        "dvar": 5.1587693406e-07,
        "dvar2": 1.07614255285e-06,
        "max": 0.0114889116958,
        "mean": 0.00497560761869,
        "median": 0.00538598606363,
        "min": 3.14031548161e-12,
        "var": 5.75612284592e-06
    },
    "spectral_rolloff": {
        "dmean": 816.068054199,
        "dmean2": 1332.69567871,
        "dvar": 1634960,
        "dvar2": 3746339.25,
        "max": 19379.8828125,
        "mean": 2853.5703125,
        "median": 2368.65234375,
        "min": 43.06640625,
        "var": 6496281
    },
    "spectral_skewness": {
        "dmean": 0.239294275641,
        "dmean2": 0.402413636446,
        "dvar": 0.16398896277,
        "dvar2": 0.505162477493,
        "max": 14.2728424072,
        "mean": 1.51957523823,
        "median": 1.23051249981,
        "min": -0.258346021175,
        "var": 1.4968726635
    },
    "spectral_spread": {
        "dmean": 535218.0625,
        "dmean2": 802540.0625,
        "dvar": 540410183680,
        "dvar2": 1.12633996902e+12,
        "max": 42453040,
        "mean": 5161758,
        "median": 5232492,
        "min": 253141.328125,
        "var": 8.0450420736e+12
    },
    "spectral_strongpeak": {
        "dmean": 0.408135294914,
        "dmean2": 0.696964263916,
        "dvar": 0.92093193531,
        "dvar2": 2.41583418846,
        "max": 14.8578424454,
        "mean": 0.807098805904,
        "median": 0.374328255653,
        "min": 0,
        "var": 1.60738134384
    },
    "zerocrossingrate": {
        "dmean": 0.0138950441033,
        "dmean2": 0.0161152239889,
        "dvar": 0.000281122949673,
        "dvar2": 0.000356850825483,
        "max": 0.65673828125,
        "mean": 0.094097815454,
        "median": 0.08642578125,
        "min": 0.0029296875,
        "var": 0.00396188069135
    },
    "barkbands": {
        "dmean": [0.000438179064076, 0.00312899192795, 0.00186321942601, 0.00121537409723, 0.00141825864557, 0.000708706211299, 0.000371850823285, 0.000538142398, 0.000545148679521, 0.000293205870548, 0.00038415149902, 0.000704235571902, 0.000443289463874, 0.000296447688015, 0.000346024549799, 0.000389704015106, 0.000328902940964, 0.000331002986059, 0.000351470924215, 0.000323598884279, 0.000300055777188, 0.000250261742622, 0.000193541040062, 0.000141147669638, 0.000124309299281, 7.54360589781e-05, 2.3297030566e-05],
        "dmean2": [0.000600331230089, 0.00489872600883, 0.00315836607479, 0.00214894395322, 0.00223987619393, 0.00120481778868, 0.000580420601182, 0.000809490913525, 0.000840469438117, 0.000453950779047, 0.000584631867241, 0.00107210630085, 0.000697926443536, 0.000479376147268, 0.000554689206183, 0.000642642320599, 0.000539307715371, 0.000540453125723, 0.000563198293094, 0.00052286114078, 0.000478772912174, 0.000396585906856, 0.000319115410093, 0.000227029871894, 0.000192056933884, 0.000114203896374, 3.43632673321e-05],
        "dvar": [8.43943098516e-07, 4.30307227361e-05, 6.34618118056e-05, 2.99654893752e-05, 2.20894162339e-05, 4.73210229757e-06, 7.2070014312e-07, 1.90649120668e-06, 1.62734261266e-06, 7.4436536579e-07, 9.38664754813e-07, 3.24435200127e-06, 1.0312254517e-06, 3.64905162087e-07, 4.92244907946e-07, 7.05783122612e-07, 4.40426134674e-07, 3.40336583804e-07, 3.68888862567e-07, 2.60867608404e-07, 2.3159174134e-07, 1.41612900961e-07, 1.16456796206e-07, 5.15779383647e-08, 4.95480563245e-08, 1.79519332733e-08, 3.42262551634e-09],
        "dvar2": [1.66459903994e-06, 0.000105474959128, 0.000170177299879, 8.61932421685e-05, 4.82830837427e-05, 1.31396755023e-05, 1.64065249919e-06, 3.56061536877e-06, 3.59706450581e-06, 1.46508807575e-06, 1.78737423084e-06, 7.2983816608e-06, 2.31617696045e-06, 8.58875239373e-07, 1.10699227207e-06, 1.66663505752e-06, 1.11011843273e-06, 8.09427149306e-07, 8.96006270068e-07, 6.38133826669e-07, 5.5087838291e-07, 3.40203854421e-07, 3.12669442337e-07, 1.25370945625e-07, 1.22117612023e-07, 4.1364881298e-08, 6.95300483855e-09],
        "max": [0.0270931441337, 0.109078228474, 0.0858352556825, 0.0625908598304, 0.0536063574255, 0.0269595254213, 0.0174215082079, 0.0500402115285, 0.035539098084, 0.0303435437381, 0.0264875534922, 0.0442228391767, 0.03571280092, 0.014289945364, 0.0215134471655, 0.0279082469642, 0.0264348182827, 0.0178206507117, 0.0164000242949, 0.00879536289722, 0.00981377530843, 0.00812039151788, 0.0060379486531, 0.00543764745817, 0.00333667453378, 0.00236380728893, 0.00166463060305],
        "mean": [0.00153202470392, 0.0114265605807, 0.00186638452578, 0.00119759247173, 0.00154565239791, 0.000913097115699, 0.000582994951401, 0.00103198504075, 0.0011063287966, 0.000502694980241, 0.000676104449667, 0.00123931991402, 0.000787816941738, 0.000491750368383, 0.000611238763668, 0.000637969467789, 0.000613284937572, 0.000595303718001, 0.000699402706232, 0.000696308212355, 0.00066970725311, 0.000578055449296, 0.000411865505157, 0.000346386485035, 0.000288498034934, 0.000185389435501, 4.18226991314e-05],
        "median": [0.000363519298844, 0.00595191866159, 0.000106329331174, 8.85060435394e-05, 0.000269365729764, 0.000153433342348, 9.64365535765e-05, 0.000129623775138, 0.000156488109496, 7.42809424992e-05, 0.000100757766631, 0.000301039661281, 0.000165184115758, 0.000171996594872, 0.000239534507273, 0.000272425473668, 0.000305258319713, 0.000324795255437, 0.000386381783755, 0.000404381891713, 0.000373397720978, 0.000359245488653, 0.000247255928116, 0.000208237790503, 0.000148891471326, 7.72882558522e-05, 2.94115397992e-06],
        "min": [6.02440500847e-25, 2.35850418835e-24, 1.67102926439e-24, 3.5230772081e-25, 9.92329510808e-24, 2.24092368156e-24, 1.73825074481e-23, 1.09195451787e-23, 2.85415807743e-23, 1.58499431913e-23, 1.91243643916e-23, 1.93083898636e-23, 2.5924003029e-23, 3.63674312083e-23, 4.40795910087e-23, 7.70147673045e-23, 5.11049022407e-23, 7.94208877287e-23, 1.20312104907e-22, 1.84029107041e-22, 2.5318234531e-22, 3.83367164353e-22, 4.14739392625e-22, 6.46007358694e-22, 8.36267532875e-22, 1.38952125742e-21, 1.97202079465e-21],
        "var": [4.78887977806e-06, 0.000175534558366, 5.05927528138e-05, 2.0174018573e-05, 2.38177926803e-05, 4.24826612289e-06, 1.50326798121e-06, 7.33484148441e-06, 6.0792849581e-06, 2.00314116228e-06, 2.77392541648e-06, 8.16506690171e-06, 3.07079494632e-06, 7.89948330748e-07, 1.23312190681e-06, 1.32514469442e-06, 1.02289311599e-06, 6.92036280725e-07, 8.90254113983e-07, 7.59736849432e-07, 6.61792228129e-07, 4.32952560914e-07, 2.36359014139e-07, 1.78494786951e-07, 1.33928210744e-07, 6.05713381674e-08, 1.00190185037e-08]
    },
    "erbbands": {
        "dmean": [0.138887628913, 0.604736506939, 1.85543322563, 3.39090323448, 3.6502904892, 6.17921447754, 6.2721247673, 4.99792718887, 4.79816865921, 6.26006555557, 13.9731483459, 13.1722736359, 8.35521507263, 10.6512870789, 17.5662384033, 26.7118186951, 20.5683002472, 15.6450624466, 14.6341819763, 17.9004611969, 20.384437561, 16.4518508911, 17.2901992798, 17.8557796478, 16.5291824341, 14.4381332397, 12.9808168411, 10.4075279236, 9.3796005249, 7.21587753296, 5.56153821945, 3.19130730629, 2.40316176414, 1.48905646801, 0.911442935467, 0.395844250917, 0.129896238446, 0.0373628474772, 0.00386283942498, 5.83945766266e-05],
        "dmean2": [0.208972275257, 0.911255776882, 3.04962277412, 5.77265024185, 6.31015443802, 10.0015830994, 10.4456291199, 8.43232250214, 7.59649753571, 9.74297904968, 20.6331348419, 20.0222530365, 12.9961957932, 16.1993656158, 27.0947284698, 40.8208999634, 32.5086936951, 25.3966236115, 23.248210907, 29.0494403839, 33.4203605652, 26.9546413422, 28.3371181488, 28.6442775726, 26.8827190399, 23.2401218414, 20.9564151764, 16.552904129, 14.8456983566, 11.7453927994, 9.21284675598, 5.21104955673, 3.86367106438, 2.35164499283, 1.4042648077, 0.612460196018, 0.198739498854, 0.0542336814106, 0.0057169967331, 8.50321594044e-05],
        "dvar": [0.0799121335149, 2.26295661926, 57.9264678955, 201.635513306, 184.186660767, 652.975646973, 590.549865723, 170.122268677, 119.337760925, 238.463043213, 1174.3885498, 1113.3347168, 681.414123535, 706.59967041, 2024.78088379, 4330.05859375, 2271.14160156, 974.341369629, 921.197692871, 1309.77282715, 1881.9979248, 1161.00048828, 1085.10510254, 878.821655273, 1053.35522461, 505.730102539, 484.574829102, 259.502746582, 212.31300354, 140.572555542, 102.94631958, 24.2132358551, 18.3701858521, 6.58482074738, 3.04301857948, 0.556987643242, 0.0532317459583, 0.00549110583961, 0.000111467190436, 1.79548482748e-08],
        "dvar2": [0.190986514091, 5.19827079773, 150.30847168, 557.882324219, 513.546691895, 1533.9798584, 1609.63769531, 451.398620605, 270.566101074, 538.517211914, 2286.06689453, 2450.4543457, 1353.33984375, 1458.6583252, 4037.43505859, 9997.86425781, 5244.73193359, 2429.54003906, 2049.68798828, 3136.70776367, 4239.82226562, 2982.58007812, 2535.54272461, 2016.34899902, 2692.66308594, 1224.22387695, 1191.24157715, 616.158447266, 500.228607178, 353.524505615, 278.30770874, 60.6786346436, 45.7548675537, 16.1976928711, 7.65450286865, 1.38599824905, 0.115899413824, 0.0105845332146, 0.000240370398387, 3.75192925617e-08],
        "max": [5.23055648804, 24.3145580292, 81.1670455933, 145.121704102, 172.982772827, 303.156341553, 339.571594238, 204.332611084, 335.088348389, 565.524291992, 964.613037109, 995.432312012, 1111.34423828, 853.528442383, 1260.7479248, 1828.69140625, 1776.13598633, 696.75604248, 1191.66430664, 848.244812012, 1864.51757812, 1434.38293457, 1012.88623047, 759.556640625, 1145.39611816, 427.189666748, 535.31817627, 288.987579346, 427.08416748, 263.870697021, 208.374679565, 84.5559234619, 109.743385315, 39.6257781982, 32.5144958496, 14.3068599701, 6.9979557991, 1.89451849461, 0.341354250908, 0.00437530362979],
        "mean": [0.578685879707, 1.56280219555, 2.01914811134, 3.65115141869, 3.70967125893, 6.13537549973, 6.65213823318, 7.08646249771, 7.86661624908, 11.4486198425, 28.9008369446, 27.7212772369, 15.1830272675, 20.2264614105, 31.979850769, 50.5805397034, 40.9068641663, 28.7535610199, 27.2471218109, 33.1189193726, 36.4460487366, 32.1532707214, 33.5297470093, 37.1662330627, 34.3356590271, 32.2754440308, 29.2215938568, 23.9289302826, 21.562582016, 16.071187973, 11.4721412659, 7.63077545166, 5.52870988846, 3.34968924522, 1.98151695728, 0.878178417683, 0.317954897881, 0.083476729691, 0.00699902884662, 0.000152435022756],
        "median": [0.251645475626, 0.769414961338, 0.266874700785, 0.343571722507, 0.609951376915, 0.772369265556, 1.02809762955, 1.35555100441, 1.81756639481, 2.63842010498, 5.14188337326, 4.72593259811, 3.47785949707, 4.51796150208, 9.67710113525, 14.5792627335, 10.5453863144, 12.1423711777, 13.254901886, 15.6563501358, 17.5203437805, 18.0522727966, 18.6701984406, 21.0558567047, 19.34923172, 19.5237464905, 16.54961586, 14.1489019394, 13.2141857147, 9.81686115265, 6.67251968384, 4.73582792282, 3.15015029907, 1.75238585472, 0.978041052818, 0.410509824753, 0.120256595314, 0.0193740651011, 0.000759659218602, 8.20156128611e-05],
        "min": [4.88554969239e-23, 4.79304413922e-22, 1.88453452992e-21, 3.28020673145e-21, 8.21816136254e-21, 4.42321487813e-20, 6.27999915447e-20, 4.05575346194e-20, 1.85824043734e-19, 1.73677103234e-19, 2.80519046949e-19, 5.88259987471e-19, 7.18357661744e-19, 7.92200075026e-19, 7.07666404025e-19, 1.33931780489e-18, 1.92836687097e-18, 2.19653820517e-18, 2.55077251223e-18, 2.94039670783e-18, 5.05011506988e-18, 3.7614367451e-18, 5.56456144029e-18, 7.53606536661e-18, 7.56771908711e-18, 8.02707729668e-18, 9.01657390647e-18, 1.12507672343e-17, 1.39575346363e-17, 1.14376240259e-17, 1.21035681119e-17, 1.38014878409e-17, 1.06113193977e-17, 9.04745752182e-18, 6.23468196122e-18, 4.09540512716e-18, 2.55673400291e-18, 1.00739752203e-18, 2.60195038353e-19, 2.85410883231e-20],
        "var": [0.440844088793, 5.49642944336, 50.3279876709, 151.306396484, 132.81451416, 595.204833984, 469.515655518, 217.092803955, 254.716156006, 627.94720459, 4842.46728516, 4084.92504883, 2032.43859863, 2075.64086914, 5322.37158203, 12443.4501953, 7485.40234375, 2246.45629883, 2342.59887695, 3000.15698242, 3836.9699707, 2449.81835938, 2338.34423828, 2391.3984375, 2414.6171875, 1541.17028809, 1284.8972168, 811.849731445, 640.848571777, 358.422698975, 189.926925659, 79.7609024048, 51.1880264282, 18.2503833771, 6.83093500137, 1.33186793327, 0.203255712986, 0.021659206599, 0.000293946650345, 5.61084867456e-08]
    },
    "gfcc": {
        "mean": [-16.4989185333, 48.3181533813, -120.665130615, 34.9406089783, -46.5483322144, 20.4859390259, -26.7984027863, 12.982583046, -18.3035182953, 10.6887559891, -11.2273054123, 6.64668369293, -10.4795875549],
        "cov": [[27086.7050781, -7206.26074219, 182.319992065, 2333.73486328, -1165.42675781, 1632.01660156, 22.9394016266, 1458.19226074, -451.32119751, 818.803344727, -683.633117676, 664.110046387, -521.437744141], [-7206.26074219, 4816.11816406, -219.159942627, -608.672973633, 586.930297852, -452.815612793, 301.115753174, -513.069152832, 301.902709961, -334.638580322, 357.777648926, -324.425933838, 198.700500488], [182.319992065, -219.159942627, 1359.26574707, 192.826644897, 105.915534973, 138.452682495, -79.1128692627, 83.3904953003, -10.5777673721, 56.7359924316, -106.822486877, 34.9098167419, -8.21646022797], [2333.73486328, -608.672973633, 192.826644897, 1045.65319824, 194.854660034, 384.678131104, 136.687744141, 185.515029907, -18.1379127502, 55.8404922485, -53.807220459, 36.5822296143, -35.7919540405], [-1165.42675781, 586.930297852, 105.915534973, 194.854660034, 655.799682617, 201.075744629, 160.798416138, -24.1017570496, 22.624628067, -61.4211578369, 28.4377841949, -59.8949584961, 23.0672893524], [1632.01660156, -452.815612793, 138.452682495, 384.678131104, 201.075744629, 608.856079102, 241.073226929, 204.137741089, -2.58781433105, 75.6584777832, -48.4548606873, 24.8396549225, -61.5146331787], [22.9394016266, 301.115753174, -79.1128692627, 136.687744141, 160.798416138, 241.073226929, 371.918701172, 139.868057251, 128.73046875, 27.7786102295, 48.0203323364, -20.8790302277, -14.0517339706], [1458.19226074, -513.069152832, 83.3904953003, 185.515029907, -24.1017570496, 204.137741089, 139.868057251, 334.426605225, 112.413970947, 139.870605469, -22.1533603668, 38.2902793884, -19.3307151794], [-451.32119751, 301.902709961, -10.5777673721, -18.1379127502, 22.624628067, -2.58781433105, 128.73046875, 112.413970947, 231.263549805, 100.051132202, 90.4852142334, -3.04992222786, 13.7909421921], [818.803344727, -334.638580322, 56.7359924316, 55.8404922485, -61.4211578369, 75.6584777832, 27.7786102295, 139.870605469, 100.051132202, 204.634994507, 69.5590438843, 80.4543151855, -10.0912628174], [-683.633117676, 357.777648926, -106.822486877, -53.807220459, 28.4377841949, -48.4548606873, 48.0203323364, -22.1533603668, 90.4852142334, 69.5590438843, 191.030014038, 57.3218040466, 47.7421646118], [664.110046387, -324.425933838, 34.9098167419, 36.5822296143, -59.8949584961, 24.8396549225, -20.8790302277, 38.2902793884, -3.04992222786, 80.4543151855, 57.3218040466, 156.095306396, 49.4861068726], [-521.437744141, 198.700500488, -8.21646022797, -35.7919540405, 23.0672893524, -61.5146331787, -14.0517339706, -19.3307151794, 13.7909421921, -10.0912628174, 47.7421646118, 49.4861068726, 141.620071411]],
        "icov": [[0.000109251763206, -4.70197983304e-06, 7.15201822459e-05, -0.000155257963343, 0.000151910804561, -9.05873530428e-05, 4.03173908126e-05, -0.000276719132671, 0.000262110173935, -0.000232763632084, 0.000318634120049, -0.000382583006285, 0.000260064174654], [-4.70197983304e-06, 0.000678315002006, -0.000155861125677, 0.000167027843418, -0.000239641216467, 0.000163527874975, -0.000546855910216, 0.000805788964499, -0.000768124475144, 0.000738134840503, -0.00113158288877, 0.00128159939777, -0.000709020532668], [7.15201822459e-05, -0.000155861125677, 0.000962985970546, -0.000200959169888, -0.000100567362097, -0.000267616589554, 0.000602865940891, -0.000317484693369, -5.45974908164e-05, -0.000586080655921, 0.00122263038065, -0.000863353139721, 0.000256784434896], [-0.000155257963343, 0.000167027843418, -0.000200959169888, 0.00158523546997, -0.000546942697838, -0.000404122285545, -0.000126813552924, 8.74869365362e-05, -0.000295959529467, 0.000587170536164, -0.000652261369396, 0.000557739811484, -0.000408453663113], [0.000151910804561, -0.000239641216467, -0.000100567362097, -0.000546942697838, 0.00257232459262, -0.00100662373006, -0.000238507200265, -1.70581461134e-05, 0.000427087419666, 9.13930780371e-05, -3.00579176837e-05, 0.000165779754752, -0.000213598701521], [-9.05873530428e-05, 0.000163527874975, -0.000267616589554, -0.000404122285545, -0.00100662373006, 0.00414194539189, -0.00261516659521, -0.000624577631243, 0.00183837127406, -0.00122097716667, 0.000323219224811, 6.78166998114e-06, 0.000560347107239], [4.03173908126e-05, -0.000546855910216, 0.000602865940891, -0.000126813552924, -0.000238507200265, -0.00261516659521, 0.00681407935917, -0.00232628523372, -0.00269006798044, 0.00239436863922, -0.000739628274459, -0.00100631616078, 0.00121367361862], [-0.000276719132671, 0.000805788964499, -0.000317484693369, 8.74869365362e-05, -1.70581461134e-05, -0.000624577631243, -0.00232628523372, 0.00904765166342, -0.00411202805117, -0.00258897407912, 0.00177265447564, 0.00183976313565, -0.00243459874764], [0.000262110173935, -0.000768124475144, -5.45974908164e-05, -0.000295959529467, 0.000427087419666, 0.00183837127406, -0.00269006798044, -0.00411202805117, 0.0123197827488, -0.00572846038267, -0.00139301724266, 0.00153437035624, 0.000191163140698], [-0.000232763632084, 0.000738134840503, -0.000586080655921, 0.000587170536164, 9.13930780371e-05, -0.00122097716667, 0.00239436863922, -0.00258897407912, -0.00572846038267, 0.0149252749979, -0.00609366502613, -0.00253736856394, 0.00212292023934], [0.000318634120049, -0.00113158288877, 0.00122263038065, -0.000652261369396, -3.00579176837e-05, 0.000323219224811, -0.000739628274459, 0.00177265447564, -0.00139301724266, -0.00609366502613, 0.0142921265215, -0.00661535933614, 0.00017577415565], [-0.000382583006285, 0.00128159939777, -0.000863353139721, 0.000557739811484, 0.000165779754752, 6.78166998114e-06, -0.00100631616078, 0.00183976313565, 0.00153437035624, -0.00253736856394, -0.00661535933614, 0.0161365550011, -0.00672737695277], [0.000260064174654, -0.000709020532668, 0.000256784434896, -0.000408453663113, -0.000213598701521, 0.000560347107239, 0.00121367361862, -0.00243459874764, 0.000191163140698, 0.00212292023934, 0.00017577415565, -0.00672737695277, 0.0114155812189]]
    },
    "melbands": {
        "dmean": [0.000991228618659, 0.000848192139529, 0.000565197900869, 0.000353457580786, 0.000212587983697, 0.000115977141832, 7.51325278543e-05, 7.27726728655e-05, 0.000120561031508, 7.94468505774e-05, 4.17667870352e-05, 4.28721141361e-05, 5.35610561201e-05, 7.05518905306e-05, 6.60164951114e-05, 3.96864270442e-05, 3.13867822115e-05, 2.33026748901e-05, 2.66814422503e-05, 2.59293210547e-05, 2.50043322012e-05, 1.77519450517e-05, 1.77985621121e-05, 1.66012487171e-05, 1.56221922225e-05, 1.31972265081e-05, 1.21314706121e-05, 1.03634183688e-05, 9.075244634e-06, 8.24537619337e-06, 6.25099210083e-06, 5.68114728594e-06, 5.20537332704e-06, 4.08614369007e-06, 3.81785685022e-06, 2.35079482991e-06, 2.02823594009e-06, 1.91858134713e-06, 1.53755831889e-06, 1.30124067255e-06],
        "dmean2": [0.00152281869669, 0.00131724169478, 0.000952315458562, 0.000582744949497, 0.000336510012858, 0.000196166030946, 0.000118118710816, 0.000113655005407, 0.000177019799594, 0.000121944423881, 6.49201610941e-05, 6.50303263683e-05, 8.26012619655e-05, 0.00010899490735, 0.000102623402199, 6.36530603515e-05, 5.12393307872e-05, 3.69605731976e-05, 4.29091232945e-05, 4.26477054134e-05, 4.11809742218e-05, 2.91981723421e-05, 2.92574059131e-05, 2.72540310107e-05, 2.50717039307e-05, 2.12971735891e-05, 1.99795158551e-05, 1.67217003764e-05, 1.47384462252e-05, 1.32789928102e-05, 1.00085326267e-05, 9.0916391855e-06, 8.31975830806e-06, 6.72747501085e-06, 6.41318547423e-06, 3.83332371712e-06, 3.32865738528e-06, 3.13555074172e-06, 2.49207369052e-06, 2.08303458749e-06],
        "dvar": [3.87684031011e-06, 8.63692639541e-06, 5.31491468792e-06, 1.51979145357e-06, 5.84276506288e-07, 9.69743609858e-08, 2.71365454552e-08, 3.24933147056e-08, 7.8053098207e-08, 4.35704556878e-08, 1.78617547419e-08, 1.2141939898e-08, 1.67686433628e-08, 2.90082553533e-08, 4.27142659021e-08, 9.65573931921e-09, 4.48342873938e-09, 2.32403629674e-09, 3.14655546063e-09, 3.43841222161e-09, 2.89946044951e-09, 1.24338006557e-09, 1.65529834284e-09, 8.0727380336e-10, 7.29032723079e-10, 7.19231840751e-10, 5.1881698937e-10, 2.67139421695e-10, 2.41998698858e-10, 2.23781049247e-10, 1.04634675924e-10, 7.28542226547e-11, 7.53579004753e-11, 4.65458574461e-11, 5.13493657317e-11, 1.58471725326e-11, 9.88852402739e-12, 1.25751969601e-11, 7.11043854004e-12, 5.23554116727e-12],
        "dvar2": [9.45007741393e-06, 2.10686048376e-05, 1.44519672176e-05, 3.61182242159e-06, 1.42230715028e-06, 2.60418431708e-07, 6.21828775138e-08, 6.84444856347e-08, 1.52427318767e-07, 9.55709964501e-08, 3.5066285875e-08, 2.52735041784e-08, 3.28579119468e-08, 6.95570179232e-08, 9.57893604436e-08, 2.21991012239e-08, 1.12237881211e-08, 5.1984589966e-09, 7.0777206318e-09, 8.16181344732e-09, 6.6205125826e-09, 3.15288373187e-09, 4.12855083454e-09, 1.89763360581e-09, 1.67151814612e-09, 1.84775550416e-09, 1.33198130303e-09, 6.54838794301e-10, 6.02716709874e-10, 5.41337197291e-10, 2.55108906222e-10, 1.72857839154e-10, 1.87729054524e-10, 1.20094365008e-10, 1.40950515148e-10, 4.01027301644e-11, 2.51892152969e-11, 3.107996846e-11, 1.78961116759e-11, 1.31833346323e-11],
        "max": [0.0371827632189, 0.0322151891887, 0.024952698499, 0.0130373379216, 0.010360297747, 0.00518287345767, 0.00425265636295, 0.00685231760144, 0.00760960625485, 0.00663283187896, 0.00563744688407, 0.00315800798126, 0.00365753145888, 0.00457136239856, 0.00757326837629, 0.00453698821366, 0.00157322979067, 0.0016362844035, 0.00202845246531, 0.00141405116301, 0.00222566141747, 0.00119284784887, 0.00140277913306, 0.000738232803997, 0.000673906644806, 0.000855081656482, 0.000394331902498, 0.000327688583639, 0.000335831078701, 0.000330987211782, 0.000239378525293, 0.000205345917493, 0.0002492753556, 0.000118436248158, 0.000183550437214, 0.000103796002804, 5.37334308319e-05, 0.000111004454084, 4.22620214522e-05, 4.61463714601e-05],
        "mean": [0.00398821150884, 0.00135599996429, 0.000621798040811, 0.000354625342879, 0.0002383722167, 0.000162216572789, 0.000125101942103, 0.000133722904138, 0.000249911216088, 0.00016033029533, 7.05400598235e-05, 7.72080020397e-05, 9.43399281823e-05, 0.000126722356072, 0.00012553196575, 7.3159004387e-05, 5.19204077136e-05, 3.97555413656e-05, 4.74731969007e-05, 4.47945749329e-05, 4.13797570218e-05, 3.23575550283e-05, 3.15512152156e-05, 3.01260461129e-05, 3.0028346373e-05, 2.58137970377e-05, 2.28796707233e-05, 2.12275444937e-05, 1.84741475096e-05, 1.67044763657e-05, 1.29702002596e-05, 1.21471402963e-05, 1.07754713099e-05, 8.32964360598e-06, 7.11406573828e-06, 4.96692064189e-06, 4.49107164968e-06, 4.02621071771e-06, 3.25463111039e-06, 2.67628183792e-06],
        "median": [0.00197080313228, 0.000482845702209, 6.66470878059e-05, 5.52803103346e-05, 3.71489986719e-05, 2.90530097118e-05, 2.58464042417e-05, 2.57066894847e-05, 3.93867849198e-05, 2.41066209128e-05, 1.20700087791e-05, 1.37992137752e-05, 2.15425843635e-05, 3.40339211107e-05, 2.40244826273e-05, 1.63976383192e-05, 1.7656630007e-05, 1.67130365298e-05, 1.80532824743e-05, 1.86177803698e-05, 1.68824790308e-05, 1.70282964973e-05, 1.44139430631e-05, 1.62302440003e-05, 1.45552339745e-05, 1.35132522701e-05, 1.08091180664e-05, 1.1953901776e-05, 9.51549463934e-06, 8.48129457154e-06, 6.89726493874e-06, 7.05294723957e-06, 5.74496152694e-06, 4.78883202959e-06, 3.8195344132e-06, 2.74735862149e-06, 2.63644824372e-06, 2.16292619371e-06, 1.69742520484e-06, 1.30380351493e-06],
        "min": [7.53413933483e-25, 1.22280756994e-24, 9.12930877634e-25, 1.45928095223e-24, 2.17248763145e-24, 5.45687382135e-25, 3.11027088165e-24, 1.49299371188e-24, 2.18662894926e-24, 3.81442646667e-24, 3.13990286384e-24, 2.69118122879e-24, 2.45733189369e-24, 1.89854187705e-24, 5.12229710524e-24, 2.50693704514e-24, 3.58315769281e-24, 3.08078858583e-24, 2.60402452332e-24, 4.02298590722e-24, 5.44945468314e-24, 3.70832467492e-24, 4.80731638426e-24, 3.8032865674e-24, 5.88643747627e-24, 4.77686517003e-24, 4.59452588825e-24, 4.57325346508e-24, 6.11688899023e-24, 4.98707372431e-24, 5.68905856133e-24, 7.15755508526e-24, 6.71052496521e-24, 6.3980654437e-24, 5.60904913288e-24, 7.178886673e-24, 6.3062597837e-24, 6.53139516402e-24, 7.59567659911e-24, 6.75357231595e-24],
        "var": [2.01457460207e-05, 1.01452651506e-05, 4.13267071053e-06, 1.39435553592e-06, 5.61052502235e-07, 1.13847697492e-07, 5.9659356566e-08, 9.85530022035e-08, 3.23616745845e-07, 1.57744352691e-07, 5.07621145118e-08, 3.40051435899e-08, 4.8175412104e-08, 6.93840291888e-08, 1.29335646193e-07, 3.07086125417e-08, 9.32557586708e-09, 5.5391313758e-09, 8.00329491568e-09, 7.09747416394e-09, 5.62145707761e-09, 2.53068388467e-09, 3.3129210486e-09, 1.75435788119e-09, 1.87151316666e-09, 1.5941749032e-09, 1.19176468694e-09, 7.51912532237e-10, 5.74678027387e-10, 5.3435650349e-10, 2.82342704772e-10, 2.10098188846e-10, 1.9386764416e-10, 1.03541418495e-10, 8.2424997383e-11, 3.85153298144e-11, 3.05767008935e-11, 3.04988881372e-11, 1.87773737531e-11, 1.2548178642e-11]
    },
    "mfcc": {
        "mean": [-650.474365234, 73.9453125, -6.40582323074, 22.340555191, 5.43720054626, 12.3910064697, 5.5612449646, 7.49065494537, 3.07099795341, 4.09250545502, 4.67956018448, 6.70213222504, 5.926404953],
        "cov": [[15839.6640625, -2682.45507812, -361.024169922, 532.811096191, -96.9975585938, 405.458435059, 409.093048096, 499.781463623, 434.666534424, 451.604736328, 209.686294556, 123.493293762, -86.1655578613], [-2682.45507812, 2501.32202148, 38.4534034729, -44.7325630188, -14.0964803696, 18.2549228668, 14.5424404144, 4.17173862457, -54.005153656, -31.6918106079, 26.6288433075, 58.6562805176, 113.815139771], [-361.024169922, 38.4534034729, 897.167419434, 141.324584961, 126.09425354, 10.4833908081, -22.7277297974, -28.4334182739, 39.8853569031, 18.6208114624, 0.414930939674, -18.7644348145, -41.6049880981], [532.811096191, -44.7325630188, 141.324584961, 532.081970215, 196.837936401, 142.736877441, 85.568031311, 82.7683639526, 61.4349632263, 57.3047637939, 19.2230510712, 21.0957241058, -5.37674188614], [-96.9975585938, -14.0964803696, 126.09425354, 196.837936401, 451.457397461, 224.564605713, 153.616104126, 75.7961959839, 59.7598381042, 35.2947158813, -0.669382810593, -18.6409072876, -31.132144928], [405.458435059, 18.2549228668, 10.4833908081, 142.736877441, 224.564605713, 402.325653076, 262.177398682, 174.11277771, 76.8497314453, 76.3171157837, 46.7317276001, 23.0418758392, 1.38904500008], [409.093048096, 14.5424404144, -22.7277297974, 85.568031311, 153.616104126, 262.177398682, 302.525817871, 190.481872559, 105.71900177, 84.2616348267, 37.2758102417, 25.0674133301, -5.8681344986], [499.781463623, 4.17173862457, -28.4334182739, 82.7683639526, 75.7961959839, 174.11277771, 190.481872559, 236.161300659, 140.569992065, 108.602630615, 61.8928337097, 33.8649749756, 8.44368076324], [434.666534424, -54.005153656, 39.8853569031, 61.4349632263, 59.7598381042, 76.8497314453, 105.71900177, 140.569992065, 197.404205322, 149.086990356, 65.4085693359, 25.7693977356, -4.49623537064], [451.604736328, -31.6918106079, 18.6208114624, 57.3047637939, 35.2947158813, 76.3171157837, 84.2616348267, 108.602630615, 149.086990356, 199.324188232, 110.400009155, 59.3010787964, 14.3440179825], [209.686294556, 26.6288433075, 0.414930939674, 19.2230510712, -0.669382810593, 46.7317276001, 37.2758102417, 61.8928337097, 65.4085693359, 110.400009155, 163.248672485, 100.349777222, 65.1247177124], [123.493293762, 58.6562805176, -18.7644348145, 21.0957241058, -18.6409072876, 23.0418758392, 25.0674133301, 33.8649749756, 25.7693977356, 59.3010787964, 100.349777222, 159.499603271, 110.026603699], [-86.1655578613, 113.815139771, -41.6049880981, -5.37674188614, -31.132144928, 1.38904500008, -5.8681344986, 8.44368076324, -4.49623537064, 14.3440179825, 65.1247177124, 110.026603699, 163.135848999]],
