{
"lowlevel": {
    "average_loudness": 0.925177156925,
    "barkbands_crest": {
        "dmean": 2.68895530701,
        "dmean2": 4.21283102036,
        "dvar": 9.01967906952,
        "dvar2": 19.3990402222,
        "max": 26.0282077789,
        "mean": 9.79933643341,
        "median": 8.4839515686,
        "min": 1.88088178635,
        "var": 27.6088829041
    },
    "barkbands_flatness_db": {
        "dmean": 0.021335856989,
        "dmean2": 0.0312175471336,
        "dvar": 0.000675540824886,
        "dvar2": 0.00138469797093,
        "max": 0.790991544724,
        "mean": 0.100254192948,
        "median": 0.0686179846525,
        "min": 0.0147344460711,
        "var": 0.0114581212401
    },
    "barkbands_kurtosis": {
        "dmean": 2.67496132851,
        "dmean2": 4.09701061249,
        "dvar": 61.0396080017,
        "dvar2": 151.110366821,
        "max": 249.731750488,
        "mean": 2.39106345177,
        "median": -0.581382751465,
        "min": -1.83161759377,
        "var": 108.810958862
    },
    "barkbands_skewness": {
        "dmean": 0.53892403841,
        "dmean2": 0.775403678417,
        "dvar": 0.566266357899,
        "dvar2": 1.12129831314,
        "max": 12.1910104752,
        "mean": 0.956496655941,
        "median": 0.574781656265,
        "min": -2.20977830887,
        "var": 1.86822199821
    },
    "barkbands_spread": {
        "dmean": 8.16102218628,
        "dmean2": 12.0823907852,
        "dvar": 88.8888320923,
        "dvar2": 187.876708984,
        "max": 109.371315002,
        "mean": 43.0287628174,
        "median": 45.8380432129,
        "min": 0.113110713661,
        "var": 449.656097412
    },
    "dissonance": {
        "dmean": 0.0106430789456,
        "dmean2": 0.0180742517114,
        "dvar": 0.00023295894789,
        "dvar2": 0.000642545288429,
        "max": 0.500000119209,
        "mean": 0.481350213289,
        "median": 0.49008244276,
        "min": 0.139535188675,
        "var": 0.000950183486566
    },
    "dynamic_complexity": 2.5404214859,
    "erbbands_crest": {
        "dmean": 2.23335003853,
        "dmean2": 3.64208245277,
        "dvar": 5.46265554428,
        "dvar2": 13.3771438599,
        "max": 30.4150428772,
        "mean": 7.38846254349,
        "median": 5.84652423859,
        "min": 2.2982237339,
        "var": 19.5131797791
    },
    "erbbands_flatness_db": {
        "dmean": 0.0137654626742,
        "dmean2": 0.0207854490727,
        "dvar": 0.000217082037125,
        "dvar2": 0.000510512618348,
        "max": 0.576997935772,
        "mean": 0.126228660345,
        "median": 0.110750555992,
        "min": 0.0266265831888,
        "var": 0.00396078871563
    },
    "erbbands_kurtosis": {
        "dmean": 1.20131039619,
        "dmean2": 1.95998883247,
        "dvar": 20.2700614929,
        "dvar2": 54.1649284363,
        "max": 213.054626465,
        "mean": 1.48525524139,
        "median": -0.0107860565186,
        "min": -1.75326991081,
        "var": 93.6123886108
    },
    "erbbands_skewness": {
        "dmean": 0.338891863823,
        "dmean2": 0.517160713673,
        "dvar": 0.115319900215,
        "dvar2": 0.286233693361,
        "max": 8.22533988953,
        "mean": 0.204786404967,
        "median": 0.118605054915,
        "min": -2.32001137733,
        "var": 0.720901310444
    },
    "erbbands_spread": {
        "dmean": 8.96293449402,
        "dmean2": 13.1058807373,
        "dvar": 127.96849823,
        "dvar2": 242.959716797,
        "max": 150.031936646,
        "mean": 41.2104873657,
        "median": 37.6315078735,
        "min": 0.404933422804,
        "var": 432.206787109
    },
    "hfc": {
        "dmean": 9.40068912506,
        "dmean2": 14.1022357941,
        "dvar": 162.648696899,
        "dvar2": 353.509124756,
        "max": 152.0262146,
        "mean": 51.2042045593,
        "median": 51.6023101807,
        "min": 1.11726147137e-16,
        "var": 1089.08129883
    },
    "melbands_crest": {
        "dmean": 3.78693032265,
        "dmean2": 5.85906028748,
        "dvar": 13.9949598312,
        "dvar2": 29.9802932739,
        "max": 38.9825248718,
        "mean": 17.6430511475,
        "median": 17.5080490112,
        "min": 1.8011084795,
        "var": 51.269859314
    },
    "melbands_flatness_db": {
        "dmean": 0.0279279891402,
        "dmean2": 0.0401325784624,
        "dvar": 0.00111693050712,
        "dvar2": 0.00221899175085,
        "max": 0.960697174072,
        "mean": 0.157592356205,
        "median": 0.123708516359,
        "min": 0.00382741703652,
        "var": 0.0174205489457
    },
    "melbands_kurtosis": {
        "dmean": 10.2783327103,
        "dmean2": 15.245092392,
        "dvar": 772.298156738,
        "dvar2": 1647.21130371,
        "max": 579.914245605,
        "mean": 14.3370838165,
        "median": 3.28806495667,
        "min": -1.60458076,
        "var": 1324.64318848
    },
    "melbands_skewness": {
        "dmean": 0.889416277409,
        "dmean2": 1.27279138565,
        "dvar": 1.73638951778,
        "dvar2": 3.2125480175,
        "max": 19.401140213,
        "mean": 2.50726103783,
        "median": 1.82789087296,
        "min": -1.5326821804,
        "var": 5.33933258057
    },
    "melbands_spread": {
        "dmean": 11.3298873901,
        "dmean2": 17.1219673157,
        "dvar": 186.597106934,
        "dvar2": 384.24609375,
        "max": 182.607803345,
        "mean": 46.1701583862,
        "median": 46.5936279297,
        "min": 0.206314355135,
        "var": 808.600952148
    },
    "pitch_salience": {
        "dmean": 0.077680401504,
        "dmean2": 0.119844600558,
        "dvar": 0.00726039055735,
        "dvar2": 0.0150093007833,
        "max": 0.861666917801,
        "mean": 0.539801120758,
        "median": 0.563923239708,
        "min": 0.0669625103474,
        "var": 0.0236144606024
    },
    "silence_rate_20dB": {
        "dmean": 0,
        "dmean2": 0,
        "dvar": 0,
        "dvar2": 0,
        "max": 1,
        "mean": 1,
        "median": 1,
        "min": 1,
        "var": 0
    },
    "silence_rate_30dB": {
        "dmean": 0,
        "dmean2": 0,
        "dvar": 0,
        "dvar2": 0,
        "max": 1,
        "mean": 1,
        "median": 1,
        "min": 1,
        "var": 0
    },
    "silence_rate_60dB": {
        "dmean": 0.00725134741515,
        "dmean2": 0.0145041160285,
        "dvar": 0.00719943456352,
        "dvar2": 0.0186065584421,
        "max": 1,
        "mean": 0.0461493246257,
        "median": 0,
        "min": 0,
        "var": 0.0440184995532
    },
    "spectral_centroid": {
        "dmean": 295.797454834,
        "dmean2": 433.628967285,
        "dvar": 132659.671875,
        "dvar2": 251231.96875,
        "max": 11740.3037109,
        "mean": 2152.61767578,
        "median": 2337.546875,
        "min": 96.0192337036,
        "var": 755301.125
    },
    "spectral_complexity": {
        "dmean": 5.11886310577,
        "dmean2": 7.82771444321,
        "dvar": 31.223493576,
        "dvar2": 64.946182251,
        "max": 63,
        "mean": 31.0776004791,
        "median": 35,
        "min": 0,
        "var": 222.60597229
    },
    "spectral_decrease": {
        "dmean": 1.56293256115e-09,
        "dmean2": 2.17396722846e-09,
        "dvar": 3.98669829182e-18,
        "dvar2": 7.82901303491e-18,
        "max": 9.41882719872e-29,
        "mean": -7.13910885963e-09,
        "median": -6.55002674321e-09,
        "min": -2.63879460505e-08,
        "var": 1.69922601261e-17
    },
    "spectral_energy": {
        "dmean": 0.00594453746453,
        "dmean2": 0.00830016098917,
        "dvar": 5.31433070137e-05,
        "dvar2": 0.000107195191958,
        "max": 0.100862890482,
        "mean": 0.0315889492631,
        "median": 0.0310930851847,
        "min": 1.04651280263e-20,
        "var": 0.000269306619884
    },
    "spectral_energyband_high": {
        "dmean": 0.000955397263169,
        "dmean2": 0.00140710792039,
        "dvar": 1.50913444941e-06,
        "dvar2": 3.29461181536e-06,
        "max": 0.014290900901,
        "mean": 0.00395660707727,
        "median": 0.00378097686917,
        "min": 7.43590699701e-21,
        "var": 9.09013488126e-06
    },
    "spectral_energyband_low": {
        "dmean": 0.00497168349102,
        "dmean2": 0.00720351515338,
        "dvar": 8.14214581624e-05,
        "dvar2": 0.000166596073541,
        "max": 0.0986441373825,
        "mean": 0.0135410828516,
        "median": 0.00993680302054,
        "min": 3.31265697286e-23,
        "var": 0.000229924931773
    },
    "spectral_energyband_middle_high": {
        "dmean": 0.00254947016947,
        "dmean2": 0.00382478325628,
        "dvar": 8.92289244803e-06,
        "dvar2": 1.86394499906e-05,
        "max": 0.0436239242554,
        "mean": 0.00926528591663,
        "median": 0.00813120603561,
        "min": 1.25859215758e-21,
        "var": 5.10470636073e-05
    },
    "spectral_energyband_middle_low": {
        "dmean": 0.00310376938432,
        "dmean2": 0.00461876485497,
        "dvar": 2.97296282952e-05,
        "dvar2": 5.76806414756e-05,
        "max": 0.04802653566,
        "mean": 0.00576730072498,
        "median": 0.00368393957615,
        "min": 2.3661889163e-22,
        "var": 4.9329646572e-05
    },
    "spectral_entropy": {
        "dmean": 0.115175209939,
        "dmean2": 0.170105010271,
        "dvar": 0.0187153797597,
        "dvar2": 0.0426734089851,
        "max": 9.8150396347,
        "mean": 8.04709529877,
        "median": 8.26884269714,
        "min": 2.62767982483,
        "var": 0.62458139658
    },
    "spectral_flux": {
        "dmean": 0.0203700214624,
        "dmean2": 0.0308547131717,
        "dvar": 0.000644970103167,
        "dvar2": 0.00130605802406,
        "max": 0.303340226412,
        "mean": 0.095387481153,
        "median": 0.0913308560848,
        "min": 6.46084019618e-11,
        "var": 0.00186816393398
    },
    "spectral_kurtosis": {
        "dmean": 2.1419198513,
        "dmean2": 3.65774226189,
        "dvar": 190.004379272,
        "dvar2": 614.591247559,
        "max": 468.91015625,
        "mean": 6.76834869385,
        "median": 2.27548003197,
        "min": -1.35126364231,
        "var": 816.18762207
    },
    "spectral_rms": {
        "dmean": 0.000509815232363,
        "dmean2": 0.000715625763405,
        "dvar": 3.10594543862e-07,
        "dvar2": 6.23209075457e-07,
        "max": 0.00991981942207,
        "mean": 0.00529600586742,
        "median": 0.00550769641995,
        "min": 3.19529038645e-12,
        "var": 2.77086132883e-06
    },
    "spectral_rolloff": {
        "dmean": 979.385864258,
        "dmean2": 1514.10131836,
        "dvar": 1681450,
        "dvar2": 3565072.75,
        "max": 19186.0839844,
        "mean": 3487.35986328,
        "median": 2906.98242188,
        "min": 43.06640625,
        "var": 7000484.5
    },
    "spectral_skewness": {
        "dmean": 0.165570795536,
        "dmean2": 0.264810234308,
        "dvar": 0.147761806846,
        "dvar2": 0.452591150999,
        "max": 19.456073761,
        "mean": 1.58578026295,
        "median": 1.3150062561,
        "min": -0.0748763084412,
        "var": 2.41906309128
    },
    "spectral_spread": {
        "dmean": 505501.5,
        "dmean2": 750675.1875,
        "dvar": 528547348480,
        "dvar2": 1.16964458496e+12,
        "max": 51470736,
        "mean": 6137876,
        "median": 6283009,
        "min": 204484.609375,
        "var": 4.89036080742e+12
    },
    "spectral_strongpeak": {
        "dmean": 0.390557378531,
        "dmean2": 0.661010324955,
        "dvar": 0.666447937489,
        "dvar2": 1.68617773056,
        "max": 14.6394710541,
        "mean": 0.676909685135,
        "median": 0.303543031216,
        "min": 0,
        "var": 1.25205528736
    },
    "zerocrossingrate": {
        "dmean": 0.0165284518152,
        "dmean2": 0.0187656190246,
        "dvar": 0.000306548172375,
        "dvar2": 0.000368305743905,
        "max": 0.80126953125,
        "mean": 0.112754836679,
        "median": 0.1103515625,
        "min": 0.0009765625,
        "var": 0.00379972928204
    },
    "barkbands": {
        "dmean": [0.000278789317235, 0.00313456822187, 0.00310676009394, 0.00119867979083, 0.00182490912266, 0.000365581188817, 0.000157672460773, 0.000238192049437, 0.000570770702325, 0.000616240722593, 0.0006068291259, 0.000583272310905, 0.000634057971183, 0.000519221939612, 0.00044025661191, 0.000458758266177, 0.000452595879324, 0.000361989572411, 0.000291713193292, 0.000260393309873, 0.000231461192016, 0.000208672077861, 0.000227392243687, 0.000236870080698, 0.000190695631318, 0.000137654424179, 4.15358008468e-05],
        "dmean2": [0.000448504695669, 0.00490063615143, 0.00478901388124, 0.00204177340493, 0.00267622736283, 0.000651485170238, 0.000266676739557, 0.000369806744857, 0.00088364793919, 0.000967322965153, 0.000989058287814, 0.000933511357289, 0.0010166587308, 0.00084631604841, 0.000709983462002, 0.000747490208596, 0.000754773325752, 0.00057651597308, 0.000467068544822, 0.000417434494011, 0.000371374073438, 0.000328236754285, 0.000354268297087, 0.00037522969069, 0.000294069002848, 0.000213357503526, 6.35313990642e-05],
        "dvar": [2.18297032006e-07, 3.52157367161e-05, 7.25746795069e-05, 9.52469417825e-06, 2.44477432716e-05, 1.26945633383e-06, 8.99053063108e-08, 1.87937502005e-07, 1.09854067887e-06, 1.2349496501e-06, 1.02503236121e-06, 1.0606277101e-06, 1.37853339766e-06, 6.96643553511e-07, 5.09960216277e-07, 4.90631862249e-07, 4.45765749646e-07, 3.28876353706e-07, 1.59298934932e-07, 1.18666925175e-07, 9.65699911148e-08, 6.49055280633e-08, 7.62903766827e-08, 8.95392489042e-08, 5.93581255259e-08, 5.20885095057e-08, 4.06236155825e-09],
        "dvar2": [5.60846331155e-07, 8.38880223455e-05, 0.0001807121007, 2.70719610853e-05, 3.86351421184e-05, 3.6747685499e-06, 2.4809546062e-07, 4.01427058705e-07, 2.25118947128e-06, 2.76559694612e-06, 2.6579173209e-06, 2.63779247689e-06, 3.33652383233e-06, 1.71123986092e-06, 1.26302370518e-06, 1.22218079923e-06, 1.14754084279e-06, 7.75746798354e-07, 3.76264324586e-07, 2.82052582179e-07, 2.26126786629e-07, 1.54846588885e-07, 1.82323432796e-07, 2.18188617396e-07, 1.37959659696e-07, 1.31041105078e-07, 9.31880617117e-09],
        "max": [0.0112865697592, 0.0895289778709, 0.0761921703815, 0.0338796637952, 0.0468573234975, 0.0115684485063, 0.00770609593019, 0.00963360536844, 0.0253688506782, 0.0379478335381, 0.0161909647286, 0.0236069448292, 0.0379263460636, 0.0248894933611, 0.0174654629081, 0.0269242227077, 0.0136263137683, 0.0133798439056, 0.00854477193207, 0.00691981008276, 0.0079947412014, 0.00524991611019, 0.0040660505183, 0.00372324953787, 0.00382933788933, 0.00278120744042, 0.000968373205978],
        "mean": [0.000906929722987, 0.00820089317858, 0.00364135275595, 0.00132808170747, 0.00222399318591, 0.000381990859751, 0.000216115717194, 0.000395378679968, 0.000970104301814, 0.00108363502659, 0.000985464430414, 0.00105050613638, 0.00117325596511, 0.000962043937761, 0.000811456877273, 0.000858704384882, 0.000812119455077, 0.000723126635421, 0.000629657821264, 0.000595336256083, 0.000594644458033, 0.000591665622778, 0.000652303278912, 0.000701174256392, 0.000617015233729, 0.000397690077079, 8.43608941068e-05],
        "median": [0.000265978393145, 0.00598539784551, 0.000599429477006, 0.000375814473955, 0.000421038654167, 0.000157165457495, 0.000110121880425, 0.000152906897711, 0.00046939618187, 0.000489432772156, 0.000447146652732, 0.000520373927429, 0.000654226867482, 0.00058021757286, 0.000496155582368, 0.000521762180142, 0.000530232908204, 0.000499623594806, 0.000485245138407, 0.000478132686112, 0.000484553340357, 0.000513233826496, 0.00056360499002, 0.000592606142163, 0.000499532208778, 0.000289793650154, 3.37226665579e-05],
        "min": [8.90202020018e-25, 1.14340954813e-23, 2.57805029194e-24, 3.8140667461e-24, 2.93448904559e-23, 1.07182610078e-23, 7.42740783486e-24, 1.98881836962e-23, 2.45532798978e-23, 2.57663602211e-23, 2.91378712662e-23, 4.47485324346e-23, 3.83932007694e-23, 6.46067488827e-23, 6.19110533974e-23, 5.02961778179e-23, 8.50015926949e-23, 1.13789197097e-22, 1.43842929564e-22, 2.32791060839e-22, 3.23579711891e-22, 4.05191146446e-22, 4.97150037941e-22, 6.86402388673e-22, 1.03356207441e-21, 1.38776289277e-21, 1.99053885633e-21],
        "var": [1.94597032532e-06, 9.4601768069e-05, 7.91863494669e-05, 7.44517774365e-06, 3.87068248529e-05, 7.88690783793e-07, 1.26361783259e-07, 5.202526836e-07, 2.7469059205e-06, 3.63641038348e-06, 2.0976531232e-06, 2.81416032522e-06, 4.03728108722e-06, 1.92888364836e-06, 1.12273824016e-06, 1.270886969e-06, 9.08626361706e-07, 7.13317660939e-07, 3.97526321194e-07, 3.17246730219e-07, 3.28702611796e-07, 2.62209084667e-07, 3.14178294047e-07, 3.70285874851e-07, 2.9467537388e-07, 1.52026814249e-07, 1.38743301292e-08]
    },
    "erbbands": {
        "dmean": [0.0999360829592, 0.729716837406, 3.05061388016, 3.83473014832, 5.11902666092, 7.60272455215, 3.94247198105, 3.03457760811, 2.32041549683, 3.98719263077, 4.68231964111, 14.770447731, 16.2368240356, 18.0760879517, 24.1131229401, 22.4008598328, 28.4349822998, 22.4914550781, 23.7660770416, 23.5911521912, 20.7123889923, 25.7230243683, 21.7938899994, 15.779507637, 13.2957677841, 11.7854394913, 9.62895202637, 8.85066986084, 7.62894248962, 7.4581656456, 6.65150117874, 5.24388027191, 4.03722763062, 2.49880409241, 1.38855183125, 0.732794702053, 0.24688629806, 0.0609621591866, 0.00691869389266, 9.98718387564e-05],
        "dmean2": [0.15388481319, 1.07717680931, 4.45024871826, 6.07436847687, 8.24015903473, 10.5758161545, 6.83781766891, 5.35540962219, 3.95872282982, 6.30048179626, 7.34756278992, 22.9617061615, 24.9942913055, 28.6328430176, 39.356552124, 35.6946411133, 45.356880188, 36.1567955017, 38.69298172, 38.0180778503, 33.2453346252, 42.6618690491, 34.9696235657, 24.7210922241, 21.3882484436, 18.8531589508, 15.5680952072, 14.1844186783, 12.0349264145, 11.802614212, 10.4837865829, 8.16762924194, 6.50115156174, 3.9491174221, 2.15836238861, 1.16497564316, 0.38475471735, 0.0900824889541, 0.0107059590518, 0.000150043677422],
        "dvar": [0.0331364944577, 2.27292275429, 65.5172348022, 81.6332778931, 141.536468506, 525.920349121, 176.956787109, 79.3231048584, 24.1811752319, 62.1934051514, 56.9436302185, 867.506225586, 758.494934082, 1059.66015625, 1775.73693848, 1501.78662109, 2643.97070312, 1124.52490234, 1413.18017578, 1137.18969727, 824.573059082, 1484.79638672, 1370.03735352, 524.577453613, 279.713562012, 236.620651245, 174.63671875, 142.878570557, 98.3082199097, 80.8794708252, 67.0321655273, 40.0678939819, 28.8679332733, 10.0398197174, 3.25594806671, 1.52057385445, 0.154246270657, 0.00759634468704, 0.000120061813504, 2.09640944604e-08],
        "dvar2": [0.0864966213703, 4.87704849243, 152.289154053, 207.506713867, 329.811553955, 994.867431641, 494.356536865, 229.053329468, 67.7155380249, 136.615264893, 129.041046143, 1777.26733398, 1656.76831055, 2645.35766602, 4715.70654297, 3760.00585938, 6232.83007812, 2694.57177734, 3671.16772461, 2733.41821289, 1993.67077637, 3900.21166992, 3282.3984375, 1208.20227051, 677.066711426, 567.538879395, 423.149780273, 324.448883057, 238.269287109, 199.818817139, 161.836257935, 95.3084030151, 72.9752960205, 24.1514053345, 7.85690498352, 3.99615311623, 0.382486373186, 0.0159737039357, 0.000283253059024, 4.67476866106e-08],
        "max": [3.15674209595, 22.8191623688, 73.1551971436, 81.9052886963, 97.4191818237, 228.355072021, 133.158889771, 98.8284606934, 85.2512130737, 208.318969727, 164.918258667, 714.685668945, 875.049987793, 535.117126465, 836.815124512, 845.975891113, 1688.16687012, 1365.49780273, 1006.00616455, 825.735107422, 749.009460449, 923.508178711, 897.128234863, 586.647155762, 344.824462891, 253.022079468, 309.055267334, 451.243286133, 228.61138916, 124.228103638, 118.810043335, 88.939163208, 71.1380462646, 54.5444107056, 23.982131958, 15.2774028778, 4.70248556137, 1.48874926567, 0.173946261406, 0.00255071767606],
        "mean": [0.302111536264, 1.56237578392, 4.08713769913, 4.79869651794, 5.34056043625, 8.71235370636, 3.89771747589, 3.28586363792, 3.03151106834, 6.49782371521, 8.5635843277, 24.5247917175, 30.3634719849, 33.6158981323, 42.2733039856, 43.0447540283, 55.41563797, 46.9001960754, 47.443862915, 46.6448173523, 42.8193664551, 48.2082443237, 42.8137321472, 34.8867454529, 29.6802310944, 27.3833675385, 24.0759162903, 23.1607379913, 20.8580627441, 20.3190422058, 18.5658912659, 15.4587774277, 11.2068796158, 7.34175109863, 4.17894744873, 1.96367180347, 0.680252015591, 0.163701757789, 0.0133906081319, 0.000290329800919],
        "median": [0.241690695286, 0.627357304096, 0.78692305088, 1.48055887222, 1.45286691189, 1.32166171074, 1.24147260189, 1.39336264133, 1.58904743195, 2.42942285538, 4.59598731995, 11.0701131821, 16.0305633545, 16.7608222961, 21.1386089325, 23.3162498474, 31.7309951782, 31.5306911469, 31.1485786438, 30.3973121643, 29.8599700928, 32.7488021851, 29.4207801819, 25.7814712524, 23.6407318115, 22.2723674774, 18.867477417, 19.1234359741, 17.4728412628, 17.6067886353, 15.8938846588, 13.1944694519, 9.07647895813, 5.92593240738, 3.31728315353, 1.44614779949, 0.491372942924, 0.0984584912658, 0.00512842973694, 0.000185122160474],
        "min": [3.07170218615e-22, 1.91053457756e-21, 3.95161748127e-21, 8.91745128978e-21, 1.47713002405e-20, 8.71375257095e-20, 8.99869302752e-20, 7.47901166954e-20, 3.00638767783e-19, 1.70851325014e-19, 4.69997044716e-19, 6.20989094467e-19, 9.08419985066e-19, 7.86195674357e-19, 1.22810120018e-18, 2.34817736865e-18, 2.29247171748e-18, 3.56228515441e-18, 3.42403411594e-18, 4.1121451948e-18, 4.04423325292e-18, 4.87888082486e-18, 6.4813633499e-18, 7.5690764905e-18, 9.30836765782e-18, 1.13776881731e-17, 1.20970474472e-17, 1.36489449826e-17, 1.4997816827e-17, 1.35049957037e-17, 1.34547999026e-17, 1.21791426414e-17, 1.28910829326e-17, 9.4927015486e-18, 6.2343539841e-18, 5.02128947989e-18, 2.52828209176e-18, 1.03984140681e-18, 2.60713422103e-19, 2.78434422558e-20],
        "var": [0.102783441544, 6.03486680984, 88.8574295044, 84.2513656616, 139.692764282, 740.022094727, 120.637870789, 52.2940750122, 23.7029056549, 167.130996704, 150.887985229, 2082.43359375, 2293.02001953, 2369.70458984, 3718.18457031, 3992.00195312, 8233.64648438, 3404.64746094, 3317.43212891, 3064.3203125, 2195.4831543, 3061.93554688, 2735.36791992, 1336.92480469, 744.797302246, 663.784606934, 529.879455566, 504.989501953, 354.524902344, 303.067962646, 258.758178711, 182.577255249, 98.2351226807, 42.4156455994, 14.3368434906, 3.67831683159, 0.461802959442, 0.0353361926973, 0.00036564815673, 9.29434307295e-08]
    },
    "gfcc": {
        "mean": [38.7256774902, 26.3879184723, -106.094467163, 31.8692131042, -40.3641700745, 34.2488441467, -26.9988708496, 16.0449695587, -24.905626297, 3.39605808258, -20.5675697327, 3.18688511848, -13.8230953217],
        "cov": [[20651.0878906, -4363.75537109, -2759.18847656, -492.088745117, -1000.8182373, 969.332458496, -777.181396484, 611.862121582, -576.68927002, 435.700012207, -336.553466797, 611.231384277, -235.853866577], [-4363.75537109, 2164.00048828, 693.741333008, 236.761886597, 224.583267212, -300.032043457, 227.561737061, -154.022750854, 165.009933472, -161.486083984, 98.0022659302, -213.573348999, 68.7934188843], [-2759.18847656, 693.741333008, 1193.44824219, 326.726043701, 323.106750488, -115.966926575, 104.6042099, -121.743247986, 83.2295837402, -50.1696586609, 46.7198829651, -93.9234161377, 21.5924224854], [-492.088745117, 236.761886597, 326.726043701, 400.161468506, 181.324081421, 54.0764961243, 26.9784641266, -42.8359146118, 16.8972911835, -3.04998445511, 17.1755847931, -28.6477184296, 18.5751819611], [-1000.8182373, 224.583267212, 323.106750488, 181.324081421, 328.428039551, 89.9113998413, 131.807830811, 1.7302519083, 67.9597930908, 6.7894821167, 34.0968742371, -36.427280426, 3.35818719864], [969.332458496, -300.032043457, -115.966926575, 54.0764961243, 89.9113998413, 291.726501465, 105.41910553, 128.753158569, 30.6493320465, 78.9787902832, 12.6832208633, 53.9992904663, -0.141814753413], [-777.181396484, 227.561737061, 104.6042099, 26.9784641266, 131.807830811, 105.41910553, 278.72479248, 115.573699951, 152.518280029, 43.1389160156, 63.7445449829, -6.15265703201, 33.439365387], [611.862121582, -154.022750854, -121.743247986, -42.8359146118, 1.7302519083, 128.753158569, 115.573699951, 192.205505371, 92.3977661133, 84.8560714722, 22.8327465057, 48.2293357849, 14.9514465332], [-576.68927002, 165.009933472, 83.2295837402, 16.8972911835, 67.9597930908, 30.6493320465, 152.518280029, 92.3977661133, 178.915298462, 76.1294708252, 68.4050064087, 5.13846683502, 28.0023612976], [435.700012207, -161.486083984, -50.1696586609, -3.04998445511, 6.7894821167, 78.9787902832, 43.1389160156, 84.8560714722, 76.1294708252, 128.300094604, 61.4991416931, 56.3787956238, 10.5155029297], [-336.553466797, 98.0022659302, 46.7198829651, 17.1755847931, 34.0968742371, 12.6832208633, 63.7445449829, 22.8327465057, 68.4050064087, 61.4991416931, 99.4937438965, 44.6512641907, 33.1438484192], [611.231384277, -213.573348999, -93.9234161377, -28.6477184296, -36.427280426, 53.9992904663, -6.15265703201, 48.2293357849, 5.13846683502, 56.3787956238, 44.6512641907, 105.900260925, 38.8622779846], [-235.853866577, 68.7934188843, 21.5924224854, 18.5751819611, 3.35818719864, -0.141814753413, 33.439365387, 14.9514465332, 28.0023612976, 10.5155029297, 33.1438484192, 38.8622779846, 75.9644393921]],
        "icov": [[0.000155312387506, 5.94171069679e-05, 0.0001420473709, -0.000156479261932, 0.000211112710531, -0.000255549763096, 0.000225902243983, -0.000287833478069, 0.00020902210963, -0.000263466965407, 0.000434870249592, -0.000556051090825, 0.000427842547651], [5.94171069679e-05, 0.00122912891675, -6.93341353326e-05, -0.000439623923739, 0.000132507120725, 0.000648138637189, -0.00035053587635, -0.000350270507624, -0.000309887196636, 0.0015812717611, -0.00219988729805, 0.0022289911285, -0.000867966620717], [0.0001420473709, -6.93341353326e-05, 0.00175163289532, -0.000934560026508, -0.00103203672916, 0.00085830403259, -0.00021003758593, 0.000280099542579, -5.2950814279e-05, -0.000504824041855, 0.000752394029405, -0.000820804038085, 0.000500039372128], [-0.000156479261932, -0.000439623923739, -0.000934560026508, 0.00452330289409, -0.00152116932441, -0.00179190002382, 0.00140203826595, 0.00114726275206, -0.000410895270761, -0.000454579305369, -0.000248955562711, 0.00152119167615, -0.00216241274029], [0.000211112710531, 0.000132507120725, -0.00103203672916, -0.00152116932441, 0.00707904901356, -0.00301869376563, -0.00141180760693, 0.00105868338142, -0.000475475011626, 0.000517956737895, -0.000828063290101, 0.000717218732461, 0.00139324180782], [-0.000255549763096, 0.000648138637189, 0.00085830403259, -0.00179190002382, -0.00301869376563, 0.0101834498346, -0.0048412582837, -0.00275793881156, 0.00393910659477, -0.00309023819864, 0.0015730598243, -0.00170019036159, 0.000799378671218], [0.000225902243983, -0.00035053587635, -0.00021003758593, 0.00140203826595, -0.00141180760693, -0.0048412582837, 0.0131423426792, -0.00487288832664, -0.00657220184803, 0.00563113251701, -0.00504724215716, 0.00328391417861, -0.00187174545135], [-0.000287833478069, -0.000350270507624, 0.000280099542579, 0.00114726275206, 0.00105868338142, -0.00275793881156, -0.00487288832664, 0.0161598213017, -0.0054649556987, -0.0050881030038, 0.00742045091465, -0.00440758978948, -0.000288022361929], [0.00020902210963, -0.000309887196636, -5.2950814279e-05, -0.000410895270761, -0.000475475011626, 0.00393910659477, -0.00657220184803, -0.0054649556987, 0.0198924429715, -0.00992591772228, -0.0024749871809, 0.0039988826029, -0.00188255426474], [-0.000263466965407, 0.0015812717611, -0.000504824041855, -0.000454579305369, 0.000517956737895, -0.00309023819864, 0.00563113251701, -0.0050881030038, -0.00992591772228, 0.0266278497875, -0.0150226484984, 8.18363405415e-05, 0.00298416963778], [0.000434870249592, -0.00219988729805, 0.000752394029405, -0.000248955562711, -0.000828063290101, 0.0015730598243, -0.00504724215716, 0.00742045091465, -0.0024749871809, -0.0150226484984, 0.0334055349231, -0.0175891183317, 0.00140535901301], [-0.000556051090825, 0.0022289911285, -0.000820804038085, 0.00152119167615, 0.000717218732461, -0.00170019036159, 0.00328391417861, -0.00440758978948, 0.0039988826029, 8.18363405415e-05, -0.0175891183317, 0.0328716151416, -0.0151243833825], [0.000427842547651, -0.000867966620717, 0.000500039372128, -0.00216241274029, 0.00139324180782, 0.000799378671218, -0.00187174545135, -0.000288022361929, -0.00188255426474, 0.00298416963778, 0.00140535901301, -0.0151243833825, 0.0238907132298]]
    },
    "melbands": {
        "dmean": [0.000833132711705, 0.00125624344219, 0.000637703749817, 0.000500816735439, 0.000170303828781, 6.71567177051e-05, 3.44084583048e-05, 4.75750894111e-05, 4.23466080974e-05, 9.64430219028e-05, 8.4912229795e-05, 7.72982821218e-05, 7.80599293648e-05, 6.18838967057e-05, 6.78431606502e-05, 6.71783855068e-05, 4.42870114057e-05, 4.31727785326e-05, 3.59303994628e-05, 3.73010407202e-05, 2.29944889725e-05, 2.93515386147e-05, 2.41034285864e-05, 1.66046611412e-05, 1.38594959935e-05, 1.13175919978e-05, 1.02082349258e-05, 8.56348833622e-06, 6.5515487222e-06, 6.76156378177e-06, 5.43308397027e-06, 4.91375158163e-06, 4.46218336947e-06, 4.51127016277e-06, 4.36201162302e-06, 3.80668484468e-06, 3.57451585842e-06, 3.2230279885e-06, 2.71566841548e-06, 2.18178388423e-06],
        "dmean2": [0.00131786672864, 0.00176165101584, 0.00100132846273, 0.000747884856537, 0.000284219917376, 0.000119079915748, 5.86459136684e-05, 7.4492796557e-05, 6.58630597172e-05, 0.000150423788, 0.000131078544655, 0.000122835728689, 0.000127345818328, 9.90268890746e-05, 0.000108309010102, 0.000108340849692, 7.19835879863e-05, 7.08177030901e-05, 5.76282618567e-05, 6.12947624177e-05, 3.6869005271e-05, 4.90846068715e-05, 3.96911309508e-05, 2.65507696895e-05, 2.20028796321e-05, 1.84498931048e-05, 1.67152829817e-05, 1.38768082252e-05, 1.07596024463e-05, 1.09538532342e-05, 8.86700036062e-06, 7.88830220699e-06, 7.17174543752e-06, 7.21887954569e-06, 7.04751255398e-06, 6.01234614805e-06, 5.73538500248e-06, 5.27372048964e-06, 4.3967233978e-06, 3.48482581103e-06],
        "dvar": [2.18353784476e-06, 9.07083085622e-06, 1.91414846995e-06, 1.98446514332e-06, 3.04273328311e-07, 3.97728570078e-08, 5.13549158754e-09, 9.05876529345e-09, 6.02299188301e-09, 3.394761805e-08, 2.20018616659e-08, 1.90036928416e-08, 1.6382598389e-08, 9.68763291809e-09, 1.79423800262e-08, 2.11993249621e-08, 4.93788121503e-09, 5.29838262153e-09, 3.94668209225e-09, 3.71659525378e-09, 1.01046737644e-09, 2.08344763664e-09, 1.40363332068e-09, 7.00427771338e-10, 4.31649355148e-10, 2.28643895483e-10, 2.1267637651e-10, 1.40809502946e-10, 8.19816506348e-11, 9.43934375108e-11, 5.21728008018e-11, 4.31773540532e-11, 3.03132310919e-11, 3.04738387302e-11, 3.06199440803e-11, 2.21765834862e-11, 1.86575945665e-11, 1.81985589792e-11, 1.27457619112e-11, 7.31830828576e-12],
        "dvar2": [5.54606367587e-06, 1.91667331819e-05, 4.71417979497e-06, 3.46196634382e-06, 8.03554939921e-07, 1.15383876675e-07, 1.43796849983e-08, 1.92978042435e-08, 1.24470354024e-08, 7.13367427352e-08, 4.80170712081e-08, 4.65509586434e-08, 4.29368469668e-08, 2.43891502549e-08, 4.41260326056e-08, 5.17789047194e-08, 1.17878071748e-08, 1.37621247731e-08, 9.71786562332e-09, 9.42780786772e-09, 2.42178299636e-09, 5.54203838377e-09, 3.45568795801e-09, 1.64674385239e-09, 1.01038932776e-09, 5.65462010549e-10, 5.18765974622e-10, 3.40838496315e-10, 2.07351510961e-10, 2.1742427303e-10, 1.26860341676e-10, 1.07202455246e-10, 7.52971435203e-11, 7.76537861791e-11, 7.71544564349e-11, 5.44085609899e-11, 4.62967164605e-11, 4.71212444064e-11, 3.25004363699e-11, 1.80420730439e-11],
        "max": [0.0224008429796, 0.0309080276638, 0.0135071054101, 0.0133198946714, 0.00549710681662, 0.00214881729335, 0.00139126810245, 0.00226219906472, 0.00217207381502, 0.00427389983088, 0.0049367826432, 0.00286313239485, 0.00233147782274, 0.00186128297355, 0.00351570080966, 0.0051958411932, 0.00314182648435, 0.00204205117188, 0.00130214216188, 0.00265165651217, 0.000554753059987, 0.00119289569557, 0.000913237570785, 0.000548315816559, 0.000528574455529, 0.00027998915175, 0.000407448969781, 0.000218264787691, 0.000160240932018, 0.000290252210107, 0.000203020681511, 0.000131127730128, 0.000109404325485, 7.77832174208e-05, 7.71048944443e-05, 0.000114513430162, 5.44657013961e-05, 5.56464146939e-05, 5.03584633407e-05, 5.06279429828e-05],
        "mean": [0.00243720295839, 0.00216283719055, 0.000820304441731, 0.000565105117857, 0.000178064889042, 7.219787949e-05, 4.52779131592e-05, 7.8050972661e-05, 7.46033983887e-05, 0.000157793823746, 0.000153369415784, 0.000138459319714, 0.000133532797918, 0.000115157759865, 0.000120054544823, 0.00012079240696, 8.40864231577e-05, 7.93264407548e-05, 6.37051925878e-05, 6.60885780235e-05, 4.44516590505e-05, 5.12953374709e-05, 4.28764105891e-05, 3.21359002555e-05, 2.81619250018e-05, 2.24245650315e-05, 2.01748625841e-05, 1.80221013579e-05, 1.46124330058e-05, 1.50328951349e-05, 1.27773209897e-05, 1.1894502677e-05, 1.10883747766e-05, 1.12277393782e-05, 1.07108953671e-05, 1.0059721717e-05, 9.37208915275e-06, 8.09268658486e-06, 6.88329919285e-06, 5.903008514e-06],
        "median": [0.00207587121986, 0.000543544010725, 0.000295257254038, 0.000100207362266, 4.8573492677e-05, 3.13253694912e-05, 2.32996389968e-05, 2.76763075817e-05, 3.85068342439e-05, 7.00037853676e-05, 7.63661446399e-05, 6.45133550279e-05, 6.38577330392e-05, 6.19557904429e-05, 6.08637201367e-05, 6.23557716608e-05, 5.30137003807e-05, 4.87187789986e-05, 3.61937054549e-05, 3.77951291739e-05, 3.0087234336e-05, 3.12579068122e-05, 2.85018013528e-05, 2.23285478569e-05, 1.95209686353e-05, 1.69832273968e-05, 1.39807934829e-05, 1.36362950798e-05, 1.13712694656e-05, 1.09402053567e-05, 1.00825936897e-05, 9.44254861679e-06, 9.01367184269e-06, 9.51216225076e-06, 8.90443334356e-06, 8.13085353002e-06, 7.73792271502e-06, 6.36087133898e-06, 5.4752140386e-06, 4.70368922834e-06],
        "min": [4.78042451044e-24, 1.59492361273e-24, 1.58856578827e-24, 3.67147698203e-24, 2.81761334658e-24, 1.72558668738e-24, 3.63588594457e-24, 2.55441325821e-24, 3.9694214629e-24, 3.89602939415e-24, 4.3976908929e-24, 2.52001813388e-24, 3.56711502301e-24, 3.9676729527e-24, 3.15947548897e-24, 4.3444234547e-24, 5.00032343207e-24, 4.13662802594e-24, 5.11218311957e-24, 3.88383360455e-24, 5.04126570748e-24, 4.08600327177e-24, 5.48786432062e-24, 4.80542311809e-24, 5.84253145044e-24, 5.84492367113e-24, 5.04002167383e-24, 6.86131178294e-24, 6.61112533571e-24, 6.83430986302e-24, 7.93519286639e-24, 6.9890323078e-24, 5.62059056235e-24, 6.68801955245e-24, 7.31143818204e-24, 6.13462613326e-24, 6.6599305822e-24, 7.36770210839e-24, 8.04873756078e-24, 7.04896917052e-24],
        "var": [6.51526397633e-06, 1.70111688931e-05, 2.10513030652e-06, 2.73941850537e-06, 2.52030645242e-07, 2.53814143036e-08, 5.46327338924e-09, 2.49193519153e-08, 1.60831969964e-08, 8.01912847237e-08, 6.67454216341e-08, 4.48166517231e-08, 3.56045575245e-08, 2.75868732302e-08, 4.2402128031e-08, 6.3384888449e-08, 1.42161473704e-08, 1.22280212622e-08, 8.33372304498e-09, 9.26188192807e-09, 2.50719200956e-09, 4.20024948156e-09, 2.75098255287e-09, 1.40245515201e-09, 1.02866504204e-09, 5.05417707686e-10, 4.86752527173e-10, 3.42885719817e-10, 2.00876149048e-10, 2.81926398893e-10, 1.59066843031e-10, 1.31192501307e-10, 1.01783206863e-10, 9.95957205596e-11, 9.31765081758e-11, 8.42474909279e-11, 7.23228005262e-11, 5.45024303467e-11, 3.94670789106e-11, 2.87190826675e-11]
    },
    "mfcc": {
        "mean": [-602.06036377, 64.9125061035, -1.44471371174, 10.9044866562, 13.5508356094, 17.6879272461, 13.7501239777, 14.6660728455, 7.15586090088, 5.83502817154, 1.44354057312, 0.267827630043, -2.9266409874],
        "cov": [[11326.6083984, -1483.21472168, -1357.61779785, -891.552856445, -344.683990479, -140.667984009, -145.819763184, -9.23551177979, -86.924407959, -69.1473312378, -75.0132980347, 32.7049102783, 63.6756477356], [-1483.21472168, 977.926330566, 199.49307251, 136.542633057, -8.38965320587, -31.624994278, 22.6949939728, 20.2563400269, 22.6694641113, 13.212469101, 24.013343811, -10.3847990036, -8.98206233978], [-1357.61779785, 199.49307251, 686.524291992, 326.123199463, 184.452026367, 86.0786056519, 42.2945632935, -8.72848701477, 18.003074646, 6.7203207016, 1.85553646088, 7.21429824829, 6.65943622589], [-891.552856445, 136.542633057, 326.123199463, 360.899810791, 187.639816284, 96.6352920532, 38.7971992493, -6.79143047333, 6.21787929535, 1.28763473034, 3.96150588989, -1.31304645538, -11.9955940247], [-344.683990479, -8.38965320587, 184.452026367, 187.639816284, 244.687728882, 131.86932373, 72.0740661621, 12.2469873428, 16.4350681305, 5.58448171616, 6.14525651932, 9.45728111267, 1.5378600359], [-140.667984009, -31.624994278, 86.0786056519, 96.6352920532, 131.86932373, 180.065765381, 106.357826233, 55.9581336975, 47.4443397522, 36.4344940186, 31.4432601929, 33.8896141052, 23.4038410187], [-145.819763184, 22.6949939728, 42.2945632935, 38.7971992493, 72.0740661621, 106.357826233, 144.322555542, 86.9836273193, 66.6562042236, 46.1035270691, 38.574092865, 33.7785301208, 18.3254432678], [-9.23551177979, 20.2563400269, -8.72848701477, -6.79143047333, 12.2469873428, 55.9581336975, 86.9836273193, 122.056297302, 91.2963562012, 62.1906242371, 42.6407318115, 35.0497169495, 28.130027771], [-86.924407959, 22.6694641113, 18.003074646, 6.21787929535, 16.4350681305, 47.4443397522, 66.6562042236, 91.2963562012, 127.067024231, 91.3114547729, 58.2803459167, 39.0145530701, 29.1096038818], [-69.1473312378, 13.212469101, 6.7203207016, 1.28763473034, 5.58448171616, 36.4344940186, 46.1035270691, 62.1906242371, 91.3114547729, 115.836708069, 76.0880508423, 44.4592933655, 27.9762439728], [-75.0132980347, 24.013343811, 1.85553646088, 3.96150588989, 6.14525651932, 31.4432601929, 38.574092865, 42.6407318115, 58.2803459167, 76.0880508423, 99.2137069702, 67.9559402466, 34.1666107178], [32.7049102783, -10.3847990036, 7.21429824829, -1.31304645538, 9.45728111267, 33.8896141052, 33.7785301208, 35.0497169495, 39.0145530701, 44.4592933655, 67.9559402466, 101.137145996, 63.821056366], [63.6756477356, -8.98206233978, 6.65943622589, -11.9955940247, 1.5378600359, 23.4038410187, 18.3254432678, 28.130027771, 29.1096038818, 27.9762439728, 34.1666107178, 63.821056366, 89.4183807373]],
