{
"lowlevel": {
    "average_loudness": 0.449803262949,
    "barkbands_crest": {
        "dmean": 1.96059048176,
        "dmean2": 3.09938573837,
        "dvar": 6.08889722824,
        "dvar2": 15.1973676682,
        "max": 26.8762722015,
        "mean": 15.9893770218,
        "median": 16.8937683105,
        "min": 2.38946533203,
        "var": 31.869758606
    },
    "barkbands_flatness_db": {
        "dmean": 0.0252462811768,
        "dmean2": 0.0373848490417,
        "dvar": 0.00103957927786,
        "dvar2": 0.00230342871509,
        "max": 0.829951047897,
        "mean": 0.241208970547,
        "median": 0.234139233828,
        "min": 0.0244800131768,
        "var": 0.00831982586533
    },
    "barkbands_kurtosis": {
        "dmean": 18.1953678131,
        "dmean2": 26.2196483612,
        "dvar": 4704.42138672,
        "dvar2": 8517.73144531,
        "max": 3223.1340332,
        "mean": 41.5137939453,
        "median": 17.0351219177,
        "min": -1.88524508476,
        "var": 10581.6298828
    },
    "barkbands_skewness": {
        "dmean": 0.975740849972,
        "dmean2": 1.42855906487,
        "dvar": 2.69389009476,
        "dvar2": 4.77314758301,
        "max": 49.5965309143,
        "mean": 4.11407709122,
        "median": 3.60916137695,
        "min": -4.69612216949,
        "var": 13.037522316
    },
    "barkbands_spread": {
        "dmean": 3.09614300728,
        "dmean2": 4.81796216965,
        "dvar": 30.5699520111,
        "dvar2": 73.4852676392,
        "max": 89.1393356323,
        "mean": 9.50675010681,
        "median": 6.56399917603,
        "min": 0.0178079996258,
        "var": 95.1885604858
    },
    "dissonance": {
        "dmean": 0.0214393883944,
        "dmean2": 0.0360524095595,
        "dvar": 0.000547537114471,
        "dvar2": 0.00148000568151,
        "max": 0.500000059605,
        "mean": 0.458756387234,
        "median": 0.470658868551,
        "min": 0.147013098001,
        "var": 0.00146619591396
    },
    "dynamic_complexity": 6.9936914444,
    "erbbands_crest": {
        "dmean": 2.87916827202,
        "dmean2": 4.54048681259,
        "dvar": 7.94317817688,
        "dvar2": 18.7377605438,
        "max": 34.5721206665,
        "mean": 10.5056018829,
        "median": 8.94609642029,
        "min": 2.20819091797,
        "var": 34.6201057434
    },
    "erbbands_flatness_db": {
        "dmean": 0.0173992626369,
        "dmean2": 0.0257865246385,
        "dvar": 0.00038183334982,
        "dvar2": 0.00085159484297,
        "max": 0.54551678896,
        "mean": 0.168548420072,
        "median": 0.154867649078,
        "min": 0.0513352192938,
        "var": 0.00506294285879
    },
    "erbbands_kurtosis": {
        "dmean": 2.01423692703,
        "dmean2": 3.15811896324,
        "dvar": 45.8350257874,
        "dvar2": 102.816070557,
        "max": 636.351013184,
        "mean": 3.07404828072,
        "median": 0.227199673653,
        "min": -1.87380611897,
        "var": 263.695495605
    },
    "erbbands_skewness": {
        "dmean": 0.453666627407,
        "dmean2": 0.67408233881,
        "dvar": 0.364608407021,
        "dvar2": 0.803722977638,
        "max": 16.5811061859,
        "mean": 0.680541038513,
        "median": 0.409582853317,
        "min": -7.35621786118,
        "var": 1.83321225643
    },
    "erbbands_spread": {
        "dmean": 8.71076202393,
        "dmean2": 13.0336761475,
        "dvar": 112.793800354,
        "dvar2": 241.182235718,
        "max": 179.16104126,
        "mean": 40.189743042,
        "median": 37.0082397461,
        "min": 0.424329221249,
        "var": 608.892883301
    },
    "hfc": {
        "dmean": 4.36240100861,
        "dmean2": 7.18191242218,
        "dvar": 187.350479126,
        "dvar2": 521.275268555,
        "max": 230.315093994,
        "mean": 16.8037910461,
        "median": 8.6142873764,
        "min": 1.17328131883e-16,
        "var": 435.149353027
    },
    "melbands_crest": {
        "dmean": 2.59623122215,
        "dmean2": 4.1080493927,
        "dvar": 11.2031593323,
        "dvar2": 28.556060791,
        "max": 39.1000404358,
        "mean": 25.3277339935,
        "median": 28.2888412476,
        "min": 1.40795230865,
        "var": 97.1319351196
    },
    "melbands_flatness_db": {
        "dmean": 0.027889451012,
        "dmean2": 0.0412794910371,
        "dvar": 0.00134215992875,
        "dvar2": 0.0030116897542,
        "max": 0.969510316849,
        "mean": 0.32412430644,
        "median": 0.3200558424,
        "min": 0.00162707630079,
        "var": 0.0119690280408
    },
    "melbands_kurtosis": {
        "dmean": 35.1230697632,
        "dmean2": 51.7996749878,
        "dvar": 5789.48046875,
        "dvar2": 11790.9306641,
        "max": 1613.49401855,
        "mean": 89.3280563354,
        "median": 39.0281600952,
        "min": -1.96242702007,
        "var": 20754.5117188
    },
    "melbands_skewness": {
        "dmean": 1.3699657917,
        "dmean2": 2.02694034576,
        "dvar": 3.28610706329,
        "dvar2": 6.7806224823,
        "max": 34.4930038452,
        "mean": 6.02923822403,
        "median": 5.03314781189,
        "min": -4.17477226257,
        "var": 22.0898017883
    },
    "melbands_spread": {
        "dmean": 3.21055817604,
        "dmean2": 4.96995782852,
        "dvar": 55.259349823,
        "dvar2": 114.17250061,
        "max": 189.692245483,
        "mean": 9.16487216949,
        "median": 4.78164291382,
        "min": 0.077858902514,
        "var": 181.532852173
    },
    "pitch_salience": {
        "dmean": 0.0664552003145,
        "dmean2": 0.103016629815,
        "dvar": 0.00596400117502,
        "dvar2": 0.0140829579905,
        "max": 0.959490895271,
        "mean": 0.359655439854,
        "median": 0.323753416538,
        "min": 0.00994673743844,
        "var": 0.045946277678
    },
    "silence_rate_20dB": {
        "dmean": 0.0143657326698,
        "dmean2": 0.0287333596498,
        "dvar": 0.014162405394,
        "dvar2": 0.0325195267797,
        "max": 1,
        "mean": 0.986294150352,
        "median": 1,
        "min": 0,
        "var": 0.0135166998953
    },
    "silence_rate_30dB": {
        "dmean": 0.0254365727305,
        "dmean2": 0.0508764982224,
        "dvar": 0.0247859954834,
        "dvar2": 0.0563204102218,
        "max": 1,
        "mean": 0.587901949883,
        "median": 1,
        "min": 0,
        "var": 0.242300882936
    },
    "silence_rate_60dB": {
        "dmean": 0.0271499175578,
        "dmean2": 0.0543034151196,
        "dvar": 0.0264092236757,
        "dvar2": 0.0588606335223,
        "max": 1,
        "mean": 0.250461250544,
        "median": 0,
        "min": 0,
        "var": 0.187730580568
    },
    "spectral_centroid": {
        "dmean": 221.405670166,
        "dmean2": 334.637207031,
        "dvar": 109229.890625,
        "dvar2": 235789.453125,
        "max": 11111.9892578,
        "mean": 1096.16589355,
        "median": 909.113769531,
        "min": 63.8450927734,
        "var": 544148.5
    },
    "spectral_complexity": {
        "dmean": 2.80962109566,
        "dmean2": 4.45129823685,
        "dvar": 17.4860210419,
        "dvar2": 42.1382064819,
        "max": 54,
        "mean": 12.5739326477,
        "median": 9,
        "min": 0,
        "var": 123.706451416
    },
    "spectral_decrease": {
        "dmean": 3.30837512941e-09,
        "dmean2": 4.74459271871e-09,
        "dvar": 5.94925038684e-17,
        "dvar2": 1.19120718297e-16,
        "max": 4.20144363323e-30,
        "mean": -2.59579113759e-08,
        "median": -1.12560876175e-08,
        "min": -1.34581213729e-07,
        "var": 7.75678309442e-16
    },
    "spectral_energy": {
        "dmean": 0.0125089492649,
        "dmean2": 0.0179068893194,
        "dvar": 0.000843548506964,
        "dvar2": 0.00168787548319,
        "max": 0.513171374798,
        "mean": 0.099495343864,
        "median": 0.0434524789453,
        "min": 1.06261479414e-20,
        "var": 0.0113201411441
    },
    "spectral_energyband_high": {
        "dmean": 0.000420450000092,
        "dmean2": 0.000722816272173,
        "dvar": 2.76826767731e-06,
        "dvar2": 8.03655530035e-06,
        "max": 0.0254752747715,
        "mean": 0.000824429094791,
        "median": 9.02404499357e-05,
        "min": 7.64750690628e-21,
        "var": 2.73502473647e-06
    },
    "spectral_energyband_low": {
        "dmean": 0.0126279359683,
        "dmean2": 0.0186986830086,
        "dvar": 0.00124488165602,
        "dvar2": 0.00285328063183,
        "max": 0.507312595844,
        "mean": 0.0868406295776,
        "median": 0.0316109135747,
        "min": 1.24087504847e-22,
        "var": 0.00983098242432
    },
    "spectral_energyband_middle_high": {
        "dmean": 0.00106592930388,
        "dmean2": 0.00169464573264,
        "dvar": 5.89469891565e-06,
        "dvar2": 1.48931767399e-05,
        "max": 0.0454886257648,
        "mean": 0.00279860408045,
        "median": 0.00106957764365,
        "min": 1.37910889932e-21,
        "var": 1.69564664247e-05
    },
    "spectral_energyband_middle_low": {
        "dmean": 0.00532741006464,
        "dmean2": 0.00800663139671,
        "dvar": 0.000375138653908,
        "dvar2": 0.000847266055644,
        "max": 0.270722806454,
        "mean": 0.00983773451298,
        "median": 0.00342538300902,
        "min": 3.51337972719e-22,
        "var": 0.000691724242643
    },
    "spectral_entropy": {
        "dmean": 0.188268482685,
        "dmean2": 0.284425020218,
        "dvar": 0.0704829767346,
        "dvar2": 0.162758260965,
        "max": 9.79320049286,
        "mean": 7.36717510223,
        "median": 7.52591657639,
        "min": 2.60490393639,
        "var": 0.580949306488
    },
    "spectral_flux": {
        "dmean": 0.0242786351591,
        "dmean2": 0.0336729697883,
        "dvar": 0.00230880291201,
        "dvar2": 0.00309660029598,
        "max": 0.718433320522,
        "mean": 0.0730528086424,
        "median": 0.0505450963974,
        "min": 1.03083208636e-10,
        "var": 0.00906248297542
    },
    "spectral_kurtosis": {
        "dmean": 2.63366532326,
        "dmean2": 4.4461722374,
        "dvar": 22.0859069824,
        "dvar2": 61.6385765076,
        "max": 97.4950180054,
        "mean": 6.96397018433,
        "median": 3.70345687866,
        "min": -1.26672887802,
        "var": 82.5578842163
    },
    "spectral_rms": {
        "dmean": 0.000603554653935,
        "dmean2": 0.000855138117913,
        "dvar": 1.20574566154e-06,
        "dvar2": 2.22678204409e-06,
        "max": 0.0223753210157,
        "mean": 0.00777647085488,
        "median": 0.00651096459478,
        "min": 3.21977839356e-12,
        "var": 3.65956548194e-05
    },
    "spectral_rolloff": {
        "dmean": 181.715209961,
        "dmean2": 305.928833008,
        "dvar": 310614.09375,
        "dvar2": 702155.4375,
        "max": 18949.21875,
        "mean": 535.453552246,
        "median": 172.265625,
        "min": 43.06640625,
        "var": 1028335
    },
    "spectral_skewness": {
        "dmean": 0.287173748016,
        "dmean2": 0.464857965708,
        "dvar": 0.135882720351,
        "dvar2": 0.356493771076,
        "max": 8.64650821686,
        "mean": 1.82133948803,
        "median": 1.54460597038,
        "min": -0.889232993126,
        "var": 0.914985954762
    },
    "spectral_spread": {
        "dmean": 433190.46875,
        "dmean2": 661950.125,
        "dvar": 328799617024,
        "dvar2": 737460813824,
        "max": 41895368,
        "mean": 4470419.5,
        "median": 4485856,
        "min": 889065.75,
        "var": 3.19787027661e+12
    },
    "spectral_strongpeak": {
        "dmean": 0.146652817726,
        "dmean2": 0.232007995248,
        "dvar": 0.10355284065,
        "dvar2": 0.24950003624,
        "max": 5.92129898071,
        "mean": 0.604785144329,
        "median": 0.543473005295,
        "min": 0,
        "var": 0.330015808344
    },
    "zerocrossingrate": {
        "dmean": 0.0055702351965,
        "dmean2": 0.00698766065761,
        "dvar": 8.54255267768e-05,
        "dvar2": 0.000101478610304,
        "max": 0.61181640625,
        "mean": 0.0280283931643,
        "median": 0.0185546875,
        "min": 0.00146484375,
        "var": 0.00100750778802
    },
    "barkbands": {
        "dmean": [0.00227240100503, 0.0100374566391, 0.00434967875481, 0.00291179097258, 0.00297839171253, 0.000775028020144, 0.000578439503442, 0.000353361741873, 0.000428452098276, 0.000365227781003, 0.000277846964309, 0.000331685499987, 0.000201872258913, 0.000149862258695, 0.000105772938696, 8.16538449726e-05, 8.28728952911e-05, 7.47825979488e-05, 6.18652265985e-05, 8.16918618511e-05, 0.00011671034008, 0.000117243958812, 7.1582478995e-05, 6.50681758998e-05, 5.98050792178e-05, 1.82051699085e-05, 1.33694754822e-06],
        "dmean2": [0.00338538363576, 0.0137546360493, 0.00765977334231, 0.00480914674699, 0.00463522644714, 0.00133217591792, 0.00100113276858, 0.000561540771741, 0.000716847833246, 0.000592101539951, 0.000446183781605, 0.000533359590918, 0.000326229695929, 0.000250865763519, 0.000174958331627, 0.000136475355248, 0.000138751187478, 0.000128249506815, 0.000103980222775, 0.000139114374178, 0.000205447213375, 0.000204562194995, 0.000123197591165, 0.000113082722237, 0.000104424645542, 3.09223723889e-05, 2.28362546295e-06],
        "dvar": [2.79482646874e-05, 0.000763908145018, 0.000806705385912, 0.000196794295334, 0.000189612561371, 1.64321045304e-05, 7.67240817368e-06, 1.05113451809e-06, 2.35298034568e-06, 1.24967141346e-06, 5.25291227405e-07, 8.08988829704e-07, 2.63034650061e-07, 1.88293498127e-07, 5.73034135698e-08, 5.07064008559e-08, 4.19892245418e-08, 4.07569800132e-08, 1.79517094523e-08, 5.0548717212e-08, 1.61995401982e-07, 1.98042727106e-07, 5.4790117332e-08, 5.6066195242e-08, 6.18528375185e-08, 4.76207162592e-09, 3.05053413086e-11],
        "dvar2": [5.55905098736e-05, 0.00138940662146, 0.00223480397835, 0.000517830078024, 0.000399783981266, 4.67366407975e-05, 2.21717036766e-05, 2.15860040953e-06, 6.47230081086e-06, 2.87044576908e-06, 1.25735937218e-06, 2.03484660233e-06, 6.18709236733e-07, 4.96391976412e-07, 1.39884491546e-07, 1.36356860025e-07, 1.10085295546e-07, 1.12942423414e-07, 4.77551225231e-08, 1.40358167755e-07, 4.66672332777e-07, 5.76613103931e-07, 1.55730347728e-07, 1.60878670386e-07, 1.78549200314e-07, 1.30926354203e-08, 8.02682850742e-11],
        "max": [0.14640827477, 0.361506581306, 0.363926231861, 0.181821301579, 0.235124349594, 0.0786402374506, 0.0620444603264, 0.0497174412012, 0.0308978408575, 0.0450253859162, 0.0207123942673, 0.0302472524345, 0.014223578386, 0.00983969308436, 0.00663203094155, 0.00645017437637, 0.0080946162343, 0.00406874762848, 0.00255424901843, 0.00404367316514, 0.00576003361493, 0.00753370020539, 0.00348672131076, 0.00306326663122, 0.00373889040202, 0.00219614501111, 0.000233304337598],
        "mean": [0.0145823787898, 0.068133816123, 0.00341302808374, 0.00333340419456, 0.00374181196094, 0.000837273779325, 0.000664587132633, 0.000514616083819, 0.000556651037186, 0.000533492479008, 0.00045560777653, 0.000570574193262, 0.000330607144861, 0.000241712041316, 0.00016920780763, 0.000132394954562, 0.000141493728734, 0.000127908031573, 0.000124331811094, 0.000149615079863, 0.000186868332094, 0.000186532764928, 0.000137122668093, 0.00011216490384, 8.68416682351e-05, 2.93767770927e-05, 1.58699435815e-06],
        "median": [0.00285997334868, 0.0218865349889, 0.000125533581013, 0.00026351964334, 0.000571395503357, 0.000187527213711, 0.000143969155033, 0.000102945377876, 0.000108870859549, 9.91148699541e-05, 7.23162229406e-05, 0.00010190854664, 5.89164628764e-05, 4.00175485993e-05, 4.81492461404e-05, 3.7754078221e-05, 3.93552545574e-05, 2.65387643594e-05, 2.80183521681e-05, 2.44116727117e-05, 2.25679214054e-05, 1.57884678629e-05, 1.05458384496e-05, 7.11347411197e-06, 4.81169900013e-06, 1.57332351591e-06, 2.80442478129e-08],
        "min": [1.68351815525e-22, 3.96820764262e-23, 8.54996400274e-24, 1.39397969731e-23, 7.17821771895e-23, 6.46339551176e-23, 4.78644951449e-23, 3.87793103172e-23, 7.68293660591e-23, 1.36182963956e-22, 3.24897885842e-23, 9.90578949573e-23, 1.78499558127e-22, 1.34333104066e-22, 6.15117320072e-23, 1.65617863441e-22, 1.28852212093e-22, 1.52733833728e-22, 2.03685198393e-22, 3.4387779718e-22, 3.95897430972e-22, 5.93406466943e-22, 5.91607611644e-22, 8.82901304033e-22, 1.09604450292e-21, 1.50321900976e-21, 2.4550922529e-21],
        "var": [0.00049057538854, 0.00630305474624, 0.000521167472471, 0.000190945138456, 0.000256609782809, 1.08524864117e-05, 5.71064128962e-06, 2.23941651711e-06, 2.26892871069e-06, 2.35558741224e-06, 1.2000660945e-06, 2.02405976779e-06, 5.84852216434e-07, 3.83583824259e-07, 1.0193250688e-07, 7.78767841325e-08, 6.98709357039e-08, 5.48209051487e-08, 4.33908304842e-08, 7.63529897085e-08, 1.51424558226e-07, 1.72542144128e-07, 7.21426687278e-08, 5.87612021263e-08, 4.99578689528e-08, 5.48277334644e-09, 3.65819978476e-11]
    },
    "erbbands": {
        "dmean": [0.506078779697, 1.83385169506, 4.58171224594, 7.07488059998, 10.8048782349, 11.1845493317, 6.4938082695, 6.88395500183, 9.32255363464, 5.82813930511, 8.94943809509, 9.93642616272, 10.6098546982, 12.3438835144, 8.90914344788, 14.6715936661, 9.18043518066, 8.10010147095, 5.82190036774, 4.537088871, 4.54598426819, 4.22799825668, 4.09076213837, 3.53482794762, 3.17853355408, 3.89484024048, 4.33219814301, 4.69905185699, 4.60365486145, 3.13925361633, 1.86482727528, 1.62181973457, 0.99698382616, 0.750478923321, 0.382450729609, 0.120499916375, 0.0280805248767, 0.00394388847053, 0.000170247643837, 1.49839015648e-05],
        "dmean2": [0.64533418417, 2.41445636749, 7.72817707062, 11.8454189301, 15.6766901016, 18.4079284668, 11.3865461349, 11.7728586197, 16.3990783691, 9.38868236542, 14.5688867569, 16.5514373779, 17.2315368652, 19.9682006836, 14.4230680466, 23.4986381531, 14.7287721634, 13.3817901611, 9.48117542267, 7.46958017349, 7.61778259277, 7.09726762772, 7.01658916473, 5.93261241913, 5.37314081192, 6.63034057617, 7.51234102249, 8.28601741791, 8.11050224304, 5.48632526398, 3.18836212158, 2.83738160133, 1.71652746201, 1.31133234501, 0.667849600315, 0.206476062536, 0.0482648871839, 0.00665956968442, 0.000289620336844, 2.23136921704e-05],
        "dvar": [1.39459109306, 42.034614563, 816.910827637, 1390.29638672, 2091.81665039, 3662.20092773, 987.645141602, 1582.84326172, 2842.96679688, 355.704559326, 605.287231445, 1228.51977539, 1256.8236084, 1125.8939209, 599.991027832, 1674.05529785, 506.724578857, 507.5546875, 196.981643677, 125.262260437, 157.963256836, 125.455085754, 124.907821655, 71.1695480347, 50.3059768677, 123.981399536, 183.506851196, 279.253082275, 313.068084717, 126.180740356, 31.6636180878, 37.3289794922, 11.9878854752, 8.89717292786, 2.71829199791, 0.225173354149, 0.0118119698018, 0.000227467971854, 4.84856627736e-07, 1.06899211705e-09],
        "dvar2": [1.92317652702, 83.9423294067, 2165.22949219, 3798.60839844, 4387.39990234, 9146.33886719, 2815.84106445, 4497.22216797, 8313.65136719, 842.579589844, 1509.68334961, 3350.77001953, 3092.52709961, 2676.51660156, 1446.74035645, 4259.07568359, 1195.90344238, 1325.67541504, 464.016784668, 319.686553955, 430.400360107, 332.033172607, 350.345306396, 191.663757324, 137.880004883, 342.155731201, 522.764648438, 808.616821289, 914.019592285, 364.547790527, 89.1233139038, 107.569595337, 34.089012146, 25.457901001, 7.87801361084, 0.634376704693, 0.0323475711048, 0.000595879100729, 1.2660620996e-06, 2.34771180274e-09],
        "max": [21.2443637848, 94.2442321777, 373.740966797, 529.391357422, 937.321350098, 1107.14282227, 581.799255371, 821.479187012, 1238.95654297, 585.562438965, 766.176696777, 877.679260254, 1072.70397949, 1181.15234375, 811.751953125, 1123.86889648, 588.496276855, 519.242919922, 414.373474121, 208.278045654, 345.636230469, 472.609100342, 171.344146729, 248.556655884, 144.914581299, 249.589889526, 197.47718811, 232.184005737, 303.718109131, 164.348327637, 79.1165390015, 88.6516189575, 44.015335083, 53.908039093, 25.1828918457, 12.811299324, 3.66601276398, 0.46397292614, 0.0283489637077, 0.000688586034812],
        "mean": [3.92211437225, 7.43722581863, 4.57157182693, 7.67362880707, 14.6280994415, 11.0352926254, 6.58559417725, 7.08502054214, 10.0594778061, 8.40083026886, 12.8366441727, 13.5440444946, 15.5430955887, 19.7782001495, 15.8594741821, 25.5586910248, 16.4452705383, 14.1538877487, 9.82826423645, 7.84870147705, 7.71860647202, 7.57815504074, 7.1721830368, 6.88160324097, 6.25217151642, 7.04455089569, 7.30342912674, 7.39374113083, 6.95374822617, 5.24528264999, 3.70864868164, 2.71523618698, 1.69307303429, 1.10597252846, 0.53502368927, 0.18232306838, 0.0443984121084, 0.00623339228332, 0.000271363882348, 0.000116219540359],
        "median": [1.05854463577, 2.11856293678, 0.675871610641, 0.770669221878, 1.67627930641, 1.70506000519, 1.43970298767, 1.49755239487, 2.12444090843, 2.33624887466, 3.04777050018, 3.08689332008, 3.26966977119, 3.81308555603, 3.30329370499, 4.80511379242, 3.60180473328, 2.90063810349, 2.78401422501, 2.3452129364, 2.41432499886, 2.06315875053, 1.57835817337, 1.53522562981, 1.3329603672, 1.10626220703, 1.05059814453, 0.755883812904, 0.596222937107, 0.423326909542, 0.290074467659, 0.176795274019, 0.10902556777, 0.0630688816309, 0.0292264185846, 0.0103970021009, 0.00231875292957, 0.000277989165625, 5.15182255185e-05, 5.3584757552e-05],
        "min": [2.72502596487e-21, 4.64853007204e-21, 1.12553221948e-20, 3.59432626686e-20, 1.07036925695e-19, 2.13664939824e-19, 5.7874554927e-19, 4.91338563014e-19, 7.25262655305e-19, 6.74180219974e-19, 8.0004402198e-19, 2.03063700036e-18, 3.15197172413e-18, 3.38789128625e-18, 1.73024594732e-18, 4.68366950902e-18, 5.90190471924e-18, 9.30264356798e-18, 3.7414648828e-18, 5.87026630159e-18, 7.54480204824e-18, 8.24917529115e-18, 8.74903557223e-18, 9.65392070435e-18, 1.0218684885e-17, 1.82516095214e-17, 1.62760937692e-17, 1.3916809226e-17, 2.40556728363e-17, 1.54853454995e-17, 1.80554055889e-17, 2.0647910397e-17, 1.33264644849e-17, 1.18353961574e-17, 8.61462451296e-18, 5.76902932078e-18, 2.63994713176e-18, 1.40211311769e-18, 3.47494646226e-19, 3.54396518472e-20],
        "var": [20.7987995148, 136.263946533, 619.420715332, 1036.07128906, 3776.61694336, 3079.08642578, 662.550231934, 1025.45959473, 1843.62194824, 510.472320557, 989.385437012, 1282.41296387, 1960.97619629, 2185.8425293, 1312.81420898, 4195.17236328, 1243.50256348, 1060.29541016, 403.734405518, 211.554824829, 227.562255859, 205.86428833, 164.577148438, 147.98274231, 104.550109863, 178.622573853, 203.806350708, 253.069747925, 257.892669678, 124.126121521, 49.0691413879, 36.6007423401, 13.2312669754, 7.7573633194, 2.07476186752, 0.216708108783, 0.0138103812933, 0.00030983594479, 6.36056881831e-07, 1.51713717145e-08]
    },
    "gfcc": {
        "mean": [-82.6690139771, 107.720863342, -100.639923096, 37.6712226868, -48.7137107849, 22.289150238, -22.0806255341, 9.64111804962, -14.5774345398, 4.48718547821, -6.72400856018, 1.0388045311, -1.79267382622],
        "cov": [[22886.1464844, -4469.03662109, 411.356201172, 1244.05761719, 713.629394531, 2550.45092773, 1024.80322266, 1342.93676758, 52.2506256104, 882.665100098, -169.562438965, 927.518249512, -493.843658447], [-4469.03662109, 2823.02685547, 146.768997192, -376.714294434, 190.960693359, -786.805664062, -10.1244535446, -514.36328125, 214.83164978, -311.083374023, 255.61328125, -289.38973999, 236.389389038], [411.356201172, 146.768997192, 1288.19921875, 483.018432617, 293.27053833, 306.421539307, 167.783126831, 114.109680176, 59.1595611572, -4.01693677902, 9.34604454041, 60.5460205078, 19.3885192871], [1244.05761719, -376.714294434, 483.018432617, 651.602478027, 253.438095093, 338.137115479, 192.259506226, 152.15284729, 55.1728897095, 71.6571960449, 7.88316631317, 47.5165061951, -12.5487375259], [713.629394531, 190.960693359, 293.27053833, 253.438095093, 598.36340332, 262.203826904, 305.667785645, 91.2237854004, 171.999389648, 43.067741394, 94.4092407227, 56.5831260681, 43.2525672913], [2550.45092773, -786.805664062, 306.421539307, 338.137115479, 262.203826904, 690.972961426, 332.081573486, 332.042449951, 70.1812896729, 146.101104736, 6.05715608597, 147.416473389, -47.3723335266], [1024.80322266, -10.1244535446, 167.783126831, 192.259506226, 305.667785645, 332.081573486, 457.193908691, 220.143188477, 175.351959229, 75.7049407959, 107.32975769, 65.6582489014, 29.9733829498], [1342.93676758, -514.36328125, 114.109680176, 152.15284729, 91.2237854004, 332.042449951, 220.143188477, 348.133483887, 109.825248718, 133.232543945, 24.6150932312, 94.1027679443, -31.8479690552], [52.2506256104, 214.83164978, 59.1595611572, 55.1728897095, 171.999389648, 70.1812896729, 175.351959229, 109.825248718, 248.546966553, 90.4283828735, 127.945365906, 27.0584907532, 60.6144332886], [882.665100098, -311.083374023, -4.01693677902, 71.6571960449, 43.067741394, 146.101104736, 75.7049407959, 133.232543945, 90.4283828735, 182.717391968, 58.7200737, 75.4424057007, -7.07403945923], [-169.562438965, 255.61328125, 9.34604454041, 7.88316631317, 94.4092407227, 6.05715608597, 107.32975769, 24.6150932312, 127.945365906, 58.7200737, 174.587509155, 45.5002365112, 61.515953064], [927.518249512, -289.38973999, 60.5460205078, 47.5165061951, 56.5831260681, 147.416473389, 65.6582489014, 94.1027679443, 27.0584907532, 75.4424057007, 45.5002365112, 158.480957031, 24.0124588013], [-493.843658447, 236.389389038, 19.3885192871, -12.5487375259, 43.2525672913, -47.3723335266, 29.9733829498, -31.8479690552, 60.6144332886, -7.07403945923, 61.515953064, 24.0124588013, 122.275779724]],
        "icov": [[0.000104532249679, -4.42213968199e-05, 8.02249342087e-05, -8.79189028637e-05, 1.33162493512e-05, -0.000257477397099, -5.60846201552e-05, 5.28700293216e-05, 9.12347513804e-06, -0.0002307848481, 0.000270022981567, -0.000492788909469, 0.000352037663106], [-4.42213968199e-05, 0.00201681512408, -0.000838108186144, 0.000997630530037, -0.000578254985157, 0.00146953715011, -0.000870146497618, 0.00133488664869, -0.00118604791351, 0.00185592949856, -0.00242139422335, 0.00255009694956, -0.00109475152567], [8.02249342087e-05, -0.000838108186144, 0.00155449181329, -0.00121792021673, 2.42913483817e-05, -0.000981711200438, 0.000588140916079, -0.000590172130615, 0.000230811841902, -0.000137725030072, 0.00113334739581, -0.00159332202747, 0.000506319920532], [-8.79189028637e-05, 0.000997630530037, -0.00121792021673, 0.0032851928845, -0.000846260983963, 0.000101277510112, -0.000449008482974, 0.000512486149091, -8.1700127339e-05, 0.000177075300599, -0.00124410295393, 0.00233756424859, -0.000953759939875], [1.33162493512e-05, -0.000578254985157, 2.42913483817e-05, -0.000846260983963, 0.00358390901238, -0.00118234450929, -0.00132425047923, 0.00136341259349, -0.00166239903774, 8.37668776512e-05, 0.000956531264819, -0.00146225246135, 0.000669779430609], [-0.000257477397099, 0.00146953715011, -0.000981711200438, 0.000101277510112, -0.00118234450929, 0.00635732337832, -0.00245018629357, -0.00141612137668, 0.000753654167056, 0.000449073937489, -0.000942232785746, 0.000927315559238, -0.00065754330717], [-5.60846201552e-05, -0.000870146497618, 0.000588140916079, -0.000449008482974, -0.00132425047923, -0.00245018629357, 0.00676536513492, -0.00295882788487, -0.000726288068108, 0.0012973662233, -0.0015820285771, 0.000382122321753, -0.000437561626313], [5.28700293216e-05, 0.00133488664869, -0.000590172130615, 0.000512486149091, 0.00136341259349, -0.00141612137668, -0.00295882788487, 0.00942442845553, -0.0042372350581, -0.00086506200023, 0.000903848849703, -0.000716251379345, 0.00166447495576], [9.12347513804e-06, -0.00118604791351, 0.000230811841902, -8.1700127339e-05, -0.00166239903774, 0.000753654167056, -0.000726288068108, -0.0042372350581, 0.0121929347515, -0.00478490162641, -0.0031740909908, 0.00196894374676, -0.00287167774513], [-0.0002307848481, 0.00185592949856, -0.000137725030072, 0.000177075300599, 8.37668776512e-05, 0.000449073937489, 0.0012973662233, -0.00086506200023, -0.00478490162641, 0.0133603392169, -0.00493476260453, 2.89103118121e-05, 0.000742832256947], [0.000270022981567, -0.00242139422335, 0.00113334739581, -0.00124410295393, 0.000956531264819, -0.000942232785746, -0.0015820285771, 0.000903848849703, -0.0031740909908, -0.00493476260453, 0.0156468618661, -0.0070369434543, 0.00018222075596], [-0.000492788909469, 0.00255009694956, -0.00159332202747, 0.00233756424859, -0.00146225246135, 0.000927315559238, 0.000382122321753, -0.000716251379345, 0.00196894374676, 2.89103118121e-05, -0.0070369434543, 0.0163360983133, -0.00647362694144], [0.000352037663106, -0.00109475152567, 0.000506319920532, -0.000953759939875, 0.000669779430609, -0.00065754330717, -0.000437561626313, 0.00166447495576, -0.00287167774513, 0.000742832256947, 0.00018222075596, -0.00647362694144, 0.0142335500568]]
    },
    "melbands": {
        "dmean": [0.00349619030021, 0.00216964795254, 0.00132018269505, 0.000770023092628, 0.000274000747595, 0.000154841254698, 0.000136939706863, 6.13043885096e-05, 7.45999714127e-05, 6.34829120827e-05, 5.31167388544e-05, 5.05561984028e-05, 3.21736697515e-05, 3.72256545234e-05, 2.75984311884e-05, 2.06453096325e-05, 1.58475413627e-05, 9.90285116131e-06, 7.74115778768e-06, 5.70968995817e-06, 5.8942623582e-06, 4.85356213176e-06, 4.08103960581e-06, 3.70415978068e-06, 3.03040906147e-06, 2.4301805297e-06, 2.62821345132e-06, 2.8089496027e-06, 2.65870085059e-06, 3.03832825921e-06, 2.82039945887e-06, 2.81506595456e-06, 2.27401960728e-06, 1.66209395047e-06, 1.11882263809e-06, 1.08886183625e-06, 1.06913489617e-06, 7.15103453786e-07, 7.01140550063e-07, 6.31338423318e-07],
        "dmean2": [0.00457467325032, 0.00327982846648, 0.00209230394103, 0.00118225510232, 0.000482716830447, 0.000265758018941, 0.000239840970607, 9.68738459051e-05, 0.000122695462778, 0.000105905222881, 8.61702283146e-05, 8.20598288556e-05, 5.20098474226e-05, 5.99914201302e-05, 4.44515171694e-05, 3.30426519213e-05, 2.65716698777e-05, 1.61041862157e-05, 1.29447762447e-05, 9.4181887107e-06, 1.00235101854e-05, 8.16373540147e-06, 6.93270885677e-06, 6.39877680442e-06, 5.08096809426e-06, 4.08542564401e-06, 4.51385540146e-06, 4.80345443066e-06, 4.56947009297e-06, 5.34949958819e-06, 4.96387656312e-06, 4.95905305797e-06, 3.99050304623e-06, 2.90961793326e-06, 1.91717504094e-06, 1.87109458238e-06, 1.90248294984e-06, 1.2319230791e-06, 1.21113475871e-06, 1.1088698102e-06],
        "dvar": [6.82371028233e-05, 0.000124653219245, 3.75301933673e-05, 1.25740007206e-05, 2.10365533349e-06, 7.87359397236e-07, 5.55947792691e-07, 3.8283356929e-08, 4.35387406128e-08, 5.29097086144e-08, 3.18285842127e-08, 2.0034201853e-08, 7.57656426487e-09, 9.85569581502e-09, 5.74308156587e-09, 2.79778844536e-09, 2.11436512743e-09, 6.52546072732e-10, 3.30714289287e-10, 2.2897075902e-10, 2.82634193827e-10, 1.65468125313e-10, 1.11994587215e-10, 1.14760825842e-10, 5.13443870753e-11, 3.09025097178e-11, 4.29441066041e-11, 6.55454163168e-11, 5.84181383823e-11, 1.00533220637e-10, 9.47146389096e-11, 1.10473866166e-10, 7.1251657352e-11, 3.14300703519e-11, 9.31495332257e-12, 1.23549772843e-11, 1.73479165061e-11, 5.28697745306e-12, 6.32615661245e-12, 6.03615941952e-12],
        "dvar2": [0.000101854690001, 0.000306733883917, 9.43744526012e-05, 2.74891226582e-05, 5.95699702899e-06, 2.25047915592e-06, 1.62244862167e-06, 8.04675508448e-08, 1.12697577492e-07, 1.43773107197e-07, 7.75636408434e-08, 4.68984140412e-08, 1.77537486934e-08, 2.45832545431e-08, 1.40846330154e-08, 6.40526964801e-09, 5.6032414264e-09, 1.5306089729e-09, 8.30713886568e-10, 5.9388904905e-10, 7.71306241099e-10, 4.32546387596e-10, 3.03818914471e-10, 3.22664200914e-10, 1.36987740595e-10, 8.27567250838e-11, 1.19999496451e-10, 1.81670317678e-10, 1.64449009965e-10, 2.89164026057e-10, 2.73267797279e-10, 3.22570803402e-10, 2.06075517761e-10, 9.04465807805e-11, 2.59546151932e-11, 3.47856153604e-11, 5.03062036472e-11, 1.49430329222e-11, 1.79226859048e-11, 1.72720032721e-11],
        "max": [0.134799778461, 0.154197126627, 0.084561727941, 0.0643541514874, 0.0267390795052, 0.018370654434, 0.0172370411456, 0.00895447749645, 0.00587959960103, 0.00596243655309, 0.00530220754445, 0.00579828862101, 0.00332654989325, 0.00269822543487, 0.00253602024168, 0.00191933463793, 0.00117812119424, 0.00083517387975, 0.000378617784008, 0.000449401617516, 0.000488978985231, 0.000660293502733, 0.000258216197835, 0.00016728733317, 0.000220017434913, 0.000119926720799, 0.000132926070364, 0.000181579685886, 0.000125768099679, 0.000159365139552, 0.000129879103042, 0.0001826814987, 0.000135970461997, 7.87871904322e-05, 4.54691289633e-05, 5.61480046599e-05, 5.61812266824e-05, 3.12695337925e-05, 3.49840192939e-05, 4.43524404545e-05],
        "mean": [0.0258003044873, 0.00444425083697, 0.0016063322546, 0.000967709580436, 0.000264858419541, 0.000160836119903, 0.000152127846377, 9.19380472624e-05, 0.000103848236904, 8.4336141299e-05, 7.61858609621e-05, 7.87096651038e-05, 5.3973566537e-05, 6.45213003736e-05, 4.68434263894e-05, 3.42960593116e-05, 2.54660135397e-05, 1.56351015903e-05, 1.22373767226e-05, 9.37939057621e-06, 9.09698428586e-06, 8.08657568996e-06, 6.93401898388e-06, 5.91986145082e-06, 5.54275584363e-06, 4.55982672065e-06, 4.49221806775e-06, 4.72022884423e-06, 4.38949473391e-06, 4.57516034658e-06, 4.17768706029e-06, 4.08026744481e-06, 3.34383071277e-06, 2.70465375252e-06, 2.15582053897e-06, 1.88717149285e-06, 1.58897091751e-06, 1.20010463434e-06, 1.05544904727e-06, 8.82251811163e-07],
        "median": [0.00791568867862, 0.00119748082943, 0.000175737397512, 0.000134683825308, 5.61961896892e-05, 3.38521058438e-05, 3.28776877723e-05, 2.48858013947e-05, 2.32882084674e-05, 1.67007710843e-05, 1.42586277434e-05, 1.39831790875e-05, 9.28763529373e-06, 1.16401351988e-05, 9.16052158573e-06, 6.10822235103e-06, 4.37569269707e-06, 3.78678964807e-06, 3.30634884449e-06, 2.69711790679e-06, 2.62427693087e-06, 2.16148328036e-06, 1.55932150392e-06, 1.19716764857e-06, 1.17953618428e-06, 9.47540115703e-07, 7.8869970821e-07, 6.85234681441e-07, 6.52945800539e-07, 5.22262268987e-07, 3.861163691e-07, 3.33601462899e-07, 2.58288707755e-07, 2.08009922176e-07, 1.73851304908e-07, 1.21685587828e-07, 9.51638128299e-08, 7.69887336105e-08, 6.29836449662e-08, 4.60362699073e-08],
        "min": [2.54776323966e-23, 5.30329729563e-24, 7.2451478336e-24, 1.08816435676e-23, 1.87199927139e-23, 1.05519320526e-23, 1.11376944068e-23, 8.25702523875e-24, 6.676424086e-24, 1.27735947091e-23, 1.6611572618e-23, 1.51462745306e-23, 4.00699254123e-24, 1.3010006856e-23, 1.06948910035e-23, 1.67693968639e-23, 1.75882471053e-23, 5.78522031124e-24, 5.52562235898e-24, 1.19835094917e-23, 7.72861780544e-24, 7.80922124615e-24, 8.06232411215e-24, 7.17672203868e-24, 8.13126266666e-24, 7.74124746853e-24, 7.37975353644e-24, 1.3591817806e-23, 1.03910438709e-23, 6.96236565376e-24, 8.565473797e-24, 1.23527003397e-23, 1.4513838432e-23, 6.63536466475e-24, 9.58008381632e-24, 1.42705821279e-23, 1.08460596299e-23, 9.43193258288e-24, 8.70818662336e-24, 9.87271571342e-24],
        "var": [0.000873726035934, 0.000148611594341, 3.84550839954e-05, 1.7344711523e-05, 1.35354923714e-06, 5.01696774791e-07, 3.73167040379e-07, 6.93902819648e-08, 6.25165981205e-08, 5.52322774183e-08, 5.09953181904e-08, 3.86819820619e-08, 1.70832823443e-08, 2.37288340088e-08, 1.43388696472e-08, 6.91693369248e-09, 4.15718393043e-09, 1.33650579492e-09, 5.49427503493e-10, 3.75685704768e-10, 3.60037222258e-10, 2.71225680804e-10, 1.62205082699e-10, 1.30045141322e-10, 1.0774946213e-10, 6.57046639319e-11, 6.30394694778e-11, 9.07436209507e-11, 7.36292762871e-11, 9.64983024043e-11, 8.43536004935e-11, 9.10563846546e-11, 6.13285880413e-11, 3.25860588513e-11, 1.62092925887e-11, 1.54544814446e-11, 1.47675413564e-11, 6.30298591098e-12, 6.20774178589e-12, 5.15156363748e-12]
    },
    "mfcc": {
        "mean": [-724.873718262, 130.772918701, 14.7323236465, 24.5201873779, 6.89584445953, 14.9176330566, 8.70151042938, 9.02219676971, 5.77277517319, 4.86911773682, 3.67588448524, 5.20270299911, 3.6544778347],
        "cov": [[20108.5410156, -3212.47509766, -348.884124756, 4.70919895172, 179.46711731, 1401.4107666, 1049.74963379, 1269.79589844, 702.614196777, 552.25402832, 614.891540527, 561.629150391, 297.98550415], [-3212.47509766, 2488.31640625, 45.1834754944, 105.699455261, 42.8432998657, -235.078292847, -223.461334229, -243.189025879, -151.025253296, -111.259880066, -79.5326080322, -49.5052490234, 22.8087673187], [-348.884124756, 45.1834754944, 932.66998291, 270.331848145, 208.132827759, 164.93800354, 123.249580383, 107.608444214, 69.8366317749, 8.5504360199, 3.99210238457, -0.651162981987, -8.21552085876], [4.70919895172, 105.699455261, 270.331848145, 438.60446167, 192.542129517, 155.445343018, 89.3135986328, 58.9455337524, 58.3226470947, 40.0161933899, 41.2743606567, 25.3402023315, 25.1609363556], [179.46711731, 42.8432998657, 208.132827759, 192.542129517, 346.992279053, 207.33480835, 118.797889709, 117.080635071, 83.7473754883, 51.7379417419, 55.3495483398, 36.4779052734, 22.4235057831], [1401.4107666, -235.078292847, 164.93800354, 155.445343018, 207.33480835, 387.999938965, 253.600906372, 227.704650879, 150.70022583, 96.7110443115, 106.158546448, 80.0677185059, 48.2747573853], [1049.74963379, -223.461334229, 123.249580383, 89.3135986328, 118.797889709, 253.600906372, 316.956665039, 263.022827148, 156.39364624, 110.778808594, 107.675987244, 90.1153793335, 49.8447418213], [1269.79589844, -243.189025879, 107.608444214, 58.9455337524, 117.080635071, 227.704650879, 263.022827148, 344.301177979, 189.691390991, 121.878807068, 124.571350098, 104.399551392, 67.3166656494], [702.614196777, -151.025253296, 69.8366317749, 58.3226470947, 83.7473754883, 150.70022583, 156.39364624, 189.691390991, 205.123413086, 130.369613647, 103.090568542, 75.6030349731, 52.8669395447], [552.25402832, -111.259880066, 8.5504360199, 40.0161933899, 51.7379417419, 96.7110443115, 110.778808594, 121.878807068, 130.369613647, 170.18737793, 122.431625366, 78.8719329834, 52.4345169067], [614.891540527, -79.5326080322, 3.99210238457, 41.2743606567, 55.3495483398, 106.158546448, 107.675987244, 124.571350098, 103.090568542, 122.431625366, 174.998809814, 109.63583374, 68.3871078491], [561.629150391, -49.5052490234, -0.651162981987, 25.3402023315, 36.4779052734, 80.0677185059, 90.1153793335, 104.399551392, 75.6030349731, 78.8719329834, 109.63583374, 135.134338379, 88.4357147217], [297.98550415, 22.8087673187, -8.21552085876, 25.1609363556, 22.4235057831, 48.2747573853, 49.8447418213, 67.3166656494, 52.8669395447, 52.4345169067, 68.3871078491, 88.4357147217, 123.476966858]],
