{
"lowlevel": {
    "average_loudness": 0.866402983665,
    "barkbands_crest": {
        "dmean": 2.98166584969,
        "dmean2": 4.71891975403,
        "dvar": 9.9383430481,
        "dvar2": 22.9175281525,
        "max": 26.4567394257,
        "mean": 11.6549263,
        "median": 11.0441293716,
        "min": 2.17515873909,
        "var": 29.2953777313
    },
    "barkbands_flatness_db": {
        "dmean": 0.0277744159102,
        "dmean2": 0.0420007184148,
        "dvar": 0.00118504324928,
        "dvar2": 0.00261383363977,
        "max": 0.781557500362,
        "mean": 0.14005202055,
        "median": 0.107357166708,
        "min": 0.0149912275374,
        "var": 0.0103078763932
    },
    "barkbands_kurtosis": {
        "dmean": 6.03560447693,
        "dmean2": 9.52584266663,
        "dvar": 521.21697998,
        "dvar2": 1308.74572754,
        "max": 864.450195312,
        "mean": 7.48439073563,
        "median": 0.638279914856,
        "min": -1.86268055439,
        "var": 695.336486816
    },
    "barkbands_skewness": {
        "dmean": 0.772889912128,
        "dmean2": 1.16373383999,
        "dvar": 1.31161189079,
        "dvar2": 3.01918697357,
        "max": 26.6592903137,
        "mean": 1.73506426811,
        "median": 1.27280592918,
        "min": -2.98491024971,
        "var": 4.15838527679
    },
    "barkbands_spread": {
        "dmean": 8.56197547913,
        "dmean2": 13.6583766937,
        "dvar": 106.141448975,
        "dvar2": 262.171234131,
        "max": 103.244621277,
        "mean": 35.9089851379,
        "median": 37.5384407043,
        "min": 0.0887312963605,
        "var": 390.685760498
    },
    "dissonance": {
        "dmean": 0.0133046852425,
        "dmean2": 0.0227595120668,
        "dvar": 0.000349938316504,
        "dvar2": 0.000975678209215,
        "max": 0.5,
        "mean": 0.479073822498,
        "median": 0.485435217619,
        "min": 0.192610278726,
        "var": 0.000598485232331
    },
    "dynamic_complexity": 4.27102565765,
    "erbbands_crest": {
        "dmean": 2.35388255119,
        "dmean2": 3.82888150215,
        "dvar": 6.92891597748,
        "dvar2": 16.5357017517,
        "max": 33.2541618347,
        "mean": 7.74212121964,
        "median": 6.18918132782,
        "min": 2.40441465378,
        "var": 22.9220161438
    },
    "erbbands_flatness_db": {
        "dmean": 0.0148003492504,
        "dmean2": 0.0222335178405,
        "dvar": 0.000306968140649,
        "dvar2": 0.000694047601428,
        "max": 0.540624439716,
        "mean": 0.14066387713,
        "median": 0.121202386916,
        "min": 0.038123447448,
        "var": 0.00412715319544
    },
    "erbbands_kurtosis": {
        "dmean": 1.1087719202,
        "dmean2": 1.83367979527,
        "dvar": 15.8301391602,
        "dvar2": 44.5085983276,
        "max": 160.659744263,
        "mean": 0.444423049688,
        "median": -0.481567144394,
        "min": -1.88316357136,
        "var": 30.4115657806
    },
    "erbbands_skewness": {
        "dmean": 0.40103879571,
        "dmean2": 0.621832609177,
        "dvar": 0.234562888741,
        "dvar2": 0.569936275482,
        "max": 6.3957695961,
        "mean": -0.117846988142,
        "median": -0.171310827136,
        "min": -3.299710989,
        "var": 0.681616306305
    },
    "erbbands_spread": {
        "dmean": 10.8089170456,
        "dmean2": 16.7896614075,
        "dvar": 200.95854187,
        "dvar2": 477.430328369,
        "max": 170.848556519,
        "mean": 51.7728881836,
        "median": 47.5191268921,
        "min": 0.471416473389,
        "var": 612.798461914
    },
    "hfc": {
        "dmean": 8.69797134399,
        "dmean2": 14.2061862946,
        "dvar": 314.946655273,
        "dvar2": 860.956115723,
        "max": 275.614685059,
        "mean": 35.1664886475,
        "median": 31.3977146149,
        "min": 1.24984872974e-16,
        "var": 873.664245605
    },
    "melbands_crest": {
        "dmean": 3.80934500694,
        "dmean2": 6.09759044647,
        "dvar": 15.9578638077,
        "dvar2": 39.1788253784,
        "max": 39.2666816711,
        "mean": 19.1294536591,
        "median": 18.7953224182,
        "min": 1.92842257023,
        "var": 55.1812477112
    },
    "melbands_flatness_db": {
        "dmean": 0.0360543802381,
        "dmean2": 0.0540376454592,
        "dvar": 0.00187891162932,
        "dvar2": 0.00403958978131,
        "max": 0.964723527431,
        "mean": 0.198601171374,
        "median": 0.169509664178,
        "min": 0.00615552999079,
        "var": 0.0154031766579
    },
    "melbands_kurtosis": {
        "dmean": 19.9624061584,
        "dmean2": 31.0514392853,
        "dvar": 2533.38525391,
        "dvar2": 6133.83154297,
        "max": 798.696105957,
        "mean": 31.2826690674,
        "median": 10.6127462387,
        "min": -1.74375367165,
        "var": 4384.46728516
    },
    "melbands_skewness": {
        "dmean": 1.28572547436,
        "dmean2": 1.94856750965,
        "dvar": 3.4029712677,
        "dvar2": 7.88386821747,
        "max": 25.128156662,
        "mean": 3.83655166626,
        "median": 3.09310555458,
        "min": -2.73561573029,
        "var": 9.94691848755
    },
    "melbands_spread": {
        "dmean": 12.3306589127,
        "dmean2": 19.4824752808,
        "dvar": 301.66317749,
        "dvar2": 681.538269043,
        "max": 180.396575928,
        "mean": 34.8949966431,
        "median": 29.1333770752,
        "min": 0.0964207202196,
        "var": 873.765075684
    },
    "pitch_salience": {
        "dmean": 0.0853986516595,
        "dmean2": 0.134837061167,
        "dvar": 0.00856538396329,
        "dvar2": 0.0203677061945,
        "max": 0.949206292629,
        "mean": 0.476255118847,
        "median": 0.491510808468,
        "min": 0.0344117879868,
        "var": 0.0255291834474
    },
    "silence_rate_20dB": {
        "dmean": 0,
        "dmean2": 0,
        "dvar": 0,
        "dvar2": 0,
        "max": 1,
        "mean": 1,
        "median": 1,
        "min": 1,
        "var": 0
    },
    "silence_rate_30dB": {
        "dmean": 0.0346518456936,
        "dmean2": 0.0693150237203,
        "dvar": 0.0334520637989,
        "dvar2": 0.07366104424,
        "max": 1,
        "mean": 0.956692278385,
        "median": 1,
        "min": 0,
        "var": 0.0414328165352
    },
    "silence_rate_60dB": {
        "dmean": 0.00719189271331,
        "dmean2": 0.0143861370161,
        "dvar": 0.00714107649401,
        "dvar2": 0.0167942754924,
        "max": 1,
        "mean": 0.0467396639287,
        "median": 0,
        "min": 0,
        "var": 0.0445534437895
    },
    "spectral_centroid": {
        "dmean": 345.46661377,
        "dmean2": 532.315185547,
        "dvar": 183551.953125,
        "dvar2": 379208.1875,
        "max": 11170.6933594,
        "mean": 2141.11425781,
        "median": 2265.88134766,
        "min": 79.7104492188,
        "var": 721921.8125
    },
    "spectral_complexity": {
        "dmean": 4.21739149094,
        "dmean2": 6.70361280441,
        "dvar": 25.9590682983,
        "dvar2": 61.8184623718,
        "max": 58,
        "mean": 21.8895244598,
        "median": 21,
        "min": 0,
        "var": 201.152053833
    },
    "spectral_decrease": {
        "dmean": 2.73622147162e-09,
        "dmean2": 4.00800326261e-09,
        "dvar": 1.87582659184e-17,
        "dvar2": 3.79126289276e-17,
        "max": 4.76130477245e-29,
        "mean": -8.33038615866e-09,
        "median": -6.59880772247e-09,
        "min": -5.33814450421e-08,
        "var": 6.30520473326e-17
    },
    "spectral_energy": {
        "dmean": 0.0104358168319,
        "dmean2": 0.0152314659208,
        "dvar": 0.00025813819957,
        "dvar2": 0.000526517396793,
        "max": 0.203358158469,
        "mean": 0.0346305333078,
        "median": 0.028288628906,
        "min": 1.11567915745e-20,
        "var": 0.000964029750321
    },
    "spectral_energyband_high": {
        "dmean": 0.00100668682717,
        "dmean2": 0.00165766931605,
        "dvar": 4.01560100727e-06,
        "dvar2": 1.08553631435e-05,
        "max": 0.0290953069925,
        "mean": 0.00316783366725,
        "median": 0.00261560804211,
        "min": 8.39958614312e-21,
        "var": 9.33864612307e-06
    },
    "spectral_energyband_low": {
        "dmean": 0.00891538150609,
        "dmean2": 0.0136088067666,
        "dvar": 0.000300315499771,
        "dvar2": 0.000624982465524,
        "max": 0.202098235488,
        "mean": 0.0200847275555,
        "median": 0.0119046857581,
        "min": 4.7607534749e-23,
        "var": 0.000707473838702
    },
    "spectral_energyband_middle_high": {
        "dmean": 0.00163437111769,
        "dmean2": 0.00264013907872,
        "dvar": 7.17081002222e-06,
        "dvar2": 1.88665089809e-05,
        "max": 0.0404209569097,
        "mean": 0.00512950215489,
        "median": 0.00358567619696,
        "min": 1.45549931161e-21,
        "var": 2.56753319263e-05
    },
    "spectral_energyband_middle_low": {
        "dmean": 0.00532273808494,
        "dmean2": 0.00833197962493,
        "dvar": 0.000190827049664,
        "dvar2": 0.000424289086368,
        "max": 0.138914629817,
        "mean": 0.00777578074485,
        "median": 0.00343635142781,
        "min": 2.7621200979e-22,
        "var": 0.000219054054469
    },
    "spectral_entropy": {
        "dmean": 0.148336932063,
        "dmean2": 0.233394250274,
        "dvar": 0.0543928295374,
        "dvar2": 0.131893277168,
        "max": 9.78823184967,
        "mean": 7.90499067307,
        "median": 8.10757637024,
        "min": 2.83616399765,
        "var": 0.442852854729
    },
    "spectral_flux": {
        "dmean": 0.0264847539365,
        "dmean2": 0.0402693264186,
        "dvar": 0.00139143283013,
        "dvar2": 0.00312946154736,
        "max": 0.410838991404,
        "mean": 0.08991894871,
        "median": 0.0784996524453,
        "min": 1.05625716507e-10,
        "var": 0.00399268744513
    },
    "spectral_kurtosis": {
        "dmean": 1.43860650063,
        "dmean2": 2.4124083519,
        "dvar": 23.2892360687,
        "dvar2": 60.3706817627,
        "max": 241.54574585,
        "mean": 3.55661725998,
        "median": 1.65471410751,
        "min": -1.11899399757,
        "var": 119.230758667
    },
    "spectral_rms": {
        "dmean": 0.000787183933426,
        "dmean2": 0.00114142464008,
        "dvar": 9.35094078613e-07,
        "dvar2": 1.92982724911e-06,
        "max": 0.0140853896737,
        "mean": 0.00524742249399,
        "median": 0.00525344302878,
        "min": 3.29919295008e-12,
        "var": 6.25049733571e-06
    },
    "spectral_rolloff": {
        "dmean": 990.925109863,
        "dmean2": 1617.01538086,
        "dvar": 2287645,
        "dvar2": 5138216.5,
        "max": 18884.6191406,
        "mean": 2563.64404297,
        "median": 2002.58789062,
        "min": 21.533203125,
        "var": 6100176.5
    },
    "spectral_skewness": {
        "dmean": 0.170963928103,
        "dmean2": 0.277899593115,
        "dvar": 0.0925149098039,
        "dvar2": 0.238830819726,
        "max": 14.5017795563,
        "mean": 1.16213583946,
        "median": 0.993055224419,
        "min": -0.0864975824952,
        "var": 0.773102998734
    },
    "spectral_spread": {
        "dmean": 460541.875,
        "dmean2": 675408.6875,
        "dvar": 455646806016,
        "dvar2": 692713881600,
        "max": 38620360,
        "mean": 5549471.5,
        "median": 5574719.5,
        "min": 841010.5,
        "var": 3.16172166758e+12
    },
    "spectral_strongpeak": {
        "dmean": 0.356865227222,
        "dmean2": 0.606843948364,
        "dvar": 0.461864382029,
        "dvar2": 1.16225004196,
        "max": 8.38160705566,
        "mean": 0.592466056347,
        "median": 0.288752555847,
        "min": 0,
        "var": 0.629993081093
    },
    "zerocrossingrate": {
        "dmean": 0.0149168409407,
        "dmean2": 0.0175687056035,
        "dvar": 0.000379730074201,
        "dvar2": 0.000455293920822,
        "max": 0.529296875,
        "mean": 0.0911730155349,
        "median": 0.08642578125,
        "min": 0,
        "var": 0.00326596340165
    },
    "barkbands": {
        "dmean": [0.000572602439206, 0.00681179901585, 0.00275355856866, 0.00232683960348, 0.00282666552812, 0.000216939646634, 0.000325870234519, 0.000310405623168, 0.000444824603619, 0.000559473643079, 0.000559671258088, 0.000332190800691, 0.000196473236429, 0.000220474612433, 0.000137997776619, 0.000178259637323, 0.000156602123752, 0.000243760296144, 0.000308509974275, 0.000245128583629, 0.000281813787296, 0.000280218373518, 0.000235414452618, 0.00020598739502, 0.000153811197379, 6.68678694637e-05, 1.56339101522e-05],
        "dmean2": [0.000879238010384, 0.0106066893786, 0.00446839211509, 0.00396307045594, 0.00435523455963, 0.000355026830221, 0.000496468797792, 0.00048414117191, 0.000695516471751, 0.000886665191501, 0.000946918211412, 0.000548219366465, 0.000322652311297, 0.00036841063411, 0.000231605343288, 0.000300823594444, 0.000259717518929, 0.000417184986873, 0.000518832879607, 0.000411538698245, 0.000478741654661, 0.00046547272359, 0.000400254706619, 0.000349657551851, 0.000253839883953, 0.000104456703411, 2.60244050878e-05],
        "dvar": [9.89480440694e-07, 0.000248165772064, 3.75593372155e-05, 5.60158805456e-05, 0.000109099499241, 4.05070352372e-07, 5.27713723386e-07, 6.18702017618e-07, 1.27465750666e-06, 1.19235721741e-06, 2.02566184271e-06, 5.79513596222e-07, 1.85538610253e-07, 2.01233206099e-07, 9.07041126652e-08, 1.17028577051e-07, 6.74853382066e-08, 1.48190565596e-07, 2.26570207928e-07, 1.41912337881e-07, 2.26246143598e-07, 1.95011224946e-07, 1.60838951047e-07, 1.86243838129e-07, 1.54139343067e-07, 3.05044665083e-08, 2.07720618484e-09],
        "dvar2": [2.3488385068e-06, 0.000524821167346, 9.97219103738e-05, 0.000154778186698, 0.000221609021537, 1.0566606079e-06, 1.16515639093e-06, 1.47498008118e-06, 3.12921588375e-06, 2.79266077996e-06, 5.79282504987e-06, 1.59631076713e-06, 4.56856383835e-07, 5.39145901257e-07, 2.30675993862e-07, 3.31374025109e-07, 1.69619355006e-07, 4.09987706007e-07, 6.01049748639e-07, 3.85291428984e-07, 5.88901741594e-07, 5.19745128713e-07, 4.35224734474e-07, 5.00334465414e-07, 4.09879788776e-07, 7.31987341851e-08, 5.85381076945e-09],
        "max": [0.0123276608065, 0.172675788403, 0.0774047151208, 0.109637394547, 0.121094971895, 0.0114318700507, 0.0205595083535, 0.0194001439959, 0.0293487533927, 0.0286080874503, 0.0260903798044, 0.0237980559468, 0.00728328479454, 0.0107772629708, 0.00825133454055, 0.00725125195459, 0.00778385298327, 0.0057765180245, 0.00866870302707, 0.00615640217438, 0.00816292781383, 0.0061518503353, 0.00502336956561, 0.00506549701095, 0.0101526118815, 0.00254276976921, 0.000653660332318],
        "mean": [0.00131457764655, 0.0131433717906, 0.00425208453089, 0.00246633542702, 0.00279652653262, 0.000347335269907, 0.000631042872556, 0.000539518310688, 0.000731663662009, 0.000968935550191, 0.000819300359581, 0.000541471876204, 0.000312051415676, 0.000350029149558, 0.000221219626837, 0.000303687615087, 0.000301042804495, 0.000479207403259, 0.00067924457835, 0.000581219966989, 0.000648875080515, 0.0006876810221, 0.000576047867071, 0.000478630536236, 0.000314771517878, 0.000125562117319, 1.90590435523e-05],
        "median": [0.000389956054278, 0.00526635767892, 0.00139273284003, 0.000572387012653, 0.000339721387718, 7.08715379005e-05, 0.000129867956275, 0.000123916252051, 0.000172646192368, 0.000268025498372, 0.00022077425092, 0.000188372039702, 0.000108429630927, 0.000127496939967, 9.1232417617e-05, 0.000153998204041, 0.000174224885995, 0.000298750004731, 0.000455590197816, 0.000427093385952, 0.000479921640363, 0.000507677788846, 0.000426196347689, 0.000339732476277, 0.000186542063602, 4.19397656515e-05, 1.59564308433e-06],
        "min": [1.73436560485e-23, 1.66679162193e-23, 1.95906427177e-23, 1.47227792868e-23, 5.22203263171e-23, 6.61441062584e-23, 2.84523322069e-23, 3.27273840225e-23, 6.44898081422e-23, 5.77392287645e-23, 2.91855500193e-23, 7.00892185781e-23, 9.56158297706e-23, 1.65875953486e-22, 1.13976491609e-22, 7.06016310677e-23, 2.07244765989e-22, 2.78607471125e-22, 2.4198758865e-22, 3.86229429396e-22, 3.60737736343e-22, 7.29126994326e-22, 5.98624005592e-22, 1.18640883515e-21, 1.18463613217e-21, 1.69842797977e-21, 2.54064607347e-21],
        "var": [3.26422787111e-06, 0.000488745747134, 5.52005185455e-05, 4.36178634118e-05, 0.000129254505737, 8.07547280601e-07, 2.19945718527e-06, 1.84025645922e-06, 3.29234717356e-06, 3.12202951136e-06, 3.23874564856e-06, 1.16228284242e-06, 3.58893572638e-07, 3.51978570734e-07, 1.73259408598e-07, 2.04748118904e-07, 1.77280469416e-07, 3.17462962585e-07, 5.4573001762e-07, 3.63047888641e-07, 4.5529824888e-07, 4.90229865591e-07, 3.45347075381e-07, 3.05464737949e-07, 2.1959245089e-07, 6.06142194215e-08, 2.27616903103e-09]
    },
    "erbbands": {
        "dmean": [0.227876499295, 1.57933974266, 3.13067770004, 5.71956157684, 11.7178430557, 7.73561668396, 2.32669639587, 1.91539001465, 4.43368148804, 5.33606529236, 6.02358818054, 11.1605148315, 16.0351467133, 16.6634140015, 21.0972251892, 10.7535533905, 8.92493629456, 9.60481643677, 8.58190155029, 7.77935028076, 8.03090572357, 8.85328102112, 13.4622545242, 15.1573429108, 14.089673996, 11.3548021317, 11.1478977203, 11.1562423706, 10.5285835266, 8.94582939148, 6.48196363449, 4.81087827682, 3.37105965614, 1.90243840218, 1.05432319641, 0.353527039289, 0.119677498937, 0.0282264985144, 0.00262217107229, 4.54985929537e-05],
        "dmean2": [0.314740985632, 2.48198390007, 5.05295324326, 9.36133480072, 18.4318580627, 12.5229415894, 4.09204483032, 3.01871919632, 7.05358982086, 7.96489334106, 9.28373146057, 17.2963752747, 25.2416191101, 27.5484390259, 35.5797386169, 17.5426807404, 14.4835643768, 16.1954441071, 14.1759529114, 13.0230646133, 13.471862793, 14.7192993164, 23.0730514526, 25.4044265747, 23.93658638, 19.0860919952, 18.7814350128, 18.8693161011, 17.720741272, 15.1256275177, 10.9281206131, 8.07872009277, 5.75977420807, 3.21907734871, 1.70364820957, 0.566060483456, 0.186499029398, 0.0445506758988, 0.00443157274276, 7.49273167457e-05],
        "dvar": [0.185525879264, 17.9389839172, 57.9069786072, 224.74067688, 1653.54016113, 913.140808105, 106.413803101, 24.365655899, 125.416954041, 162.952941895, 182.992340088, 928.677978516, 1021.59661865, 1622.99230957, 3115.4128418, 423.989074707, 350.274688721, 437.913604736, 244.743408203, 182.753067017, 235.537445068, 227.632217407, 491.806640625, 590.960388184, 486.407684326, 325.55255127, 342.106109619, 360.900665283, 273.849609375, 215.290252686, 123.821777344, 78.3360900879, 54.0242729187, 22.3346481323, 7.60369825363, 0.784951448441, 0.111080668867, 0.00586706632748, 6.44698448014e-05, 1.31796769054e-08],
        "dvar2": [0.326708078384, 39.1597518921, 146.773880005, 597.167297363, 3633.83544922, 2303.17382812, 307.512390137, 58.5395431519, 305.227783203, 357.543579102, 408.324798584, 2269.87133789, 2468.64257812, 4671.13134766, 8766.66113281, 1095.79406738, 859.073059082, 1205.73913574, 633.109436035, 480.62411499, 677.397888184, 574.50012207, 1373.97680664, 1606.97241211, 1285.24499512, 862.23815918, 904.655883789, 942.520996094, 733.896850586, 585.299377441, 326.756835938, 208.702301025, 148.092987061, 60.5671844482, 19.8116931915, 2.04005074501, 0.252721577883, 0.0154453590512, 0.000184792515938, 3.75692614796e-08],
        "max": [5.33687639236, 45.1810722351, 102.619087219, 238.620697021, 484.352081299, 461.117828369, 157.117828369, 129.044830322, 369.621612549, 327.92666626, 377.539733887, 828.258850098, 716.473693848, 696.259643555, 1364.0925293, 542.027526855, 333.624328613, 574.097045898, 297.421722412, 293.130065918, 494.391418457, 423.569488525, 324.016601562, 484.805389404, 377.996459961, 313.165527344, 321.998840332, 300.6690979, 228.220626831, 211.825927734, 182.266662598, 93.1639633179, 81.9771194458, 114.329734802, 74.8500518799, 18.5426063538, 4.29315280914, 1.26644361019, 0.124962694943, 0.00179872522131],
        "mean": [0.491598904133, 2.47423815727, 4.75220823288, 7.65507173538, 11.2179508209, 7.07651901245, 2.37087392807, 3.56977295876, 8.51296043396, 10.3874378204, 10.7075471878, 18.5740261078, 28.5692234039, 26.9417896271, 33.2055473328, 19.4139957428, 15.5840501785, 15.8179264069, 14.9299316406, 14.2272291183, 15.3182373047, 18.4600009918, 26.9415302277, 32.3868255615, 30.9594802856, 27.2380657196, 26.3465919495, 25.6202812195, 25.2421531677, 20.4979667664, 15.9583530426, 11.1970567703, 7.33873128891, 4.02832221985, 1.97610962391, 0.681024909019, 0.205787688494, 0.0433557741344, 0.00314447353594, 0.000100920777186],
        "median": [0.210446432233, 0.886459589005, 1.8163151741, 2.48274612427, 1.56820702553, 0.987949311733, 0.591204106808, 0.717610478401, 1.65564954281, 2.66491341591, 3.06727385521, 4.48232650757, 9.01250457764, 9.75018501282, 10.1908302307, 8.03476715088, 6.20946598053, 6.83638811111, 7.03830337524, 7.50825357437, 8.64737701416, 11.4847841263, 16.662940979, 20.1010894775, 21.571105957, 20.298576355, 19.8820800781, 18.380399704, 18.4573440552, 15.2189788818, 11.7420196533, 8.09017372131, 5.09548902512, 2.56165075302, 1.03056919575, 0.285161435604, 0.0588771887124, 0.00756588205695, 0.000269964250037, 6.23391679255e-05],
        "min": [7.88563889624e-22, 3.00580369963e-21, 1.96698751371e-20, 3.32130205787e-20, 8.34124664548e-20, 1.21353211975e-19, 7.91249075816e-19, 2.87115657237e-19, 3.12541121316e-19, 4.71648097219e-19, 1.11205096557e-18, 1.10884191838e-18, 1.91508917457e-18, 1.60514284129e-18, 1.84047334741e-18, 2.96654657533e-18, 4.12165818544e-18, 1.06063414247e-17, 2.80752544526e-18, 8.56221931243e-18, 5.08686298218e-18, 1.16188592981e-17, 1.44226268619e-17, 1.11002906732e-17, 1.39375979292e-17, 1.65827693269e-17, 1.50958195316e-17, 1.77015526121e-17, 2.0185701723e-17, 2.87447843666e-17, 1.56693419006e-17, 1.98365140449e-17, 2.13400686638e-17, 1.36369988402e-17, 8.38597938394e-18, 5.8077306201e-18, 3.34809521339e-18, 1.20987954866e-18, 3.56792001214e-19, 4.17963377531e-20],
        "var": [0.541036784649, 26.1957607269, 68.9600372314, 265.155578613, 1713.8581543, 799.721374512, 68.3159408569, 86.4990158081, 488.436523438, 587.661132812, 547.240356445, 2358.78930664, 2681.73120117, 2581.10498047, 5726.78271484, 993.534240723, 719.904724121, 694.348815918, 451.180206299, 370.491638184, 454.038146973, 578.986572266, 1045.04040527, 1479.71398926, 1099.12353516, 798.647216797, 736.838439941, 747.305358887, 674.684814453, 435.384246826, 286.393249512, 155.291320801, 78.431854248, 31.3189315796, 10.7717599869, 1.41868340969, 0.202132061124, 0.00931600574404, 6.56440097373e-05, 1.88588931138e-08]
    },
    "gfcc": {
        "mean": [-1.03322052956, 49.2940826416, -109.421394348, 52.9438896179, -53.0627212524, 32.3061447144, -17.3011054993, 18.8423614502, -21.7436962128, -0.853611648083, -16.6907806396, 0.423823088408, -11.4288597107],
        "cov": [[18922.1132812, -4360.85498047, 502.531433105, 499.911621094, -1965.88769531, 706.234741211, -1157.09851074, 946.484619141, -592.560668945, 845.211486816, -398.081970215, 213.653884888, -1195.36401367], [-4360.85498047, 3084.55517578, -60.2868728638, 94.1243743896, 684.677246094, -315.416748047, 516.99041748, -307.311676025, 479.362701416, -289.993255615, 325.960601807, -153.313598633, 340.796447754], [502.531433105, -60.2868728638, 1372.40759277, 391.117614746, 157.90852356, 21.0094718933, -79.6240310669, 10.1738615036, -98.0240707397, 15.2782354355, -113.162582397, -63.0623626709, -138.067672729], [499.911621094, 94.1243743896, 391.117614746, 578.798522949, 87.5793228149, 123.86315155, -6.79224920273, 29.3147983551, -21.3672351837, -22.5131263733, -13.3925466537, -70.5800094604, -52.6052932739], [-1965.88769531, 684.677246094, 157.90852356, 87.5793228149, 547.061706543, 25.8285636902, 237.544723511, -85.4318008423, 95.0995864868, -102.387176514, 47.1153068542, -31.7910308838, 111.577629089], [706.234741211, -315.416748047, 21.0094718933, 123.86315155, 25.8285636902, 310.523345947, 56.9144897461, 150.832168579, -26.6773910522, 73.6509399414, -31.3109912872, 12.2848539352, -40.3543243408], [-1157.09851074, 516.99041748, -79.6240310669, -6.79224920273, 237.544723511, 56.9144897461, 309.856140137, 44.5544891357, 157.149124146, -21.7255363464, 77.9479217529, -24.1132698059, 75.867225647], [946.484619141, -307.311676025, 10.1738615036, 29.3147983551, -85.4318008423, 150.832168579, 44.5544891357, 247.019363403, 51.5401535034, 125.453552246, 1.79966890812, 27.12849617, -71.96509552], [-592.560668945, 479.362701416, -98.0240707397, -21.3672351837, 95.0995864868, -26.6773910522, 157.149124146, 51.5401535034, 235.327865601, 54.0831375122, 122.993225098, -3.65314626694, 53.1004219055], [845.211486816, -289.993255615, 15.2782354355, -22.5131263733, -102.387176514, 73.6509399414, -21.7255363464, 125.453552246, 54.0831375122, 195.274154663, 43.6291885376, 60.5990219116, -41.8987197876], [-398.081970215, 325.960601807, -113.162582397, -13.3925466537, 47.1153068542, -31.3109912872, 77.9479217529, 1.79966890812, 122.993225098, 43.6291885376, 154.535797119, 42.8250465393, 58.9569702148], [213.653884888, -153.313598633, -63.0623626709, -70.5800094604, -31.7910308838, 12.2848539352, -24.1132698059, 27.12849617, -3.65314626694, 60.5990219116, 42.8250465393, 106.513496399, 34.5906066895], [-1195.36401367, 340.796447754, -138.067672729, -52.6052932739, 111.577629089, -40.3543243408, 75.867225647, -71.96509552, 53.1004219055, -41.8987197876, 58.9569702148, 34.5906066895, 172.992874146]],
        "icov": [[0.000196295964997, -6.76918643876e-05, 4.1976411012e-05, -0.000178512607818, 0.000394676724682, -0.0002424082777, 0.000236172723817, -9.90929474938e-05, -2.25028793466e-06, -0.000214699641219, 0.000235323313973, -0.000661967846099, 0.00101390655618], [-6.76918643876e-05, 0.00130936747883, -0.000216819680645, -3.94092458009e-05, -0.000458455993794, 0.000474008906167, -0.000567566836253, 0.000658033590298, -0.00160240137484, 0.00141031807289, -0.00168500270229, 0.00159280921798, -0.00121410249267], [4.1976411012e-05, -0.000216819680645, 0.00126857811119, -0.000848588882945, -0.00066305231303, 0.000683156540617, 0.000238113992964, -0.000247789022978, 0.000631342292763, -0.00118233182002, 0.00121114612557, -0.000503721879795, 0.00105892540887], [-0.000178512607818, -3.94092458009e-05, -0.000848588882945, 0.00314165744931, -0.000514872197527, -0.00152141437866, 0.000992245157249, -0.000349018868292, 0.000211757258512, 0.00110399350524, -0.00222666747868, 0.00284391897731, -0.00108836381696], [0.000394676724682, -0.000458455993794, -0.00066305231303, -0.000514872197527, 0.0051444452256, -0.00180982553866, -0.00231575081125, 0.00188553449698, -0.000761963776313, 0.000649533467367, 0.0012979778694, -0.00285828439519, 0.00152465584688], [-0.0002424082777, 0.000474008906167, 0.000683156540617, -0.00152141437866, -0.00180982553866, 0.0076175481081, -0.00242853211239, -0.00341412238777, 0.00315980613232, -0.00213611195795, 0.000578142993618, 0.00115893047769, -0.00185322633479], [0.000236172723817, -0.000567566836253, 0.000238113992964, 0.000992245157249, -0.00231575081125, -0.00242853211239, 0.00996608193964, -0.00330742145889, -0.00307864928618, 0.00174691050779, -0.00114128889982, 0.0016003549099, -0.000140600081068], [-9.90929474938e-05, 0.000658033590298, -0.000247789022978, -0.000349018868292, 0.00188553449698, -0.00341412238777, -0.00330742145889, 0.0117468098179, -0.00477913068607, -0.00198812200688, 0.00254776072688, -0.00296633364633, 0.00274994387291], [-2.25028793466e-06, -0.00160240137484, 0.000631342292763, 0.000211757258512, -0.000761963776313, 0.00315980613232, -0.00307864928618, -0.00477913068607, 0.0164937544614, -0.00638780882582, -0.00590848410502, 0.00514643965289, -0.00132525863592], [-0.000214699641219, 0.00141031807289, -0.00118233182002, 0.00110399350524, 0.000649533467367, -0.00213611195795, 0.00174691050779, -0.00198812200688, -0.00638780882582, 0.0146531937644, -0.00401600869372, -0.00314829102717, 0.000127713210532], [0.000235323313973, -0.00168500270229, 0.00121114612557, -0.00222666747868, 0.0012979778694, 0.000578142993618, -0.00114128889982, 0.00254776072688, -0.00590848410502, -0.00401600869372, 0.0194838847965, -0.0107899717987, 0.00245134602301], [-0.000661967846099, 0.00159280921798, -0.000503721879795, 0.00284391897731, -0.00285828439519, 0.00115893047769, 0.0016003549099, -0.00296633364633, 0.00514643965289, -0.00314829102717, -0.0107899717987, 0.0244849380106, -0.0106319384649], [0.00101390655618, -0.00121410249267, 0.00105892540887, -0.00108836381696, 0.00152465584688, -0.00185322633479, -0.000140600081068, 0.00274994387291, -0.00132525863592, 0.000127713210532, 0.00245134602301, -0.0106319384649, 0.0172106903046]]
    },
    "melbands": {
        "dmean": [0.00184473826084, 0.00176762149204, 0.00113088544458, 0.000756601977628, 0.000111399836896, 4.59604088974e-05, 6.51460577501e-05, 6.29345668131e-05, 4.77707108075e-05, 7.33962006052e-05, 8.37050392875e-05, 7.0531052188e-05, 6.9352092396e-05, 4.2748015403e-05, 2.38503816945e-05, 2.15364743781e-05, 1.92645802599e-05, 1.59421142598e-05, 1.13373325803e-05, 1.42505869007e-05, 8.79906292539e-06, 1.0070022654e-05, 1.15578122859e-05, 1.20147806228e-05, 1.38703762786e-05, 1.22202163766e-05, 9.53841299633e-06, 8.34349793877e-06, 7.25421978132e-06, 7.58778287491e-06, 7.06216314939e-06, 6.78127662468e-06, 5.99854138272e-06, 5.21240644957e-06, 4.02402019972e-06, 3.62689979738e-06, 3.12759857479e-06, 2.74857711702e-06, 2.01615421247e-06, 1.57234728704e-06],
        "dmean2": [0.0028012515977, 0.00281182653271, 0.00182505999692, 0.00117159506772, 0.000202841139981, 7.32830958441e-05, 0.000102343095932, 9.50849425863e-05, 7.34891727916e-05, 0.000114739050332, 0.000132009692607, 0.000115691014798, 0.00011761510541, 7.02644319972e-05, 3.85953462683e-05, 3.52572096745e-05, 3.2606505556e-05, 2.64684404101e-05, 1.89532238437e-05, 2.40739809669e-05, 1.48206063386e-05, 1.69058130268e-05, 1.95541342691e-05, 2.06518943742e-05, 2.33859809669e-05, 2.08737928915e-05, 1.61985990417e-05, 1.40773418025e-05, 1.21776702144e-05, 1.30708394863e-05, 1.19351479952e-05, 1.14627309813e-05, 1.01205359897e-05, 8.91186482477e-06, 6.77805019222e-06, 6.23450341664e-06, 5.2502091421e-06, 4.75425258628e-06, 3.42986459145e-06, 2.66341407951e-06],
        "dvar": [1.44759605973e-05, 2.06760087167e-05, 8.55155667523e-06, 7.39043662179e-06, 2.71513101779e-07, 1.34789122086e-08, 2.39735236107e-08, 2.39736159813e-08, 1.08790558784e-08, 4.14456344799e-08, 2.80150409537e-08, 2.53403857897e-08, 2.91173432032e-08, 1.21410899112e-08, 2.37875941167e-09, 3.00430924582e-09, 1.97427607596e-09, 9.77840031169e-10, 8.35325086879e-10, 8.07231781419e-10, 3.21117438196e-10, 3.23125276536e-10, 3.41619177391e-10, 3.93354571138e-10, 5.09419728623e-10, 4.6352433003e-10, 2.10369985321e-10, 1.76580805533e-10, 1.46090792241e-10, 1.75259876056e-10, 1.51268456094e-10, 1.08335167226e-10, 9.44419056848e-11, 7.50233139502e-11, 4.66273755717e-11, 3.65470431696e-11, 3.50039407182e-11, 3.76892371479e-11, 1.74483726079e-11, 1.51898355005e-11],
        "dvar2": [2.74254743999e-05, 4.88883524667e-05, 2.2125963369e-05, 1.56113055709e-05, 7.96630274635e-07, 3.39676375916e-08, 5.73433567297e-08, 5.57535138057e-08, 2.39575577154e-08, 1.03168865451e-07, 6.7372567969e-08, 7.11822423227e-08, 8.29704802641e-08, 3.34016121428e-08, 5.65789282092e-09, 7.30819804673e-09, 5.43517231222e-09, 2.52892196073e-09, 2.09636330517e-09, 2.2469881511e-09, 9.21721310387e-10, 8.31924695799e-10, 9.29174237552e-10, 1.06400377398e-09, 1.39536604493e-09, 1.22172783001e-09, 5.77599079676e-10, 4.72189343181e-10, 3.8173969541e-10, 4.80350426102e-10, 3.86954940312e-10, 2.94163055026e-10, 2.57890653277e-10, 2.05468406178e-10, 1.20752588484e-10, 1.0298518982e-10, 9.24997717311e-11, 1.04318227667e-10, 4.7704364764e-11, 4.11719235094e-11],
        "max": [0.0442859306931, 0.0544934906065, 0.0392750501633, 0.0311332065612, 0.00735346227884, 0.00253850710578, 0.00472677173093, 0.00392997963354, 0.00289009325206, 0.00564284110442, 0.00385929457843, 0.00260641612113, 0.00376938539557, 0.00363255571574, 0.00112168129999, 0.000989491352811, 0.001312836539, 0.00068130827276, 0.000870028394274, 0.000629192683846, 0.000635644653812, 0.000453930726508, 0.000393969734432, 0.000403678684961, 0.000433764915215, 0.000414557143813, 0.000207086850423, 0.000228786127991, 0.000214877407416, 0.000234036444454, 0.000188130346942, 0.000142987031722, 0.000133834750159, 0.00011378806812, 0.00012246274855, 6.73738177284e-05, 6.43220482743e-05, 7.51832849346e-05, 7.82273491495e-05, 9.48335218709e-05],
        "mean": [0.00399215659127, 0.00282264593989, 0.00142228091136, 0.000737511378247, 0.000100957695395, 8.34562597447e-05, 0.000125760139781, 0.000119522002933, 8.31384459161e-05, 0.000118878480862, 0.000145813595736, 0.000112097419333, 0.000104603372165, 7.12431356078e-05, 4.02191108151e-05, 3.30360453518e-05, 3.0014958611e-05, 2.58556774497e-05, 1.82216917892e-05, 2.30974092119e-05, 1.57662398124e-05, 1.83164647751e-05, 2.24472823902e-05, 2.2639227609e-05, 2.69385091087e-05, 2.40403969656e-05, 1.98000252567e-05, 1.79135331564e-05, 1.63707754837e-05, 1.52025513671e-05, 1.48365652421e-05, 1.4718750208e-05, 1.26112308863e-05, 1.08875601654e-05, 9.33963838179e-06, 7.92693026597e-06, 6.50151559967e-06, 5.35273784408e-06, 4.2068500079e-06, 3.10989139507e-06],
        "median": [0.00175211555324, 0.00128609826788, 0.000452608364867, 9.24669293454e-05, 2.27901546168e-05, 1.63807180797e-05, 2.51065430348e-05, 2.77277704299e-05, 2.33252303588e-05, 2.61793102254e-05, 4.25333309977e-05, 3.50792324753e-05, 3.26421104546e-05, 2.37219956034e-05, 1.48044264279e-05, 9.2096724984e-06, 1.15663115139e-05, 1.10640830826e-05, 7.11004395271e-06, 1.04135124275e-05, 8.64744379214e-06, 9.94097808871e-06, 1.36847074828e-05, 1.38038403747e-05, 1.53875116666e-05, 1.55159705173e-05, 1.34041001729e-05, 1.23850622913e-05, 1.16958681247e-05, 1.10002565634e-05, 9.8957289083e-06, 1.02694402813e-05, 8.70415169629e-06, 7.80046957516e-06, 6.82764084559e-06, 5.53721929464e-06, 4.51946471003e-06, 3.59857403964e-06, 2.8002837098e-06, 1.87316277334e-06],
        "min": [6.22994459087e-24, 7.87513057478e-24, 8.13207992655e-24, 4.90490084482e-24, 2.2269369805e-23, 7.91755630313e-24, 5.09297001779e-24, 4.52480005056e-24, 1.04654302989e-23, 7.38889327888e-24, 9.61991340343e-24, 6.53983913115e-24, 4.89828230183e-24, 7.41377079639e-24, 7.13232573579e-24, 1.03663580466e-23, 2.19482008646e-23, 2.97296214692e-24, 8.86966408407e-24, 9.62592689011e-24, 5.67129380817e-24, 1.07988226389e-23, 1.68373966739e-23, 1.09336500117e-23, 8.52550931468e-24, 9.99937600922e-24, 9.40640425513e-24, 1.20037461405e-23, 1.02854437947e-23, 8.81852223159e-24, 1.07656794369e-23, 1.00194193871e-23, 1.70394633948e-23, 1.53453199143e-23, 8.21901082059e-24, 1.07212444798e-23, 1.20590650115e-23, 1.64918535093e-23, 1.12400648865e-23, 1.15823689882e-23],
        "var": [3.72988615709e-05, 2.54068745562e-05, 8.71054180607e-06, 8.33045760373e-06, 1.54307087996e-07, 4.20168646542e-08, 9.39845463677e-08, 8.25988308861e-08, 3.43034223249e-08, 1.01413853315e-07, 7.27675057988e-08, 4.39052243451e-08, 4.89769824696e-08, 2.5831440098e-08, 5.69489921887e-09, 5.71903813196e-09, 3.15639070436e-09, 1.70788072573e-09, 1.62950564153e-09, 1.29884036859e-09, 5.78160186393e-10, 6.89486412409e-10, 8.17350409577e-10, 7.29904969798e-10, 1.17539833422e-09, 8.26229862305e-10, 5.10290587563e-10, 4.01883776258e-10, 3.27971844127e-10, 2.76775491415e-10, 3.07339265149e-10, 2.49075537972e-10, 1.99355768005e-10, 1.29299210228e-10, 1.03881986346e-10, 7.6873805932e-11, 5.87931925367e-11, 4.70193398106e-11, 2.88956098632e-11, 2.07150685494e-11]
    },
    "mfcc": {
        "mean": [-637.979431152, 69.2568130493, 11.5799856186, 26.8909492493, 2.99827361107, 15.0170450211, 16.0938339233, 20.1365642548, 9.10466861725, 7.0216460228, 1.66461706161, 1.71955728531, -0.101573370397],
        "cov": [[13660.953125, -2470.21777344, 88.8109970093, -176.179107666, -613.234985352, -146.869506836, -266.524108887, -78.3051986694, -274.52243042, 196.441101074, 443.292266846, -56.4935836792, -141.808166504], [-2470.21777344, 2111.38696289, 0.0371380858123, 232.848312378, 222.262756348, 33.7031517029, 71.1162643433, 44.780002594, 137.068756104, 36.4626731873, 17.6664409637, 130.924942017, 9.48723506927], [88.8109970093, 0.0371380858123, 787.630493164, 340.331359863, 189.684234619, 88.4692230225, 41.5217895508, -6.82119083405, -13.5909633636, 15.2518749237, 25.2911128998, -32.3227882385, -72.056602478], [-176.179107666, 232.848312378, 340.331359863, 461.2472229, 214.120727539, 115.731681824, 65.5716705322, 36.7649421692, 7.95153951645, 23.7771072388, 23.2455692291, 0.476584941149, -39.7364959717], [-613.234985352, 222.262756348, 189.684234619, 214.120727539, 271.626525879, 131.653823853, 89.4363021851, 46.8671646118, 23.8816604614, 0.606298863888, -8.82317829132, -7.82235479355, -6.9506816864], [-146.869506836, 33.7031517029, 88.4692230225, 115.731681824, 131.653823853, 183.665618896, 104.894111633, 61.0113296509, 42.6610069275, 24.0787811279, -2.39624023438, 6.0954580307, 10.4709911346], [-266.524108887, 71.1162643433, 41.5217895508, 65.5716705322, 89.4363021851, 104.894111633, 159.799942017, 97.9261169434, 64.8238601685, 39.749206543, 8.90975952148, 18.0742683411, 13.2519855499], [-78.3051986694, 44.780002594, -6.82119083405, 36.7649421692, 46.8671646118, 61.0113296509, 97.9261169434, 139.801956177, 75.8314056396, 49.7018737793, 28.0728034973, 23.4845104218, 22.9817142487], [-274.52243042, 137.068756104, -13.5909633636, 7.95153951645, 23.8816604614, 42.6610069275, 64.8238601685, 75.8314056396, 126.998634338, 65.3396530151, 34.3358573914, 40.8655052185, 16.4709148407], [196.441101074, 36.4626731873, 15.2518749237, 23.7771072388, 0.606298863888, 24.0787811279, 39.749206543, 49.7018737793, 65.3396530151, 129.667404175, 97.1435623169, 46.897567749, 6.18523931503], [443.292266846, 17.6664409637, 25.2911128998, 23.2455692291, -8.82317829132, -2.39624023438, 8.90975952148, 28.0728034973, 34.3358573914, 97.1435623169, 165.959838867, 76.8283157349, 1.86299836636], [-56.4935836792, 130.924942017, -32.3227882385, 0.476584941149, -7.82235479355, 6.0954580307, 18.0742683411, 23.4845104218, 40.8655052185, 46.897567749, 76.8283157349, 127.391990662, 66.3539276123], [-141.808166504, 9.48723506927, -72.056602478, -39.7364959717, -6.9506816864, 10.4709911346, 13.2519855499, 22.9817142487, 16.4709148407, 6.18523931503, 1.86299836636, 66.3539276123, 146.345092773]],
