{
"lowlevel": {
    "average_loudness": 0.854107916355,
    "barkbands_crest": {
        "dmean": 2.73354649544,
        "dmean2": 4.2949347496,
        "dvar": 8.20643234253,
        "dvar2": 20.0063247681,
        "max": 26.4700183868,
        "mean": 17.4071407318,
        "median": 18.3057250977,
        "min": 2.16825509071,
        "var": 24.834695816
    },
    "barkbands_flatness_db": {
        "dmean": 0.0305504947901,
        "dmean2": 0.0481078140438,
        "dvar": 0.00101283751428,
        "dvar2": 0.00245858170092,
        "max": 0.69262689352,
        "mean": 0.210333153605,
        "median": 0.192223355174,
        "min": 0.0274618603289,
        "var": 0.00879701133817
    },
    "barkbands_kurtosis": {
        "dmean": 11.7040729523,
        "dmean2": 18.9647254944,
        "dvar": 1226.63952637,
        "dvar2": 3327.59375,
        "max": 1445.02893066,
        "mean": 20.6614971161,
        "median": 10.4994382858,
        "min": -1.9296143055,
        "var": 2020.05114746
    },
    "barkbands_skewness": {
        "dmean": 1.05818915367,
        "dmean2": 1.67768323421,
        "dvar": 1.57754921913,
        "dvar2": 4.05422115326,
        "max": 33.2695159912,
        "mean": 3.51907229424,
        "median": 3.33183264732,
        "min": -3.96880054474,
        "var": 5.96566200256
    },
    "barkbands_spread": {
        "dmean": 9.09834289551,
        "dmean2": 15.0184555054,
        "dvar": 175.48109436,
        "dvar2": 454.247894287,
        "max": 117.284866333,
        "mean": 21.0236206055,
        "median": 16.7129764557,
        "min": 0.073061786592,
        "var": 317.987182617
    },
    "dissonance": {
        "dmean": 0.0083883702755,
        "dmean2": 0.0143977347761,
        "dvar": 0.000146868726006,
        "dvar2": 0.000425444799475,
        "max": 0.500000119209,
        "mean": 0.483747422695,
        "median": 0.489613294601,
        "min": 0.257828354836,
        "var": 0.000478897651192
    },
    "dynamic_complexity": 4.91231822968,
    "erbbands_crest": {
        "dmean": 2.05194234848,
        "dmean2": 3.40874004364,
        "dvar": 5.04119682312,
        "dvar2": 12.776473999,
        "max": 33.3549385071,
        "mean": 7.64946699142,
        "median": 6.08771562576,
        "min": 2.15113663673,
        "var": 22.3886108398
    },
    "erbbands_flatness_db": {
        "dmean": 0.0125594045967,
        "dmean2": 0.0196305289865,
        "dvar": 0.000169752762304,
        "dvar2": 0.000424932775786,
        "max": 0.463016450405,
        "mean": 0.143583759665,
        "median": 0.120138995349,
        "min": 0.0504463799298,
        "var": 0.00444001657888
    },
    "erbbands_kurtosis": {
        "dmean": 1.19138157368,
        "dmean2": 1.89151930809,
        "dvar": 6.60707950592,
        "dvar2": 18.3383483887,
        "max": 130.984115601,
        "mean": 1.62738263607,
        "median": 0.746000289917,
        "min": -1.81266987324,
        "var": 25.1900024414
    },
    "erbbands_skewness": {
        "dmean": 0.344079375267,
        "dmean2": 0.541702091694,
        "dvar": 0.130043238401,
        "dvar2": 0.311385154724,
        "max": 6.83326148987,
        "mean": -0.532229423523,
        "median": -0.787140965462,
        "min": -3.35023117065,
        "var": 1.16511619091
    },
    "erbbands_spread": {
        "dmean": 12.0033226013,
        "dmean2": 18.8980846405,
        "dvar": 254.703857422,
        "dvar2": 541.399902344,
        "max": 168.409225464,
        "mean": 49.5997505188,
        "median": 45.2829437256,
        "min": 0.638623893261,
        "var": 688.643188477
    },
    "hfc": {
        "dmean": 14.7178735733,
        "dmean2": 25.1777706146,
        "dvar": 1216.3425293,
        "dvar2": 3376.31665039,
        "max": 342.455596924,
        "mean": 38.8964195251,
        "median": 31.2196750641,
        "min": 1.09070222391e-16,
        "var": 1734.80102539
    },
    "melbands_crest": {
        "dmean": 3.28554368019,
        "dmean2": 5.26622438431,
        "dvar": 13.4881391525,
        "dvar2": 34.6131362915,
        "max": 39.2503509521,
        "mean": 26.8367023468,
        "median": 27.7992305756,
        "min": 1.5465285778,
        "var": 59.0849342346
    },
    "melbands_flatness_db": {
        "dmean": 0.0351901724935,
        "dmean2": 0.0558512508869,
        "dvar": 0.00148046168033,
        "dvar2": 0.00368187227286,
        "max": 0.849889457226,
        "mean": 0.286906808615,
        "median": 0.27287787199,
        "min": 0.00152554747183,
        "var": 0.0132561130449
    },
    "melbands_kurtosis": {
        "dmean": 36.4588928223,
        "dmean2": 58.3680763245,
        "dvar": 2999.66015625,
        "dvar2": 7669.93310547,
        "max": 904.326843262,
        "mean": 75.8039398193,
        "median": 52.496799469,
        "min": -1.68346762657,
        "var": 7207.30761719
    },
    "melbands_skewness": {
        "dmean": 1.76302778721,
        "dmean2": 2.78840374947,
        "dvar": 3.79927325249,
        "dvar2": 9.49691009521,
        "max": 25.9792556763,
        "mean": 6.89600563049,
        "median": 6.75004577637,
        "min": -4.98905181885,
        "var": 14.5055837631
    },
    "melbands_spread": {
        "dmean": 7.29493093491,
        "dmean2": 12.2130451202,
        "dvar": 161.030059814,
        "dvar2": 409.01159668,
        "max": 225.646621704,
        "mean": 15.0398178101,
        "median": 8.61902046204,
        "min": 0.21713604033,
        "var": 438.439208984
    },
    "pitch_salience": {
        "dmean": 0.0833935663104,
        "dmean2": 0.134203523397,
        "dvar": 0.00946792587638,
        "dvar2": 0.0238703954965,
        "max": 0.990999102592,
        "mean": 0.292973041534,
        "median": 0.247384652495,
        "min": 0.0403774902225,
        "var": 0.025578904897
    },
    "silence_rate_20dB": {
        "dmean": 0,
        "dmean2": 0,
        "dvar": 0,
        "dvar2": 0,
        "max": 1,
        "mean": 1,
        "median": 1,
        "min": 1,
        "var": 0
    },
    "silence_rate_30dB": {
        "dmean": 0.0718118697405,
        "dmean2": 0.143635079265,
        "dvar": 0.0666424185038,
        "dvar2": 0.160412728786,
        "max": 1,
        "mean": 0.510218560696,
        "median": 1,
        "min": 0,
        "var": 0.249892950058
    },
    "silence_rate_60dB": {
        "dmean": 0.00568181835115,
        "dmean2": 0.0113645335659,
        "dvar": 0.00564847886562,
        "dvar2": 0.013601440005,
        "max": 1,
        "mean": 0.0904284715652,
        "median": 0,
        "min": 0,
        "var": 0.0822530910373
    },
    "spectral_centroid": {
        "dmean": 344.780181885,
        "dmean2": 540.946044922,
        "dvar": 216760.5,
        "dvar2": 467152.875,
        "max": 11551.5703125,
        "mean": 2189.62475586,
        "median": 2391.08642578,
        "min": 87.4913101196,
        "var": 1093065.375
    },
    "spectral_complexity": {
        "dmean": 4.4839015007,
        "dmean2": 7.19122409821,
        "dvar": 33.2156066895,
        "dvar2": 77.4923019409,
        "max": 62,
        "mean": 21.6106681824,
        "median": 22,
        "min": 0,
        "var": 208.913223267
    },
    "spectral_decrease": {
        "dmean": 6.93400936669e-09,
        "dmean2": 1.10418065802e-08,
        "dvar": 6.90862901966e-17,
        "dvar2": 1.76984953525e-16,
        "max": 1.84297869724e-28,
        "mean": -2.54309906467e-08,
        "median": -2.43228726049e-08,
        "min": -8.29953705761e-08,
        "var": 3.52285634974e-16
    },
    "spectral_energy": {
        "dmean": 0.0257546920329,
        "dmean2": 0.0410181507468,
        "dvar": 0.000947438529693,
        "dvar2": 0.0024390805047,
        "max": 0.316424757242,
        "mean": 0.0995105728507,
        "median": 0.0962125137448,
        "min": 1.02118823197e-20,
        "var": 0.00528568681329
    },
    "spectral_energyband_high": {
        "dmean": 0.00169839023147,
        "dmean2": 0.00290539977141,
        "dvar": 1.67975413206e-05,
        "dvar2": 4.6815861424e-05,
        "max": 0.0388387702405,
        "mean": 0.00328739080578,
        "median": 0.00177184154745,
        "min": 7.09349945985e-21,
        "var": 2.00118684006e-05
    },
    "spectral_energyband_low": {
        "dmean": 0.0273185409606,
        "dmean2": 0.0436658449471,
        "dvar": 0.00112367351539,
        "dvar2": 0.00286420760676,
        "max": 0.307627886534,
        "mean": 0.0879918113351,
        "median": 0.0794133841991,
        "min": 1.47266289281e-23,
        "var": 0.00466568721458
    },
    "spectral_energyband_middle_high": {
        "dmean": 0.00146582198795,
        "dmean2": 0.0024310904555,
        "dvar": 5.85120415053e-06,
        "dvar2": 1.60789932124e-05,
        "max": 0.0303596518934,
        "mean": 0.00434615090489,
        "median": 0.00357896252535,
        "min": 1.37638400967e-21,
        "var": 1.52848824655e-05
    },
    "spectral_energyband_middle_low": {
        "dmean": 0.00253726425581,
        "dmean2": 0.00427268538624,
        "dvar": 3.99909586122e-05,
        "dvar2": 0.000109519860416,
        "max": 0.0846485421062,
        "mean": 0.00404739845544,
        "median": 0.00214101187885,
        "min": 2.23099708981e-22,
        "var": 4.83975891257e-05
    },
    "spectral_entropy": {
        "dmean": 0.130140990019,
        "dmean2": 0.20606598258,
        "dvar": 0.0235178656876,
        "dvar2": 0.0574831850827,
        "max": 9.82709980011,
        "mean": 7.79720211029,
        "median": 7.98978900909,
        "min": 3.72697091103,
        "var": 0.5558822155
    },
    "spectral_flux": {
        "dmean": 0.0405145063996,
        "dmean2": 0.0565281435847,
        "dvar": 0.0025829046499,
        "dvar2": 0.00430683791637,
        "max": 0.476237207651,
        "mean": 0.118120215833,
        "median": 0.0929557010531,
        "min": 6.26999840936e-11,
        "var": 0.00985725224018
    },
    "spectral_kurtosis": {
        "dmean": 1.94332945347,
        "dmean2": 3.33176755905,
        "dvar": 46.2039833069,
        "dvar2": 132.298736572,
        "max": 324.310302734,
        "mean": 6.91441059113,
        "median": 2.27155971527,
        "min": -1.24936640263,
        "var": 605.126281738
    },
    "spectral_rms": {
        "dmean": 0.00123849161901,
        "dmean2": 0.00196429761127,
        "dvar": 1.96175142264e-06,
        "dvar2": 5.13058284923e-06,
        "max": 0.0175700616091,
        "mean": 0.00880696903914,
        "median": 0.00968843977898,
        "min": 3.15639224827e-12,
        "var": 1.95207703655e-05
    },
    "spectral_rolloff": {
        "dmean": 585.540344238,
        "dmean2": 1074.81396484,
        "dvar": 1756669.75,
        "dvar2": 4613203,
        "max": 19336.8164062,
        "mean": 838.627563477,
        "median": 107.666015625,
        "min": 43.06640625,
        "var": 3095984.75
    },
    "spectral_skewness": {
        "dmean": 0.187500059605,
        "dmean2": 0.313603579998,
        "dvar": 0.106399171054,
        "dvar2": 0.309340924025,
        "max": 14.9436149597,
        "mean": 1.35713136196,
        "median": 1.05575597286,
        "min": -0.0467202067375,
        "var": 2.06275892258
    },
    "spectral_spread": {
        "dmean": 471414.21875,
        "dmean2": 683161.6875,
        "dvar": 401986256896,
        "dvar2": 679424425984,
        "max": 41913624,
        "mean": 5004255.5,
        "median": 5089790.5,
        "min": 278183.15625,
        "var": 5.31049899622e+12
    },
    "spectral_strongpeak": {
        "dmean": 0.198857948184,
        "dmean2": 0.33405688405,
        "dvar": 0.223343446851,
        "dvar2": 0.60953438282,
        "max": 22.7597904205,
        "mean": 0.532752931118,
        "median": 0.473468154669,
        "min": 0,
        "var": 0.249555155635
    },
    "zerocrossingrate": {
        "dmean": 0.0109221329913,
        "dmean2": 0.0146588031203,
        "dvar": 0.000190929073142,
        "dvar2": 0.000291193515295,
        "max": 0.8291015625,
        "mean": 0.0456384792924,
        "median": 0.0341796875,
        "min": 0.0009765625,
        "var": 0.00202453718521
    },
    "barkbands": {
        "dmean": [0.0056213773787, 0.0249707791954, 0.00833205133677, 0.00171195541043, 0.000755927234422, 0.000231848200201, 0.00016595942725, 7.77823952376e-05, 0.000136944261612, 0.000146949198097, 0.000135283713462, 0.000145214755321, 0.000204251424293, 0.000314151257044, 0.000291767704766, 0.0002217527217, 0.000305999070406, 0.000294158729957, 0.000313657481456, 0.000299131526845, 0.000348066940205, 0.000378762721084, 0.000351841852535, 0.000307884067297, 0.000272109784419, 0.000132350935019, 7.90850390331e-06],
        "dmean2": [0.00770671945065, 0.040057040751, 0.0141801852733, 0.00298847747035, 0.00127789517865, 0.000379930716008, 0.00027128533111, 0.00013211350597, 0.000216470711166, 0.000232054357184, 0.0002210757375, 0.000243187139858, 0.000338214478688, 0.000510709243827, 0.000496290740557, 0.000374456343707, 0.000521883601323, 0.00050804350758, 0.000541939050891, 0.000514234357979, 0.000599552702624, 0.000656614487525, 0.000615445256699, 0.000511406047735, 0.000459401111584, 0.000226685733651, 1.3822515939e-05],
        "dvar": [6.71391462674e-05, 0.00107118184678, 0.000558989006095, 2.44305792876e-05, 4.91763648824e-06, 2.03642130714e-07, 9.90595907524e-08, 2.69404623054e-08, 1.05779747628e-07, 7.46534709606e-08, 6.60114025663e-08, 7.78002586799e-08, 1.29116870085e-07, 3.43374011891e-07, 2.36009626065e-07, 1.30892544803e-07, 2.34619776052e-07, 3.13989147571e-07, 3.36343958907e-07, 3.12006562808e-07, 5.86580370054e-07, 6.49912863082e-07, 7.59353781632e-07, 6.13722420439e-07, 5.08834602897e-07, 1.44691981063e-07, 5.53020962357e-10],
        "dvar2": [0.000133796711452, 0.00270630419254, 0.00146948208567, 6.87509091222e-05, 1.29143854792e-05, 5.21560650668e-07, 2.49545337283e-07, 6.87874006644e-08, 2.47202933679e-07, 1.62898217582e-07, 1.57470154249e-07, 2.02296916996e-07, 3.37191409017e-07, 8.36800154502e-07, 6.33586751064e-07, 3.51148713662e-07, 6.49975390843e-07, 8.99772260254e-07, 9.43334498515e-07, 8.78984565134e-07, 1.65245910466e-06, 1.83976032986e-06, 2.13433418139e-06, 1.59951218848e-06, 1.35926700295e-06, 3.95830738853e-07, 1.51684476091e-09],
        "max": [0.162743791938, 0.303908348083, 0.193450883031, 0.0782667398453, 0.0323359183967, 0.0083919679746, 0.00699775246903, 0.00536908162758, 0.00732359522954, 0.00515749072656, 0.00520248105749, 0.00622559338808, 0.00669178366661, 0.0123607236892, 0.0101355379447, 0.00613589398563, 0.00702910451218, 0.0169855244458, 0.00794285628945, 0.00721944821998, 0.00824325717986, 0.00954896304756, 0.00811655260623, 0.010986619629, 0.00828872341663, 0.00620801886544, 0.000382534431992],
        "mean": [0.0131668411195, 0.0666401460767, 0.00811173208058, 0.0020046683494, 0.000861919834279, 0.000393278634874, 0.000303632958094, 0.000115117334644, 0.000227636148338, 0.00024904703605, 0.000215351086808, 0.000217644279473, 0.000326264562318, 0.000518775137607, 0.000487655517645, 0.000401511526434, 0.000562153058127, 0.00052047992358, 0.000565451162402, 0.000600249622948, 0.000657427008264, 0.000788603152614, 0.000510440208018, 0.00049348117318, 0.000396382529289, 0.000166329176864, 8.31743273011e-06],
        "median": [0.0050821765326, 0.0535694994032, 0.00160598405637, 0.000364150648238, 0.000272028322797, 0.00015266732953, 0.000104419887066, 4.57796886622e-05, 6.63707105559e-05, 9.92095738184e-05, 0.00010156625649, 8.97342615644e-05, 0.00016252520436, 0.000226244577789, 0.000267709518084, 0.000237753498368, 0.000339543446898, 0.000321562692989, 0.000351978786057, 0.000346491317032, 0.000336544762831, 0.000324715336319, 0.000196043401957, 0.000165797755471, 0.000114824571938, 3.99366472266e-05, 3.30713220364e-07],
        "min": [1.5811264355e-24, 5.83828698434e-24, 4.35585207707e-24, 1.07482889982e-24, 7.66135715808e-24, 1.3123445843e-23, 7.34450170916e-24, 1.52477993514e-23, 3.36088161772e-23, 2.35972073019e-23, 3.7251750594e-23, 3.24546400977e-23, 1.70469133972e-23, 5.2051478529e-23, 5.5618278402e-23, 1.04048443614e-22, 9.34715038818e-23, 1.08168910246e-22, 1.96687610888e-22, 1.97555105449e-22, 2.75199289092e-22, 3.67133492396e-22, 4.91635837105e-22, 6.47827216626e-22, 9.86949255398e-22, 1.27248408647e-21, 2.20232334643e-21],
        "var": [0.000280781066976, 0.00323605607264, 0.000449643091997, 3.03079195874e-05, 4.32806155004e-06, 3.38985131521e-07, 2.57832198258e-07, 5.32764943273e-08, 2.37721948793e-07, 1.9624812353e-07, 1.58610745871e-07, 1.32741462266e-07, 2.3767202606e-07, 7.27577344151e-07, 4.34440408981e-07, 2.75180553899e-07, 4.81369340832e-07, 4.62427664161e-07, 5.39558527635e-07, 5.69099881886e-07, 8.65734762101e-07, 1.06651611986e-06, 7.46341072499e-07, 7.67778431054e-07, 5.33254421953e-07, 1.27045041154e-07, 4.99139729548e-10]
    },
    "erbbands": {
        "dmean": [1.19992816448, 5.08977079391, 9.76787185669, 6.86223745346, 3.70819807053, 2.45978689194, 1.34547102451, 2.11570549011, 2.64673376083, 1.98306286335, 1.75453484058, 2.60543417931, 5.36592912674, 3.89090561867, 5.25016355515, 6.26922369003, 9.05859088898, 16.7295341492, 10.7424020767, 15.8739566803, 14.4147386551, 14.4753236771, 14.2709655762, 16.7621631622, 14.9446592331, 15.1038179398, 14.5810213089, 13.8491630554, 12.835021019, 12.1395769119, 9.44747543335, 7.17446374893, 4.97142076492, 3.35732913017, 1.77779555321, 0.809485256672, 0.194675177336, 0.0245170332491, 0.00127297942527, 4.56852903881e-05],
        "dmean2": [1.76076459885, 7.88939666748, 16.0790729523, 11.8136081696, 6.30176734924, 4.1982421875, 2.21370196342, 3.50181674957, 4.30614852905, 3.25673222542, 2.95527529716, 4.15752363205, 8.41318893433, 6.34622049332, 8.66295051575, 10.3886604309, 14.9319152832, 26.9709358215, 18.1171894073, 26.9306259155, 24.3515701294, 24.7907333374, 24.3828411102, 29.2044334412, 25.5609073639, 26.0961513519, 24.9932785034, 24.1879615784, 22.5450839996, 21.1962890625, 16.3467750549, 12.0946731567, 8.34985733032, 5.72545099258, 2.98492765427, 1.37027990818, 0.337924331427, 0.0421979241073, 0.00223100977018, 7.73247811594e-05],
        "dvar": [2.25252580643, 65.3955307007, 647.402282715, 380.850860596, 96.8601608276, 59.2323875427, 10.9339141846, 17.7185764313, 25.5842018127, 17.4891719818, 16.216966629, 34.8273391724, 121.82220459, 51.3598632812, 85.0419464111, 138.645599365, 268.249176025, 986.760681152, 324.624847412, 744.49810791, 603.790710449, 547.136779785, 674.902954102, 1023.70117188, 846.224182129, 889.75, 926.593200684, 910.898620605, 863.349853516, 791.988464355, 516.446594238, 332.332427979, 155.705764771, 76.8265151978, 20.8461265564, 5.1914525032, 0.341296851635, 0.00502000004053, 1.57234553626e-05, 7.53472928494e-09],
        "dvar2": [5.10774374008, 152.098571777, 1608.64489746, 1033.6776123, 266.85736084, 153.471359253, 27.8240871429, 45.7911376953, 63.5813217163, 43.2386016846, 40.8978652954, 80.1754226685, 276.267822266, 128.817718506, 211.4790802, 351.651367188, 691.849487305, 2412.96411133, 834.885253906, 1957.11291504, 1654.47058105, 1512.80371094, 1895.63598633, 2936.73999023, 2323.63305664, 2513.00634766, 2564.27148438, 2582.45825195, 2443.01147461, 2257.89868164, 1428.10327148, 877.089782715, 405.321929932, 207.51864624, 55.2748947144, 13.9182672501, 0.952459037304, 0.0139937056229, 4.37259404862e-05, 2.11152926255e-08],
        "max": [13.3134946823, 65.5833587646, 202.797683716, 176.725540161, 137.271591187, 134.467712402, 83.7872238159, 94.1072616577, 101.533401489, 84.2983627319, 146.22088623, 163.48890686, 196.635467529, 186.159088135, 180.239562988, 269.281646729, 339.183837891, 662.059570312, 467.204833984, 760.650878906, 529.026855469, 338.304351807, 697.877197266, 561.879699707, 517.524658203, 391.015411377, 411.555175781, 332.593902588, 331.242736816, 269.833892822, 298.154693604, 288.576904297, 161.154708862, 103.753890991, 75.9533004761, 45.6057243347, 7.97645807266, 0.734067499638, 0.0536327920854, 0.00115372647997],
        "mean": [3.22092437744, 9.68107795715, 11.1359090805, 7.73297357559, 4.70518922806, 2.67200303078, 1.73425769806, 3.49409580231, 5.01393270493, 3.42724299431, 2.83988189697, 4.56072616577, 9.39108276367, 6.70740556717, 8.76169586182, 10.3343019485, 15.4505062103, 28.4447021484, 19.5502033234, 27.3759098053, 28.2300624847, 27.8342514038, 27.169008255, 30.3160171509, 28.9209766388, 29.9663085938, 27.523399353, 27.6579704285, 24.2289981842, 20.779214859, 14.5053892136, 11.1621494293, 7.55958223343, 4.83797264099, 2.52976417542, 1.03844702244, 0.243777483702, 0.031086102128, 0.00138536246959, 0.000151328902575],
        "median": [2.20248699188, 6.74547338486, 3.24148488045, 1.90097117424, 1.22690153122, 0.77861559391, 0.719999194145, 1.31849622726, 1.6099230051, 1.3345361948, 1.20063996315, 1.67379331589, 3.06271791458, 3.71959543228, 4.73903656006, 5.10851335526, 8.71812915802, 12.9862585068, 11.5554924011, 15.8116455078, 16.9784374237, 18.3585128784, 18.257183075, 19.6471538544, 17.852771759, 16.9069862366, 14.4863128662, 13.1796722412, 10.2578344345, 9.30396556854, 5.56763458252, 3.96169352531, 2.35495591164, 1.47710418701, 0.693269073963, 0.255400389433, 0.0560277178884, 0.00547052035108, 0.000211139820749, 0.000135062960908],
        "min": [1.19197236189e-22, 5.6835022511e-22, 2.51995726853e-21, 4.03879415911e-21, 1.2961085748e-20, 2.10458933173e-20, 7.385489854e-20, 1.38757298858e-19, 1.32442718385e-19, 3.20587055435e-19, 5.6215282317e-19, 6.81688848587e-19, 8.69638449227e-19, 1.08714083501e-18, 1.75613980242e-18, 1.65986414753e-18, 1.58119875429e-18, 2.63547187785e-18, 3.01913995944e-18, 5.19879830344e-18, 6.74011909399e-18, 6.66001037398e-18, 5.80039725037e-18, 7.25474206746e-18, 1.04713108072e-17, 9.19603239473e-18, 9.28928046518e-18, 1.05241593765e-17, 1.30536851343e-17, 1.30446696928e-17, 1.46247699513e-17, 1.18149366721e-17, 1.12128087432e-17, 9.82663932497e-18, 7.03591474513e-18, 4.38559621606e-18, 2.44030564335e-18, 9.77645593157e-19, 2.41671284962e-19, 3.41675191509e-20],
        "var": [9.5311498642, 117.095367432, 591.34753418, 356.600372314, 115.03578186, 50.6022148132, 10.5040721893, 28.2399463654, 70.8778533936, 44.6537818909, 33.2290878296, 79.5839614868, 317.428741455, 100.720169067, 184.503082275, 261.330505371, 499.664733887, 2086.64135742, 708.309265137, 1455.09289551, 1278.8338623, 1046.90820312, 1086.70117188, 1461.09033203, 1535.33691406, 1535.93066406, 1547.65771484, 1315.28308105, 1100.30187988, 895.073791504, 565.390380859, 397.992767334, 190.143829346, 79.1131744385, 22.1299343109, 4.81382799149, 0.285062134266, 0.00462358258665, 1.32943941935e-05, 1.791644344e-08]
    },
    "gfcc": {
        "mean": [-20.080116272, 62.8371925354, -105.139221191, 68.1336669922, -27.6390094757, 34.5499229431, -21.3653850555, 16.569486618, -13.8543787003, 11.8440542221, -6.68135738373, 4.28898429871, -5.54945373535],
        "cov": [[26864.5, -3591.84912109, 1638.69628906, 1711.98181152, -533.302062988, 1905.21972656, 40.0286254883, 2094.10693359, 302.392944336, 888.818664551, -958.516967773, 629.406433105, -243.925628662], [-3591.84912109, 3524.11425781, 137.743438721, -298.453460693, 901.927612305, -590.305969238, 306.034851074, -505.538360596, 187.216812134, -598.552978516, 76.3163833618, -579.176208496, 116.215209961], [1638.69628906, 137.743438721, 1321.77746582, 96.6110534668, 245.757766724, 194.668563843, 45.4631652832, 109.110954285, 63.7216072083, 10.7745351791, -164.554168701, 14.0708961487, -74.2053527832], [1711.98181152, -298.453460693, 96.6110534668, 321.179168701, -46.1547813416, 134.733642578, 32.6576576233, 140.380172729, 43.1428260803, 56.1149673462, -43.9080314636, 28.1195774078, -11.3330450058], [-533.302062988, 901.927612305, 245.757766724, -46.1547813416, 482.072845459, -67.0416946411, 155.316085815, -75.2402267456, 74.0850067139, -151.853042603, -2.34410476685, -146.507019043, 26.496925354], [1905.21972656, -590.305969238, 194.668563843, 134.733642578, -67.0416946411, 338.547973633, 31.4458065033, 215.610900879, 7.10559129715, 106.893478394, -62.6939697266, 94.1312942505, -29.6123542786], [40.0286254883, 306.034851074, 45.4631652832, 32.6576576233, 155.316085815, 31.4458065033, 188.540679932, 36.7713661194, 92.4831390381, -28.5517654419, 5.5183596611, -50.4745864868, 28.0485172272], [2094.10693359, -505.538360596, 109.110954285, 140.380172729, -75.2402267456, 215.610900879, 36.7713661194, 295.175842285, 59.6797180176, 116.676124573, -76.2100372314, 75.8594207764, -10.4979410172], [302.392944336, 187.216812134, 63.7216072083, 43.1428260803, 74.0850067139, 7.10559129715, 92.4831390381, 59.6797180176, 151.261810303, 31.263092041, 15.6125612259, -10.586853981, 30.8383350372], [888.818664551, -598.552978516, 10.7745351791, 56.1149673462, -151.853042603, 106.893478394, -28.5517654419, 116.676124573, 31.263092041, 190.03427124, 17.4522418976, 131.025100708, -12.6087617874], [-958.516967773, 76.3163833618, -164.554168701, -43.9080314636, -2.34410476685, -62.6939697266, 5.5183596611, -76.2100372314, 15.6125612259, 17.4522418976, 131.077087402, 23.4968910217, 31.7336921692], [629.406433105, -579.176208496, 14.0708961487, 28.1195774078, -146.507019043, 94.1312942505, -50.4745864868, 75.8594207764, -10.586853981, 131.025100708, 23.4968910217, 172.794067383, 6.90423965454], [-243.925628662, 116.215209961, -74.2053527832, -11.3330450058, 26.496925354, -29.6123542786, 28.0485172272, -10.4979410172, 30.8383350372, -12.6087617874, 31.7336921692, 6.90423965454, 77.6014099121]],
        "icov": [[0.000168198355823, -0.000284787616692, 8.40845823404e-05, -0.000523256429005, -3.1869923987e-05, -0.000383477541618, 0.000333648466039, -0.000654695031699, 0.000176213739906, -0.000580290623475, 0.000875335768797, -0.000596178462729, 0.000145346653881], [-0.000284787616692, 0.00246369303204, -0.000482864037622, 0.00139916595072, -0.00103849719744, 0.00165210745763, -0.000835905899294, 0.00181623350363, -0.00250745052472, 0.00374737638049, -0.00239312346093, 0.00365704949945, -0.00105073617306], [8.40845823404e-05, -0.000482864037622, 0.00143247225787, -0.000469911465188, -0.000925369735342, -0.00105714623351, 0.000809103250504, 0.000270191463642, -0.000602566404268, -0.000797672546469, 0.00234307465144, -0.00185702403542, 0.00126217678189], [-0.000523256429005, 0.00139916595072, -0.000469911465188, 0.00593709293753, 0.000389884749893, 0.000563014764339, -0.00138006813359, 0.00114055920858, -0.00194335728884, 0.00264413305558, -0.00278907897882, 0.00306375417858, -0.000517732347362], [-3.1869923987e-05, -0.00103849719744, -0.000925369735342, 0.000389884749893, 0.0055811139755, -0.000386005121982, -0.00262086978182, -0.000206784461625, 0.000568142626435, 0.000953994574957, -0.000962059362791, 0.000365564686945, -0.000216385771637], [-0.000383477541618, 0.00165210745763, -0.00105714623351, 0.000563014764339, -0.000386005121982, 0.0088411103934, -0.00337984063663, -0.00252521946095, 0.00160382385366, 0.00220761913806, -0.00275256182067, 0.000682706537191, 0.000563523091841], [0.000333648466039, -0.000835905899294, 0.000809103250504, -0.00138006813359, -0.00262086978182, -0.00337984063663, 0.0119512956589, -0.00170517340302, -0.00457726977766, -0.000654412957374, 0.00113932008389, 9.44602506934e-05, -0.000834136095364], [-0.000654695031699, 0.00181623350363, 0.000270191463642, 0.00114055920858, -0.000206784461625, -0.00252521946095, -0.00170517340302, 0.0133380135521, -0.00498349079862, -0.000113929636427, 0.00209275097586, 0.00268616876565, -0.00195814855397], [0.000176213739906, -0.00250745052472, -0.000602566404268, -0.00194335728884, 0.000568142626435, 0.00160382385366, -0.00457726977766, -0.00498349079862, 0.0172022394836, -0.00918164849281, -0.000634486263152, 8.86970974534e-06, -0.00322193861939], [-0.000580290623475, 0.00374737638049, -0.000797672546469, 0.00264413305558, 0.000953994574957, 0.00220761913806, -0.000654412957374, -0.000113929636427, -0.00918164849281, 0.0236697066575, -0.00783820822835, -0.00382919958793, 0.00396570377052], [0.000875335768797, -0.00239312346093, 0.00234307465144, -0.00278907897882, -0.000962059362791, -0.00275256182067, 0.00113932008389, 0.00209275097586, -0.000634486263152, -0.00783820822835, 0.0200472436845, -0.00762141542509, -0.00122326880228], [-0.000596178462729, 0.00365704949945, -0.00185702403542, 0.00306375417858, 0.000365564686945, 0.000682706537191, 9.44602506934e-05, 0.00268616876565, 8.86970974534e-06, -0.00382919958793, -0.00762141542509, 0.0229062438011, -0.00776116037741], [0.000145346653881, -0.00105073617306, 0.00126217678189, -0.000517732347362, -0.000216385771637, 0.000563523091841, -0.000834136095364, -0.00195814855397, -0.00322193861939, 0.00396570377052, -0.00122326880228, -0.00776116037741, 0.0194891337305]]
    },
    "melbands": {
        "dmean": [0.00809071119875, 0.00509125227109, 0.00111001217738, 0.000213868479477, 5.33246129635e-05, 4.75896704302e-05, 3.88088665204e-05, 2.01469338208e-05, 1.47197324623e-05, 1.83559004654e-05, 2.68949315796e-05, 1.53830987983e-05, 1.97674435185e-05, 1.62577798619e-05, 1.90093633137e-05, 2.02288792934e-05, 3.4612025047e-05, 1.72297259269e-05, 2.01148395718e-05, 1.73142307176e-05, 1.99113710551e-05, 1.74243177753e-05, 1.18387115435e-05, 1.72927520907e-05, 1.42922699524e-05, 1.15787515824e-05, 1.11085191747e-05, 1.01728173831e-05, 9.31730482989e-06, 9.30926489673e-06, 9.16720000532e-06, 8.30571752886e-06, 6.96457846061e-06, 6.88685395289e-06, 5.72115641262e-06, 5.13204304298e-06, 4.30103000326e-06, 3.77108472094e-06, 3.0955877719e-06, 2.90360458166e-06],
        "dmean2": [0.0125873209909, 0.00793440081179, 0.00188081408851, 0.000364683306543, 8.67924536578e-05, 7.79811816756e-05, 6.31246875855e-05, 3.33561692969e-05, 2.45910741796e-05, 2.91437354463e-05, 4.21004588134e-05, 2.51832007052e-05, 3.23205604218e-05, 2.72732777375e-05, 3.14085773425e-05, 3.31164010277e-05, 5.5934953707e-05, 2.89258405246e-05, 3.43572319252e-05, 2.91702544928e-05, 3.36710836564e-05, 2.99384846585e-05, 1.99796013476e-05, 2.99253933917e-05, 2.49540898949e-05, 1.95826251002e-05, 1.89282382053e-05, 1.76777193701e-05, 1.57429385581e-05, 1.61613061209e-05, 1.60847848747e-05, 1.45840594996e-05, 1.21070779642e-05, 1.21213206512e-05, 9.92704735836e-06, 8.86731777427e-06, 7.24259780327e-06, 6.3654861151e-06, 5.21881975146e-06, 5.00214309795e-06],
        "dvar": [0.000102449164842, 0.000111850844405, 9.39404344535e-06, 3.92638554558e-07, 1.73246537116e-08, 8.40044656059e-09, 5.38135447314e-09, 1.61977731228e-09, 1.08843178914e-09, 1.72173864055e-09, 3.01515101775e-09, 8.82323880624e-10, 1.44604705987e-09, 9.30657773068e-10, 1.30498267747e-09, 1.23473453684e-09, 4.57105509e-09, 8.17226786243e-10, 1.14858089706e-09, 7.50468853727e-10, 1.21154886124e-09, 8.13441980441e-10, 3.69155817026e-10, 1.19806464749e-09, 7.57553020314e-10, 4.60862098484e-10, 4.13634460017e-10, 4.09973749393e-10, 3.53080120696e-10, 4.15186440783e-10, 3.69522135113e-10, 3.30327432074e-10, 2.39526398715e-10, 2.75280215289e-10, 1.78558459685e-10, 1.63313612633e-10, 1.4063138154e-10, 9.49255327121e-11, 5.24182537653e-11, 6.21162635217e-11],
        "dvar2": [0.000247285643127, 0.000251740391832, 2.50295706792e-05, 1.04675757484e-06, 4.35492992779e-08, 2.14531077347e-08, 1.34036923782e-08, 4.06348110715e-09, 2.71891531511e-09, 4.03168032292e-09, 6.82822909326e-09, 2.2067039307e-09, 3.45345507746e-09, 2.43495335006e-09, 3.33712679712e-09, 3.16425974312e-09, 1.10797868658e-08, 2.02483607659e-09, 3.10970138528e-09, 1.98520910821e-09, 3.39309891295e-09, 2.26091301236e-09, 9.77448011419e-10, 3.44414519127e-09, 2.17468199004e-09, 1.21370091755e-09, 1.1398332278e-09, 1.16459020205e-09, 9.17425468927e-10, 1.1716423387e-09, 1.04826691771e-09, 9.35178934292e-10, 6.75208500223e-10, 7.89181775485e-10, 4.95349483653e-10, 4.4140510691e-10, 3.71157826695e-10, 2.49411269415e-10, 1.37226466301e-10, 1.69161129548e-10],
        "max": [0.092112749815, 0.0801132917404, 0.0278128627688, 0.00889610126615, 0.00230668019503, 0.00186677498277, 0.00158623314928, 0.000785787648056, 0.00111142592505, 0.000886481953785, 0.000975331815425, 0.000809219956864, 0.000808996031992, 0.000630232912954, 0.000969876011368, 0.000633794872556, 0.00150717468932, 0.000837469939142, 0.000669523782562, 0.000682199141011, 0.000813819176983, 0.000394843780668, 0.000410489359638, 0.00105936359614, 0.000499546236824, 0.000487859448185, 0.000282347697066, 0.000250927434536, 0.000398295756895, 0.000361210404662, 0.000225881769438, 0.000208945784834, 0.000196195745957, 0.000170569881448, 0.00022540189093, 0.000182151881745, 0.000237263782765, 0.000149244544446, 8.84504406713e-05, 9.49938985286e-05],
        "mean": [0.0232323873788, 0.00809745956212, 0.00132004567422, 0.000251099525485, 6.76991621731e-05, 8.14078302938e-05, 7.45725046727e-05, 3.33985190082e-05, 2.32544534811e-05, 3.15602919727e-05, 4.648524191e-05, 2.51929395745e-05, 3.16629266308e-05, 2.44476850639e-05, 3.06379806716e-05, 3.39047292073e-05, 5.62085624551e-05, 2.92609474855e-05, 3.37230303558e-05, 3.06314323097e-05, 3.56835844286e-05, 3.08863636747e-05, 2.15179243241e-05, 2.88375722448e-05, 2.37394342548e-05, 2.08052915696e-05, 2.15681702684e-05, 1.84802156582e-05, 1.70309849636e-05, 1.57083468366e-05, 1.77655583684e-05, 1.53522032633e-05, 1.20670483739e-05, 1.06217721623e-05, 8.61750140757e-06, 7.29772682462e-06, 6.51084610581e-06, 5.37623009222e-06, 4.70570239486e-06, 3.88085345548e-06],
        "median": [0.0182742197067, 0.00406732736155, 0.000336718134349, 7.31742911739e-05, 2.64769460045e-05, 2.94545752695e-05, 2.52467689279e-05, 1.27967623484e-05, 8.58240218804e-06, 1.03171005321e-05, 1.42770550156e-05, 1.29738909891e-05, 1.53039381985e-05, 1.03194543044e-05, 1.51960284711e-05, 1.74206088559e-05, 2.27352920774e-05, 1.5323239495e-05, 1.86041543202e-05, 1.82736948773e-05, 1.92705520021e-05, 1.86863526324e-05, 1.34572419483e-05, 1.62345568242e-05, 1.44060259117e-05, 1.18915122584e-05, 1.18405760077e-05, 9.98133327812e-06, 8.29333475849e-06, 7.15238456905e-06, 7.65588811191e-06, 5.55079623155e-06, 5.09067103849e-06, 4.59847524326e-06, 3.11228086503e-06, 2.44676834882e-06, 2.21947516366e-06, 1.58977218234e-06, 1.39898395446e-06, 1.0997608797e-06],
        "min": [1.72995737122e-24, 1.34768819554e-24, 6.50961905316e-25, 7.38560027764e-25, 2.17649287548e-24, 2.92212499196e-24, 1.89520124833e-24, 3.46649226467e-24, 4.52300775858e-24, 4.38632419611e-24, 3.62549112443e-24, 3.74556522053e-24, 5.85667296546e-24, 3.20148588205e-24, 3.44332775862e-24, 4.12994006318e-24, 4.7455552807e-24, 4.71215609327e-24, 4.36126879047e-24, 6.602857679e-24, 7.36472100303e-24, 4.66310787762e-24, 4.09443027839e-24, 6.06867775601e-24, 4.59562043275e-24, 7.46214059166e-24, 6.73943987283e-24, 4.95758413152e-24, 5.39357059332e-24, 6.37596826645e-24, 6.09432007417e-24, 6.80577281977e-24, 5.31884061648e-24, 7.59495558024e-24, 7.3269298325e-24, 6.36037721952e-24, 5.71511937019e-24, 5.92557247135e-24, 6.58625176251e-24, 7.75084948347e-24],
        "var": [0.000402600766392, 0.000145276659168, 9.54357165028e-06, 3.58705420922e-07, 1.67813851704e-08, 1.52485117866e-08, 1.49734482591e-08, 3.98522459477e-09, 2.26336016595e-09, 3.8778242839e-09, 7.90289700348e-09, 1.65751401493e-09, 3.41728356723e-09, 1.56070467661e-09, 2.27008145615e-09, 2.47455211877e-09, 9.5626964125e-09, 1.87277415797e-09, 2.02106709146e-09, 1.54496504479e-09, 2.30567542836e-09, 1.4838682505e-09, 7.70472630141e-10, 1.7389937268e-09, 1.05710695752e-09, 9.80854286681e-10, 8.10380318406e-10, 6.28511798162e-10, 7.95146115617e-10, 5.74403469233e-10, 5.71625469181e-10, 4.50819936937e-10, 3.02583791356e-10, 2.72478567487e-10, 1.99099334242e-10, 1.7702993238e-10, 1.57735324802e-10, 1.07797666626e-10, 6.69185470925e-11, 5.82309478414e-11]
    },
    "mfcc": {
        "mean": [-655.74432373, 80.5701675415, 4.95081329346, 43.5353050232, 25.6305427551, 27.5076389313, 16.1656303406, 14.4597043991, 9.97334289551, 10.2509698868, 8.29504489899, 7.08547449112, 6.05592250824],
        "cov": [[18101.6816406, -2219.11401367, 668.885253906, 450.230987549, 148.119094849, 504.421325684, 212.614028931, 695.565185547, 804.981994629, 517.455627441, 374.050689697, 204.031158447, 284.494140625], [-2219.11401367, 2708.34936523, -55.8377342224, 276.658508301, 375.377288818, 90.9272613525, 94.1290512085, 30.8676776886, 20.8435668945, 27.8829860687, -101.238449097, -115.670127869, -102.485488892], [668.885253906, -55.8377342224, 889.487670898, 36.9806938171, 168.293838501, 134.663497925, 17.7593040466, 46.5274429321, 72.1475753784, 7.87600135803, -0.806195437908, -12.2677516937, 31.1951541901], [450.230987549, 276.658508301, 36.9806938171, 245.588317871, 79.5510101318, 65.8121032715, 23.783657074, 35.7404823303, 50.4056282043, 29.220489502, 11.5273180008, -0.534644365311, 14.4987545013], [148.119094849, 375.377288818, 168.293838501, 79.5510101318, 223.964599609, 73.6416320801, 63.5446510315, 47.3816719055, 36.3358917236, 21.2158565521, -19.7227249146, -13.102976799, -10.3468980789], [504.421325684, 90.9272613525, 134.663497925, 65.8121032715, 73.6416320801, 148.542236328, 53.1449546814, 63.9871749878, 59.2369041443, 21.9113693237, 20.4530677795, 17.4938335419, 22.2367305756], [212.614028931, 94.1290512085, 17.7593040466, 23.783657074, 63.5446510315, 53.1449546814, 115.380813599, 65.9486694336, 36.2232055664, 31.0955696106, 6.83812570572, 4.29544591904, -14.1781425476], [695.565185547, 30.8676776886, 46.5274429321, 35.7404823303, 47.3816719055, 63.9871749878, 65.9486694336, 127.129478455, 87.5653305054, 52.1118659973, 28.0826568604, 11.9840650558, 0.836459636688], [804.981994629, 20.8435668945, 72.1475753784, 50.4056282043, 36.3358917236, 59.2369041443, 36.2232055664, 87.5653305054, 147.212493896, 77.477142334, 37.5713539124, 7.20049905777, 11.6974477768], [517.455627441, 27.8829860687, 7.87600135803, 29.220489502, 21.2158565521, 21.9113693237, 31.0955696106, 52.1118659973, 77.477142334, 104.495857239, 42.9081802368, 4.40949821472, -3.08167695999], [374.050689697, -101.238449097, -0.806195437908, 11.5273180008, -19.7227249146, 20.4530677795, 6.83812570572, 28.0826568604, 37.5713539124, 42.9081802368, 87.6253128052, 37.690410614, 19.0047340393], [204.031158447, -115.670127869, -12.2677516937, -0.534644365311, -13.102976799, 17.4938335419, 4.29544591904, 11.9840650558, 7.20049905777, 4.40949821472, 37.690410614, 77.3238449097, 45.5802268982], [284.494140625, -102.485488892, 31.1951541901, 14.4987545013, -10.3468980789, 22.2367305756, -14.1781425476, 0.836459636688, 11.6974477768, -3.08167695999, 19.0047340393, 45.5802268982, 93.8451004028]],
