{
"lowlevel": {
    "average_loudness": 0.267832219601,
    "barkbands_crest": {
        "dmean": 3.0413787365,
        "dmean2": 5.20789051056,
        "dvar": 7.55816984177,
        "dvar2": 22.0863113403,
        "max": 26.3480529785,
        "mean": 16.0381011963,
        "median": 16.4284534454,
        "min": 2.71224856377,
        "var": 23.803855896
    },
    "barkbands_flatness_db": {
        "dmean": 0.0350174345076,
        "dmean2": 0.0573350116611,
        "dvar": 0.000963349884842,
        "dvar2": 0.00253537995741,
        "max": 0.627654671669,
        "mean": 0.257750570774,
        "median": 0.247350752354,
        "min": 0.0167148225009,
        "var": 0.0100425975397
    },
    "barkbands_kurtosis": {
        "dmean": 15.9140338898,
        "dmean2": 26.8914051056,
        "dvar": 582.084350586,
        "dvar2": 1634.18457031,
        "max": 591.559692383,
        "mean": 32.5673294067,
        "median": 17.3192882538,
        "min": -1.84795975685,
        "var": 1882.56652832
    },
    "barkbands_skewness": {
        "dmean": 1.15846097469,
        "dmean2": 1.92351233959,
        "dvar": 1.32163310051,
        "dvar2": 3.66294431686,
        "max": 17.7996139526,
        "mean": 4.15577173233,
        "median": 3.83117580414,
        "min": -1.81972324848,
        "var": 6.81828117371
    },
    "barkbands_spread": {
        "dmean": 3.806650877,
        "dmean2": 6.37665128708,
        "dvar": 36.193901062,
        "dvar2": 94.1919250488,
        "max": 121.233695984,
        "mean": 9.41645240784,
        "median": 5.80396175385,
        "min": 0.137196794152,
        "var": 102.383422852
    },
    "dissonance": {
        "dmean": 0.0168847590685,
        "dmean2": 0.0289639495313,
        "dvar": 0.000316036544973,
        "dvar2": 0.000874336634297,
        "max": 0.500000059605,
        "mean": 0.468617349863,
        "median": 0.47751557827,
        "min": 0.198507994413,
        "var": 0.000908047601115
    },
    "dynamic_complexity": 4.10553312302,
    "erbbands_crest": {
        "dmean": 2.2764647007,
        "dmean2": 3.81621456146,
        "dvar": 4.66599225998,
        "dvar2": 12.5785207748,
        "max": 29.5523967743,
        "mean": 7.8677740097,
        "median": 6.80279636383,
        "min": 2.45867609978,
        "var": 15.0729932785
    },
    "erbbands_flatness_db": {
        "dmean": 0.0146176181734,
        "dmean2": 0.0229843985289,
        "dvar": 0.000217008928303,
        "dvar2": 0.000468244863441,
        "max": 0.389248728752,
        "mean": 0.168189764023,
        "median": 0.160386294127,
        "min": 0.0366403982043,
        "var": 0.00339287472889
    },
    "erbbands_kurtosis": {
        "dmean": 0.85809648037,
        "dmean2": 1.4261701107,
        "dvar": 2.59340453148,
        "dvar2": 6.82117891312,
        "max": 75.4698410034,
        "mean": 0.810083448887,
        "median": -0.227763533592,
        "min": -1.86411321163,
        "var": 26.0311222076
    },
    "erbbands_skewness": {
        "dmean": 0.319668531418,
        "dmean2": 0.528105914593,
        "dvar": 0.0889321938157,
        "dvar2": 0.239408060908,
        "max": 6.61562538147,
        "mean": 0.144845202565,
        "median": 0.0285585559905,
        "min": -3.23143935204,
        "var": 0.775752663612
    },
    "erbbands_spread": {
        "dmean": 7.54194164276,
        "dmean2": 12.1444711685,
        "dvar": 56.0164108276,
        "dvar2": 137.768066406,
        "max": 173.865020752,
        "mean": 39.7174758911,
        "median": 37.8599662781,
        "min": 2.02648806572,
        "var": 364.281158447
    },
    "hfc": {
        "dmean": 6.09334564209,
        "dmean2": 10.0114784241,
        "dvar": 249.144821167,
        "dvar2": 638.312133789,
        "max": 294.570037842,
        "mean": 17.2769470215,
        "median": 10.3168716431,
        "min": 1.16726513497e-16,
        "var": 466.185791016
    },
    "melbands_crest": {
        "dmean": 4.07089233398,
        "dmean2": 6.99982500076,
        "dvar": 13.7889137268,
        "dvar2": 41.3751220703,
        "max": 39.5842971802,
        "mean": 24.8958244324,
        "median": 24.8531684875,
        "min": 1.00071978569,
        "var": 57.9827957153
    },
    "melbands_flatness_db": {
        "dmean": 0.0404595397413,
        "dmean2": 0.0663924962282,
        "dvar": 0.00132480461616,
        "dvar2": 0.00349809532054,
        "max": 0.730500280857,
        "mean": 0.350514233112,
        "median": 0.344045639038,
        "min": 9.92296165236e-08,
        "var": 0.0126177156344
    },
    "melbands_kurtosis": {
        "dmean": 37.3047561646,
        "dmean2": 63.6473007202,
        "dvar": 4128.19238281,
        "dvar2": 12357.8779297,
        "max": 2447.17480469,
        "mean": 75.2939453125,
        "median": 39.6549530029,
        "min": -1.62230432034,
        "var": 14831.0712891
    },
    "melbands_skewness": {
        "dmean": 1.63992154598,
        "dmean2": 2.76455664635,
        "dvar": 2.98816180229,
        "dvar2": 9.00299167633,
        "max": 41.8608283997,
        "mean": 6.07872486115,
        "median": 5.49794387817,
        "min": -0.998081564903,
        "var": 15.5193386078
    },
    "melbands_spread": {
        "dmean": 3.50911736488,
        "dmean2": 5.9390835762,
        "dvar": 31.3508872986,
        "dvar2": 81.8067321777,
        "max": 145.839248657,
        "mean": 8.16212940216,
        "median": 4.3369178772,
        "min": 0.078491717577,
        "var": 98.1240005493
    },
    "pitch_salience": {
        "dmean": 0.0902867615223,
        "dmean2": 0.15278659761,
        "dvar": 0.00670242682099,
        "dvar2": 0.0187457595021,
        "max": 0.997738599777,
        "mean": 0.3593968153,
        "median": 0.351209491491,
        "min": 0.0163373351097,
        "var": 0.0268805902451
    },
    "silence_rate_20dB": {
        "dmean": 0.0477286279202,
        "dmean2": 0.0954653918743,
        "dvar": 0.0454511530697,
        "dvar2": 0.106640122831,
        "max": 1,
        "mean": 0.897562623024,
        "median": 1,
        "min": 0,
        "var": 0.0919473692775
    },
    "silence_rate_30dB": {
        "dmean": 0.0617062970996,
        "dmean2": 0.123423114419,
        "dvar": 0.0578972995281,
        "dvar2": 0.124910436571,
        "max": 1,
        "mean": 0.559144377708,
        "median": 1,
        "min": 0,
        "var": 0.246507152915
    },
    "silence_rate_60dB": {
        "dmean": 0.00272735022008,
        "dmean2": 0.00545516517013,
        "dvar": 0.00272007822059,
        "dvar2": 0.00678964611143,
        "max": 1,
        "mean": 0.0312766321003,
        "median": 0,
        "min": 0,
        "var": 0.0302978381515
    },
    "spectral_centroid": {
        "dmean": 196.259292603,
        "dmean2": 316.462890625,
        "dvar": 78160.484375,
        "dvar2": 185049.75,
        "max": 10446.53125,
        "mean": 914.256958008,
        "median": 777.93347168,
        "min": 105.451675415,
        "var": 311480.84375
    },
    "spectral_complexity": {
        "dmean": 3.09571290016,
        "dmean2": 5.03136730194,
        "dvar": 15.1152954102,
        "dvar2": 31.1795482635,
        "max": 61,
        "mean": 16.9575595856,
        "median": 15,
        "min": 0,
        "var": 105.836685181
    },
    "spectral_decrease": {
        "dmean": 1.6427087246e-08,
        "dmean2": 2.81671024283e-08,
        "dvar": 6.57526530663e-16,
        "dvar2": 1.97281787294e-15,
        "max": 2.55880978341e-29,
        "mean": -3.60573189084e-08,
        "median": -1.95787315249e-08,
        "min": -3.70855588017e-07,
        "var": 1.82107086165e-15
    },
    "spectral_energy": {
        "dmean": 0.0623462088406,
        "dmean2": 0.1067994982,
        "dvar": 0.0094400960952,
        "dvar2": 0.0283203590661,
        "max": 1.40367734432,
        "mean": 0.137655422091,
        "median": 0.0751300007105,
        "min": 1.07706105117e-20,
        "var": 0.026303621009
    },
    "spectral_energyband_high": {
        "dmean": 0.000309243390802,
        "dmean2": 0.000514718005434,
        "dvar": 2.66118058789e-06,
        "dvar2": 6.99778775015e-06,
        "max": 0.0305720940232,
        "mean": 0.000452219625004,
        "median": 5.93312070123e-05,
        "min": 7.69889469404e-21,
        "var": 2.45042065217e-06
    },
    "spectral_energyband_low": {
        "dmean": 0.0594244673848,
        "dmean2": 0.101866938174,
        "dvar": 0.00877152290195,
        "dvar2": 0.026307830587,
        "max": 1.20845496655,
        "mean": 0.117972053587,
        "median": 0.061425074935,
        "min": 7.91453607027e-23,
        "var": 0.0219547469169
    },
    "spectral_energyband_middle_high": {
        "dmean": 0.00107062840834,
        "dmean2": 0.00175736006349,
        "dvar": 5.16779982718e-06,
        "dvar2": 1.34381944008e-05,
        "max": 0.0497044622898,
        "mean": 0.00320952688344,
        "median": 0.00191711622756,
        "min": 1.74521922019e-21,
        "var": 1.39417870741e-05
    },
    "spectral_energyband_middle_low": {
        "dmean": 0.00306185777299,
        "dmean2": 0.00497934501618,
        "dvar": 5.02928414789e-05,
        "dvar2": 0.000125592458062,
        "max": 0.139207348228,
        "mean": 0.007550209295,
        "median": 0.00476188212633,
        "min": 3.07821451692e-22,
        "var": 8.6220788944e-05
    },
    "spectral_entropy": {
        "dmean": 0.147505566478,
        "dmean2": 0.229602769017,
        "dvar": 0.0255832429975,
        "dvar2": 0.056165214628,
        "max": 9.80537128448,
        "mean": 7.36160135269,
        "median": 7.41665172577,
        "min": 4.5852894783,
        "var": 0.353124827147
    },
    "spectral_flux": {
        "dmean": 0.0478980056942,
        "dmean2": 0.0765203908086,
        "dvar": 0.00374818406999,
        "dvar2": 0.00928630586714,
        "max": 0.96817523241,
        "mean": 0.141298741102,
        "median": 0.105310827494,
        "min": 1.03781552796e-10,
        "var": 0.012021869421
    },
    "spectral_kurtosis": {
        "dmean": 3.46803021431,
        "dmean2": 5.87091875076,
        "dvar": 26.7618770599,
        "dvar2": 72.6998062134,
        "max": 95.4712142944,
        "mean": 8.21172142029,
        "median": 5.00239753723,
        "min": -1.2548712492,
        "var": 90.5227355957
    },
    "spectral_rms": {
        "dmean": 0.00230852793902,
        "dmean2": 0.00388966454193,
        "dvar": 7.14209090802e-06,
        "dvar2": 2.12196900975e-05,
        "max": 0.0370059609413,
        "mean": 0.00980909820646,
        "median": 0.00856139883399,
        "min": 3.24159102338e-12,
        "var": 3.80799392588e-05
    },
    "spectral_rolloff": {
        "dmean": 178.959213257,
        "dmean2": 317.911529541,
        "dvar": 257928.234375,
        "dvar2": 653699.0625,
        "max": 18540.0878906,
        "mean": 359.446533203,
        "median": 129.19921875,
        "min": 21.533203125,
        "var": 502693.25
    },
    "spectral_skewness": {
        "dmean": 0.323393136263,
        "dmean2": 0.534718632698,
        "dvar": 0.140315428376,
        "dvar2": 0.367637127638,
        "max": 7.82548522949,
        "mean": 1.87109029293,
        "median": 1.64572906494,
        "min": 0.0397420041263,
        "var": 0.76844149828
    },
    "spectral_spread": {
        "dmean": 346314.8125,
        "dmean2": 540530.625,
        "dvar": 291196403712,
        "dvar2": 432257236992,
        "max": 42537740,
        "mean": 3417080.5,
        "median": 3200742.25,
        "min": 846578.125,
        "var": 2.36074408346e+12
    },
    "spectral_strongpeak": {
        "dmean": 0.254692912102,
        "dmean2": 0.438144981861,
        "dvar": 0.123817563057,
        "dvar2": 0.332222312689,
        "max": 4.52225208282,
        "mean": 0.461810320616,
        "median": 0.323793768883,
        "min": 0,
        "var": 0.233516320586
    },
    "zerocrossingrate": {
        "dmean": 0.00510204583406,
        "dmean2": 0.00669963331893,
        "dvar": 7.17298826203e-05,
        "dvar2": 0.000108733598609,
        "max": 0.625,
        "mean": 0.0211697425693,
        "median": 0.01513671875,
        "min": 0.00048828125,
        "var": 0.000489865022246
    },
    "barkbands": {
        "dmean": [0.018933262676, 0.0446965955198, 0.00749515229836, 0.00174296123441, 0.00124549760949, 0.000590344017837, 0.000263616122538, 0.000328254478518, 0.000442577060312, 0.000251884572208, 0.000247871881584, 0.000285577756586, 0.000226521471632, 0.000169401158928, 0.000170007988345, 0.000215138876229, 0.000123937803437, 0.000102542158857, 8.9979119366e-05, 8.28097618069e-05, 7.16175709385e-05, 7.84274816397e-05, 6.00066414336e-05, 4.07214138249e-05, 3.18014572258e-05, 1.39902685987e-05, 2.19339244723e-06],
        "dmean2": [0.03411719203, 0.0763973668218, 0.0122074866667, 0.00295609701425, 0.00208057975397, 0.000955300871283, 0.000450005114544, 0.0005494801444, 0.000749821483623, 0.000434512097854, 0.000418989773607, 0.000483897776576, 0.000379531091312, 0.000285966991214, 0.000285365909804, 0.000367088359781, 0.000211572361877, 0.00017232169921, 0.000151678483235, 0.000140470394399, 0.00012087822688, 0.000134591507958, 0.00010130834562, 6.90948727424e-05, 5.32629892405e-05, 2.25667590712e-05, 3.62312403013e-06],
        "dvar": [0.00163088308182, 0.00558008113876, 0.000450674298918, 2.58694035438e-05, 9.1657275334e-06, 8.45951035444e-07, 2.34282680367e-07, 3.85036912576e-07, 6.90423007654e-07, 1.40784862879e-07, 1.96713259015e-07, 2.33304021435e-07, 3.1384297472e-07, 1.1173021619e-07, 1.29146371819e-07, 2.87114858111e-07, 1.01844904066e-07, 8.77229950902e-08, 1.16142118145e-07, 1.03078541258e-07, 8.41087484105e-08, 2.36596179093e-07, 1.38398178251e-07, 5.50113981035e-08, 3.86221081783e-08, 6.13816730777e-09, 1.20088605726e-10],
        "dvar2": [0.00530477752909, 0.0160326752812, 0.00116013584193, 6.86376879457e-05, 2.36680461967e-05, 2.0860618406e-06, 6.52916241961e-07, 1.05584706489e-06, 1.85189742297e-06, 3.97405557351e-07, 5.14238706728e-07, 6.24930123649e-07, 8.9409127213e-07, 3.05408605072e-07, 3.37791306038e-07, 8.0327293972e-07, 2.7695992344e-07, 2.36732844883e-07, 3.09322047087e-07, 2.69884196769e-07, 2.19998824491e-07, 6.46582520858e-07, 3.69642492615e-07, 1.47531991956e-07, 1.01018521548e-07, 1.51519543579e-08, 2.90363288968e-10],
        "max": [0.851104259491, 1.08379614353, 0.371170967817, 0.0791363716125, 0.0560838803649, 0.0192364845425, 0.0100445346907, 0.01202386152, 0.018493309617, 0.006302556023, 0.0133660780266, 0.00900248624384, 0.0209013726562, 0.00743213808164, 0.00599408196285, 0.0103204213083, 0.00769833195955, 0.00601043412462, 0.00926863402128, 0.00614926824346, 0.00557850301266, 0.0108081735671, 0.00826243683696, 0.00549008417875, 0.00545684993267, 0.00200866861269, 0.000995377660729],
        "mean": [0.0345394574106, 0.0811025351286, 0.0108476532623, 0.0024214584846, 0.00231065228581, 0.00109334441368, 0.000411812361563, 0.000540685141459, 0.000684407947119, 0.000397467025323, 0.000388571555959, 0.000468105805339, 0.000403537414968, 0.000309294351609, 0.000311317329761, 0.000374794850359, 0.000211638063774, 0.000176848494448, 0.000144305522554, 0.00012341949332, 0.00010413108248, 9.28252775338e-05, 7.33330380172e-05, 5.52263954887e-05, 4.38843017037e-05, 2.14204974327e-05, 3.47089599018e-06],
        "median": [0.00721979746595, 0.0375632569194, 0.00305734062567, 0.000836739083752, 0.000963879516348, 0.000568694551475, 0.000213623687159, 0.000237750529777, 0.000329792674165, 0.000255038641626, 0.000215008592932, 0.00025915360311, 0.000202261857339, 0.000133689405629, 0.000114944530651, 9.71192639554e-05, 6.0310412664e-05, 5.08166485815e-05, 3.95769857278e-05, 2.9091253964e-05, 1.99364549189e-05, 8.85708595888e-06, 4.99562520417e-06, 3.16444561577e-06, 1.31180786411e-06, 2.10209975648e-07, 4.48248149709e-09],
        "min": [5.84368910382e-24, 7.77804467432e-24, 2.24472973822e-23, 4.76624088997e-25, 3.81784759864e-23, 4.66535999662e-23, 4.51757006147e-23, 3.6158799587e-23, 5.3509059979e-23, 7.65154246624e-23, 3.22759283928e-23, 7.61544797775e-23, 6.90004643111e-23, 9.75377726147e-23, 1.44418217423e-22, 1.80635036152e-22, 9.95831564133e-23, 1.94797020532e-22, 2.44521106955e-22, 2.99541163734e-22, 2.82377973817e-22, 3.72944380664e-22, 6.14085073489e-22, 7.40422674695e-22, 1.25669434757e-21, 1.81214269578e-21, 2.22330578433e-21],
        "var": [0.00443624146283, 0.0129021266475, 0.000568257237319, 2.70768450719e-05, 1.79709659278e-05, 2.57442911789e-06, 3.53691774535e-07, 7.77832951826e-07, 1.14259353268e-06, 2.11111597537e-07, 3.31636186957e-07, 3.82774686614e-07, 5.02193813645e-07, 2.46716183483e-07, 2.61963435833e-07, 5.1288219538e-07, 1.6641634204e-07, 1.39062265703e-07, 1.17861027604e-07, 1.03352277847e-07, 8.09722067174e-08, 1.74815454557e-07, 1.15204478845e-07, 5.11476692111e-08, 4.0000184498e-08, 8.22545764834e-09, 3.55430435084e-10]
    },
    "erbbands": {
        "dmean": [2.20920753479, 7.21795511246, 9.87925815582, 6.45683717728, 4.18716192245, 4.55102014542, 4.3444070816, 5.96427726746, 3.70030331612, 5.22876834869, 6.82471132278, 10.4308958054, 6.91599082947, 8.7068977356, 12.5789070129, 11.0748853683, 9.62733078003, 8.96005916595, 7.93043804169, 12.1818189621, 8.12077617645, 5.61565876007, 5.88485383987, 4.64016342163, 4.49108982086, 3.87993240356, 3.02397251129, 2.95560193062, 2.88081216812, 2.51275467873, 1.44157576561, 0.936717391014, 0.638900637627, 0.374901771545, 0.229638338089, 0.0871566981077, 0.0217081233859, 0.00414041196927, 0.000371989881387, 6.96377101121e-05],
        "dmean2": [3.86924386024, 12.0272932053, 15.7145748138, 10.6568336487, 6.96559333801, 7.58328533173, 7.18906211853, 9.5275850296, 6.24887275696, 8.89190673828, 11.364648819, 17.6083526611, 11.7676429749, 15.0370998383, 21.3640880585, 18.5966529846, 16.0370807648, 15.1287794113, 13.1723594666, 20.6993751526, 13.795759201, 9.51364612579, 9.91496562958, 7.76162528992, 7.58701705933, 6.56026172638, 5.07879734039, 5.00562620163, 4.95345878601, 4.29858064651, 2.41770839691, 1.59684097767, 1.0851906538, 0.625711023808, 0.388717353344, 0.143348544836, 0.035272307694, 0.00681243743747, 0.000623695086688, 0.00011879773956],
        "dvar": [14.488825798, 196.760528564, 680.234802246, 300.997772217, 148.547531128, 121.13848877, 111.338691711, 102.530014038, 38.6756744385, 107.901062012, 161.759368896, 415.327789307, 136.454956055, 201.41545105, 533.21685791, 432.253601074, 618.8984375, 258.096618652, 277.392791748, 873.612365723, 443.752166748, 233.364929199, 312.574768066, 220.537582397, 344.803192139, 229.45980835, 146.305084229, 166.861419678, 354.101989746, 234.684677124, 67.6188430786, 28.3029117584, 13.4280500412, 4.45295095444, 2.32813596725, 0.29356315732, 0.0130288675427, 0.000393566006096, 2.98627946904e-06, 1.14526743644e-08],
        "dvar2": [44.3788757324, 525.989746094, 1706.10827637, 795.423950195, 388.030395508, 325.626861572, 265.109344482, 240.178253174, 106.452430725, 300.130706787, 428.718475342, 1119.82421875, 373.404998779, 573.629516602, 1425.99365234, 1128.64562988, 1761.6060791, 706.53326416, 720.360900879, 2417.83032227, 1223.1986084, 624.887756348, 842.379150391, 573.957946777, 921.812194824, 606.521484375, 379.861968994, 444.990020752, 972.043701172, 631.796264648, 178.060806274, 75.941078186, 35.8050079346, 11.319188118, 6.26889657974, 0.756121098995, 0.032079745084, 0.000946837186348, 7.42756083127e-06, 3.39608767774e-08],
        "max": [56.9004669189, 187.687484741, 496.374603271, 247.793670654, 213.593948364, 224.26260376, 220.651641846, 238.801879883, 161.718826294, 247.005554199, 283.184936523, 515.986328125, 238.38659668, 314.35458374, 612.835693359, 401.967254639, 954.957824707, 269.580566406, 332.131958008, 686.692993164, 597.212402344, 458.021026611, 381.565673828, 368.359619141, 488.492156982, 301.456481934, 272.68649292, 232.918884277, 475.482055664, 339.452789307, 188.853134155, 111.553817749, 87.0233230591, 56.8478164673, 45.5303535461, 13.6745433807, 3.78495669365, 1.57112932205, 0.139909088612, 0.00198315898888],
        "mean": [3.83160042763, 12.1478233337, 15.6723194122, 10.4373788834, 6.80664634705, 8.11187648773, 7.11711025238, 11.0526390076, 6.25803804398, 8.13575553894, 12.2752456665, 16.1556243896, 12.0152463913, 14.2343072891, 20.0329170227, 19.3421173096, 18.2580223083, 17.7613525391, 15.5974969864, 22.4772167206, 16.0607814789, 10.5559635162, 10.0289297104, 8.03099346161, 6.95338249207, 5.89796495438, 4.46134519577, 3.90300011635, 3.36960864067, 2.8757519722, 1.87955927849, 1.24584174156, 0.868634700775, 0.52814656496, 0.297448933125, 0.119267597795, 0.0343822315335, 0.00747922481969, 0.000585616042372, 0.000159215371241],
        "median": [1.59581029415, 4.61345005035, 4.4481010437, 3.65508818626, 2.67805433273, 3.15897274017, 3.55325746536, 5.12088298798, 3.69017219543, 4.25160074234, 5.3485918045, 7.99857616425, 7.60049819946, 8.93154525757, 11.2366399765, 10.4029874802, 9.39210128784, 8.21692848206, 6.31894636154, 6.23175144196, 4.92077159882, 3.55783343315, 2.99118709564, 2.09575510025, 1.92691469193, 1.42892444134, 0.951853513718, 0.633224129677, 0.334424674511, 0.213766515255, 0.135769188404, 0.0843011066318, 0.0424369424582, 0.0192163102329, 0.00674560293555, 0.00165506079793, 0.000344980013324, 4.08855630667e-05, 5.65462323721e-05, 8.845719276e-05],
        "min": [3.71804457723e-22, 2.57018526668e-21, 2.78335548626e-20, 8.32698569629e-21, 2.2290147442e-20, 1.74680421618e-19, 2.78416689874e-19, 4.59314782587e-19, 5.56477226795e-19, 7.97509333788e-19, 8.99936317306e-19, 1.25382858518e-18, 1.8262791349e-18, 2.49930988401e-18, 2.23717303917e-18, 2.52026629804e-18, 2.84238945372e-18, 5.04287269002e-18, 5.7970297981e-18, 8.81119736809e-18, 1.08089518711e-17, 7.41764205422e-18, 1.0353635266e-17, 1.18019176764e-17, 1.65835865813e-17, 1.25353522558e-17, 9.22075268733e-18, 1.70745579796e-17, 1.24729207991e-17, 1.27073950699e-17, 1.95201885981e-17, 1.56447349317e-17, 1.14352797961e-17, 1.05641047555e-17, 1.12841067489e-17, 6.67595179874e-18, 3.27737457974e-18, 1.06871280193e-18, 3.06840657823e-19, 3.21767442169e-20],
        "var": [33.8434753418, 377.81652832, 1064.33886719, 391.194976807, 181.020111084, 246.957748413, 155.452362061, 355.154846191, 67.0581741333, 153.491546631, 443.085876465, 661.456420898, 239.329284668, 291.516845703, 876.215332031, 736.963012695, 985.134643555, 642.55670166, 623.921569824, 1796.83007812, 776.965637207, 367.022186279, 466.066680908, 288.146362305, 320.855438232, 230.841384888, 143.200683594, 145.751708984, 253.503509521, 184.69720459, 61.7319526672, 25.6690177917, 12.9130535126, 5.05144357681, 2.16445875168, 0.31645488739, 0.0195123665035, 0.00101796968374, 8.48945910548e-06, 3.42654757901e-08]
    },
    "gfcc": {
        "mean": [-42.7676773071, 143.038848877, -106.598861694, 39.1615715027, -25.7389831543, 20.2821044922, -11.1691551208, 7.17520952225, -7.89317560196, 1.72705388069, -3.00967431068, -1.98768234253, 1.60509955883],
        "cov": [[12371.6015625, -3088.0534668, -689.14831543, 788.13885498, -614.046325684, 944.60723877, -392.060119629, 533.934387207, -177.938949585, 480.685028076, -266.883972168, 147.848526001, -546.179321289], [-3088.0534668, 2409.53198242, -264.805999756, -444.09576416, 486.344085693, -507.826385498, 417.492462158, -344.047943115, 209.291503906, -315.173431396, 251.224914551, -239.420028687, 316.841003418], [-689.14831543, -264.805999756, 877.213317871, 63.3060874939, 106.005882263, 26.4188804626, -61.7667312622, 100.691268921, -45.6939926147, 20.1367950439, -75.5429229736, 34.4704093933, -71.9959945679], [788.13885498, -444.09576416, 63.3060874939, 449.934387207, -75.7401809692, 96.6464157104, -83.3966827393, 7.96103191376, 6.92435264587, -6.3620929718, -14.7181510925, -23.7502937317, -30.5641880035], [-614.046325684, 486.344085693, 106.005882263, -75.7401809692, 481.159820557, -91.6358566284, 159.990386963, -92.1565246582, 80.5904159546, -44.5699806213, 36.4820022583, -17.0932178497, 58.3105621338], [944.60723877, -507.826385498, 26.4188804626, 96.6464157104, -91.6358566284, 256.637969971, -61.4762420654, 85.4752044678, -24.5209636688, 52.1121788025, -36.7628517151, 24.0391578674, -65.3689727783], [-392.060119629, 417.492462158, -61.7667312622, -83.3966827393, 159.990386963, -61.4762420654, 251.756378174, -25.7074775696, 94.6086349487, -35.7061424255, 70.3022232056, -33.4752998352, 60.6674461365], [533.934387207, -344.047943115, 100.691268921, 7.96103191376, -92.1565246582, 85.4752044678, -25.7074775696, 161.45211792, -22.7946014404, 63.6398086548, -40.7987747192, 25.3966598511, -63.0084533691], [-177.938949585, 209.291503906, -45.6939926147, 6.92435264587, 80.5904159546, -24.5209636688, 94.6086349487, -22.7946014404, 135.090240479, -18.1297607422, 73.6460876465, -19.585187912, 48.8104972839], [480.685028076, -315.173431396, 20.1367950439, -6.3620929718, -44.5699806213, 52.1121788025, -35.7061424255, 63.6398086548, -18.1297607422, 117.340621948, -22.1439876556, 60.4681777954, -45.2239074707], [-266.883972168, 251.224914551, -75.5429229736, -14.7181510925, 36.4820022583, -36.7628517151, 70.3022232056, -40.7987747192, 73.6460876465, -22.1439876556, 125.911842346, -14.1383104324, 69.0067062378], [147.848526001, -239.420028687, 34.4704093933, -23.7502937317, -17.0932178497, 24.0391578674, -33.4752998352, 25.3966598511, -19.585187912, 60.4681777954, -14.1383104324, 104.57118988, -20.3889274597], [-546.179321289, 316.841003418, -71.9959945679, -30.5641880035, 58.3105621338, -65.3689727783, 60.6674461365, -63.0084533691, 48.8104972839, -45.2239074707, 69.0067062378, -20.3889274597, 117.676971436]],
        "icov": [[0.000183301177458, 5.73433899262e-05, 0.000271726894425, -0.000222931077587, -0.000118462405226, -0.000284468114842, 1.74727119884e-05, -0.000284633482806, 6.19440033915e-05, -0.000300635845633, -6.98550720699e-05, 0.000119217533211, 0.000464370736154], [5.73433899262e-05, 0.00341330748051, 8.89095535967e-05, 0.00235842075199, -0.000908876303583, 0.00272412388586, -0.00128939794376, 0.00179402250797, -0.000463333912194, 0.00289938878268, -0.00191851879936, 0.00430344464257, -0.0014910971513], [0.000271726894425, 8.89095535967e-05, 0.00192140380386, -0.000616233504843, -0.00100920535624, -0.00010056058818, 0.000560076499823, -0.00188933056779, 0.000360356702004, 0.000255820894381, 3.93280897697e-05, -0.000328027032083, 0.00105007563252], [-0.000222931077587, 0.00235842075199, -0.000616233504843, 0.00481265317649, -0.000155918460223, 0.00130566069856, 5.51968787477e-06, 0.00240421202034, -0.00161647505593, 0.00271675456315, -0.00119132362306, 0.00380486506037, -0.00135229865555], [-0.000118462405226, -0.000908876303583, -0.00100920535624, -0.000155918460223, 0.0038442555815, -0.000491866376251, -0.00165710481815, 0.00210606073961, -0.00117219088133, -0.000932822877076, 0.00168686872348, -0.00137991842348, -5.73540455662e-05], [-0.000284468114842, 0.00272412388586, -0.00010056058818, 0.00130566069856, -0.000491866376251, 0.00838153995574, -0.000651531037875, -0.000238058433752, -0.000605010776781, 0.00243184552528, -0.00161345186643, 0.00295117590576, -0.000626281020232], [1.74727119884e-05, -0.00128939794376, 0.000560076499823, 5.51968787477e-06, -0.00165710481815, -0.000651531037875, 0.00798460096121, -0.00282685714774, -0.0027562440373, -0.000296710641123, -0.000665711471811, -0.000460536044557, 6.58485296299e-05], [-0.000284633482806, 0.00179402250797, -0.00188933056779, 0.00240421202034, 0.00210606073961, -0.000238058433752, -0.00282685714774, 0.0135573148727, -0.00140391511377, -0.00233001844026, 0.000625472108368, 0.00319165969267, 0.000730815751012], [6.19440033915e-05, -0.000463333912194, 0.000360356702004, -0.00161647505593, -0.00117219088133, -0.000605010776781, -0.0027562440373, -0.00140391511377, 0.0138381784782, -0.00112870463636, -0.00561363063753, 0.000138679766678, -0.000608066970017], [-0.000300635845633, 0.00289938878268, 0.000255820894381, 0.00271675456315, -0.000932822877076, 0.00243184552528, -0.000296710641123, -0.00233001844026, -0.00112870463636, 0.0192529242486, -0.0025352104567, -0.00413356022909, 0.00101643020753], [-6.98550720699e-05, -0.00191851879936, 3.93280897697e-05, -0.00119132362306, 0.00168686872348, -0.00161345186643, -0.000665711471811, 0.000625472108368, -0.00561363063753, -0.0025352104567, 0.0165786128491, -0.00267879734747, -0.00532988412306], [0.000119217533211, 0.00430344464257, -0.000328027032083, 0.00380486506037, -0.00137991842348, 0.00295117590576, -0.000460536044557, 0.00319165969267, 0.000138679766678, -0.00413356022909, -0.00267879734747, 0.0199406705797, -0.0025967550464], [0.000464370736154, -0.0014910971513, 0.00105007563252, -0.00135229865555, -5.73540455662e-05, -0.000626281020232, 6.58485296299e-05, 0.000730815751012, -0.000608066970017, 0.00101643020753, -0.00532988412306, -0.0025967550464, 0.0183153692633]]
    },
    "melbands": {
        "dmean": [0.016127480194, 0.0062872194685, 0.00101839855779, 0.000300008483464, 0.000160020616022, 0.000122259647469, 5.53001118533e-05, 6.03906664765e-05, 5.51756274945e-05, 7.12365654181e-05, 3.52422212018e-05, 3.6960322177e-05, 3.62457431038e-05, 3.57241187885e-05, 2.42661008087e-05, 2.31296398852e-05, 1.72866875801e-05, 1.36206972456e-05, 1.22659293993e-05, 1.90366426978e-05, 9.70648216025e-06, 6.82886002323e-06, 6.04161323281e-06, 4.72110195915e-06, 3.99863438361e-06, 3.49067408933e-06, 3.28416444972e-06, 2.53125972449e-06, 2.00657973437e-06, 1.83893951089e-06, 1.7341462808e-06, 1.8065503582e-06, 1.36014693908e-06, 1.46532693179e-06, 8.61166540744e-07, 6.77018647366e-07, 5.64669676351e-07, 4.81945789943e-07, 3.62822618172e-07, 3.19952818018e-07],
        "dmean2": [0.0281093679368, 0.0100404378027, 0.00165678537451, 0.000497957225889, 0.000264980626525, 0.000196392953512, 9.35930002015e-05, 0.000102356789284, 9.19354424695e-05, 0.000120316413813, 6.01577557973e-05, 6.39888530714e-05, 6.16097531747e-05, 6.02135332883e-05, 4.11607761635e-05, 3.83368169423e-05, 2.93649845844e-05, 2.27396849368e-05, 2.06776203413e-05, 3.23420645145e-05, 1.65676265169e-05, 1.15700504466e-05, 1.03323873191e-05, 7.92974151409e-06, 6.72281430525e-06, 5.88537250223e-06, 5.61311526326e-06, 4.30238014815e-06, 3.41140003002e-06, 3.11928761221e-06, 2.9543571145e-06, 3.13865211865e-06, 2.31760418501e-06, 2.51729989031e-06, 1.45636499838e-06, 1.14789986583e-06, 9.67513756223e-07, 8.2145692204e-07, 6.15349108557e-07, 5.37930532118e-07],
        "dvar": [0.000710554188117, 0.000189752317965, 7.50333902033e-06, 5.97370387823e-07, 1.45014737996e-07, 4.04565234646e-08, 8.96640539594e-09, 1.45365186555e-08, 1.0473767631e-08, 1.98957952335e-08, 3.4713054653e-09, 3.53699691757e-09, 4.13324308113e-09, 3.41417494276e-09, 2.99819280514e-09, 2.73079914237e-09, 1.00206309916e-09, 8.58606408194e-10, 7.25224991172e-10, 2.20604401413e-09, 6.50615505915e-10, 3.00359570549e-10, 3.34722694006e-10, 1.71750072497e-10, 1.61727145565e-10, 1.67893685066e-10, 1.72043948532e-10, 9.23318990709e-11, 5.68583756466e-11, 5.17789977561e-11, 5.84677445348e-11, 1.50984683089e-10, 6.0446529726e-11, 9.28500332176e-11, 2.43926233379e-11, 1.28373934746e-11, 1.10450320764e-11, 7.8048184235e-12, 3.70759846435e-12, 3.43846826012e-12],
        "dvar2": [0.00217674952, 0.000467359932372, 1.9347136913e-05, 1.57068802764e-06, 3.41455461239e-07, 9.6389364046e-08, 2.48206326603e-08, 4.03756814649e-08, 2.72193059203e-08, 5.35357322917e-08, 9.55425782934e-09, 1.00847090678e-08, 1.1032406988e-08, 9.11805031478e-09, 8.79422845657e-09, 7.13658021567e-09, 2.75906275604e-09, 2.24911622659e-09, 1.93761939826e-09, 6.15550721506e-09, 1.82210924127e-09, 8.13415557133e-10, 9.02121821689e-10, 4.63990290633e-10, 4.24552615286e-10, 4.52514831162e-10, 4.56760768097e-10, 2.44596731758e-10, 1.47885606538e-10, 1.36429520459e-10, 1.56518423222e-10, 4.19295792531e-10, 1.62514543489e-10, 2.52314363847e-10, 6.43325046012e-11, 3.4290258133e-11, 2.9834971299e-11, 2.09175975152e-11, 9.74835143164e-12, 8.79646702701e-12],
        "max": [0.38149279356, 0.226318866014, 0.0411101169884, 0.0147241447121, 0.00897374842316, 0.0046651228331, 0.00235707662068, 0.00299345096573, 0.00252412492409, 0.00342387007549, 0.00121974875219, 0.00127550575417, 0.00183170242235, 0.00120542955119, 0.00205925223418, 0.00154182186816, 0.000482172617922, 0.000744305667467, 0.000557539926376, 0.000920995546039, 0.000689300301019, 0.000463761622086, 0.000385230814572, 0.000226142292377, 0.000320093240589, 0.00033531562076, 0.000325014058035, 0.000182340780157, 0.000164764001966, 0.000126521888888, 0.000141595373861, 0.00030852825148, 0.000178367190529, 0.000210919301026, 0.000119552511023, 8.00482739578e-05, 7.68914178479e-05, 7.28411177988e-05, 4.77868088637e-05, 5.27356496605e-05],
        "mean": [0.0291636623442, 0.0111289937049, 0.00172282813583, 0.000555898062885, 0.000271561206318, 0.00022786136833, 9.24697233131e-05, 9.3528535217e-05, 9.69694301602e-05, 0.000106186205812, 5.90484632994e-05, 5.69317417103e-05, 5.73134893784e-05, 5.87825743423e-05, 4.12209992646e-05, 4.16034781665e-05, 3.15318357025e-05, 2.46408872044e-05, 2.30731493502e-05, 3.30047005264e-05, 1.67212911037e-05, 1.18035077321e-05, 9.44861585594e-06, 7.92613263911e-06, 6.3397633312e-06, 5.30287979927e-06, 4.66136634714e-06, 3.66279596165e-06, 2.78299035017e-06, 2.56204634752e-06, 2.1354483124e-06, 1.99339228857e-06, 1.62254104907e-06, 1.59494868512e-06, 1.1058259588e-06, 8.71390113844e-07, 7.26536939055e-07, 6.33438389741e-07, 5.01013346366e-07, 4.28909629591e-07],
        "median": [0.0138959782198, 0.00382149661891, 0.000653487164527, 0.000203419185709, 0.000138516305014, 0.000112485155114, 5.42327470612e-05, 4.77507564938e-05, 4.0767066821e-05, 4.86829158035e-05, 3.70543639292e-05, 3.46745691786e-05, 3.23812273564e-05, 3.27952184307e-05, 2.2400976377e-05, 1.9111608708e-05, 1.40799893416e-05, 9.82611345535e-06, 8.27834446682e-06, 7.29871953808e-06, 5.16054387845e-06, 3.45776743416e-06, 3.055336947e-06, 2.184033292e-06, 1.56543524099e-06, 1.48437743519e-06, 1.16563217034e-06, 8.46110026487e-07, 6.17826458438e-07, 4.85121745442e-07, 3.06128839611e-07, 1.91707215436e-07, 1.42856336538e-07, 1.02972535387e-07, 7.72087105361e-08, 5.95976032969e-08, 4.36117666425e-08, 2.94990663008e-08, 2.04675636439e-08, 1.32143327392e-08],
        "min": [3.58515035545e-24, 1.39504166186e-23, 1.85168491979e-24, 5.96443373169e-24, 9.21421091734e-24, 9.3201612478e-24, 9.37905839185e-24, 8.54186161238e-24, 8.88823544751e-24, 7.56873068831e-24, 8.82255883284e-24, 1.01989712289e-23, 6.26006132808e-24, 8.81463551391e-24, 5.33054731231e-24, 7.79182844091e-24, 9.52982075489e-24, 6.93541658752e-24, 1.18985073626e-23, 1.37872454735e-23, 1.25478826714e-23, 6.23231235687e-24, 1.01443623327e-23, 9.06218401027e-24, 9.79298633059e-24, 7.30989517011e-24, 1.45119530545e-23, 7.39644346661e-24, 5.00408077656e-24, 6.81502458047e-24, 1.14965701096e-23, 7.84620856742e-24, 4.64078350844e-24, 7.86816651071e-24, 1.13791852403e-23, 7.25389393445e-24, 9.43926741158e-24, 8.83080164044e-24, 5.7796347816e-24, 9.86799911407e-24],
        "var": [0.001613691682, 0.000384875951568, 1.01785526567e-05, 1.16667172279e-06, 2.13941717675e-07, 1.36266592676e-07, 1.49158534413e-08, 2.06412114068e-08, 2.9007725999e-08, 3.14252872613e-08, 5.89533266648e-09, 4.94005325535e-09, 6.84741507939e-09, 5.90221471697e-09, 3.66159147447e-09, 6.22632434499e-09, 2.21702078917e-09, 1.79026804492e-09, 1.45610723479e-09, 4.4048222847e-09, 9.27905974279e-10, 4.83939832652e-10, 4.54889931278e-10, 2.57017934713e-10, 1.96879249015e-10, 1.64036451089e-10, 1.59947652345e-10, 9.26680468472e-11, 5.50846243619e-11, 4.9570934163e-11, 4.95948074275e-11, 1.03112962613e-10, 4.78696145223e-11, 6.99958702111e-11, 2.20723560956e-11, 1.17863141122e-11, 9.71624950635e-12, 7.29831299562e-12, 3.96491129859e-12, 3.73478505067e-12]
    },
    "mfcc": {
        "mean": [-683.169616699, 164.810577393, -3.05006527901, 34.0949325562, 14.413433075, 22.3152809143, 14.4240865707, 12.8872890472, 9.51398944855, 8.58313465118, 3.85615944862, 6.13712310791, 4.86464500427],
        "cov": [[8954.70507812, -1704.44934082, -378.745544434, -99.4632415771, -8.29253196716, 158.513137817, -114.140487671, 102.648887634, 7.82406949997, 182.209686279, 152.658340454, 83.4036407471, 44.3780593872], [-1704.44934082, 2323.05541992, -565.785827637, -63.8529853821, -69.6871795654, -68.6618347168, 144.518096924, -4.89281702042, 75.4308242798, -16.3889579773, -36.6649093628, 36.6941680908, 25.3299980164], [-378.745544434, -565.785827637, 702.801818848, 86.3837127686, 95.55027771, -42.5682411194, -15.213095665, 27.7444171906, -20.2097015381, 17.8760356903, 6.52424001694, -13.2782897949, -14.6269292831], [-99.4632415771, -63.8529853821, 86.3837127686, 292.30380249, 75.1741256714, 44.9826469421, -2.73166370392, 7.97165107727, 8.52480697632, 5.19937944412, 0.106423154473, -6.41267538071, -8.93418312073], [-8.29253196716, -69.6871795654, 95.55027771, 75.1741256714, 244.04750061, 68.84715271, 20.4722232819, 10.3591976166, 9.15736293793, 5.27169418335, -5.8437538147, -1.27443277836, 0.20576864481], [158.513137817, -68.6618347168, -42.5682411194, 44.9826469421, 68.84715271, 157.221496582, 18.29737854, 25.1067962646, 16.2310123444, 5.5929274559, 4.29318571091, 5.29404687881, 7.60315465927], [-114.140487671, 144.518096924, -15.213095665, -2.73166370392, 20.4722232819, 18.29737854, 106.994377136, 29.0504684448, 29.3750801086, 10.8929052353, 13.8841791153, 6.54254579544, 2.76464962959], [102.648887634, -4.89281702042, 27.7444171906, 7.97165107727, 10.3591976166, 25.1067962646, 29.0504684448, 88.8202667236, 31.0987472534, 29.3203334808, 18.2765827179, 17.773443222, 7.4829864502], [7.82406949997, 75.4308242798, -20.2097015381, 8.52480697632, 9.15736293793, 16.2310123444, 29.3750801086, 31.0987472534, 76.6236877441, 25.3771896362, 15.7954130173, 7.76118183136, 10.5996952057], [182.209686279, -16.3889579773, 17.8760356903, 5.19937944412, 5.27169418335, 5.5929274559, 10.8929052353, 29.3203334808, 25.3771896362, 67.3618545532, 30.2143306732, 18.9520397186, 4.49664020538], [152.658340454, -36.6649093628, 6.52424001694, 0.106423154473, -5.8437538147, 4.29318571091, 13.8841791153, 18.2765827179, 15.7954130173, 30.2143306732, 62.496307373, 25.6838321686, 13.4924001694], [83.4036407471, 36.6941680908, -13.2782897949, -6.41267538071, -1.27443277836, 5.29404687881, 6.54254579544, 17.773443222, 7.76118183136, 18.9520397186, 25.6838321686, 57.5816345215, 20.2943401337], [44.3780593872, 25.3299980164, -14.6269292831, -8.93418312073, 0.20576864481, 7.60315465927, 2.76464962959, 7.4829864502, 10.5996952057, 4.49664020538, 13.4924001694, 20.2943401337, 52.5012512207]],
