{
"lowlevel": {
    "average_loudness": 0.860505819321,
    "barkbands_crest": {
        "dmean": 3.14982366562,
        "dmean2": 4.80236530304,
        "dvar": 12.2343425751,
        "dvar2": 26.0888652802,
        "max": 26.4077606201,
        "mean": 13.355348587,
        "median": 13.558391571,
        "min": 1.98628211021,
        "var": 36.1028022766
    },
    "barkbands_flatness_db": {
        "dmean": 0.0317402221262,
        "dmean2": 0.0477383993566,
        "dvar": 0.00160401815083,
        "dvar2": 0.00347490282729,
        "max": 0.521960675716,
        "mean": 0.133901238441,
        "median": 0.114245645702,
        "min": 0.0129651436582,
        "var": 0.00605958420783
    },
    "barkbands_kurtosis": {
        "dmean": 10.22311306,
        "dmean2": 15.3809728622,
        "dvar": 1343.84118652,
        "dvar2": 2888.97875977,
        "max": 1359.63024902,
        "mean": 11.7158174515,
        "median": 1.08293914795,
        "min": -1.92309236526,
        "var": 2163.79760742
    },
    "barkbands_skewness": {
        "dmean": 1.06879103184,
        "dmean2": 1.51012694836,
        "dvar": 2.67835235596,
        "dvar2": 5.24036502838,
        "max": 31.1652908325,
        "mean": 1.92083883286,
        "median": 1.2888507843,
        "min": -3.80857205391,
        "var": 7.70434713364
    },
    "barkbands_spread": {
        "dmean": 10.0703430176,
        "dmean2": 15.4391899109,
        "dvar": 150.861465454,
        "dvar2": 322.84979248,
        "max": 105.653198242,
        "mean": 33.0109672546,
        "median": 31.4670639038,
        "min": 0.271503359079,
        "var": 447.46987915
    },
    "dissonance": {
        "dmean": 0.00900815986097,
        "dmean2": 0.0149955647066,
        "dvar": 0.000130832544528,
        "dvar2": 0.000340501923347,
        "max": 0.500000178814,
        "mean": 0.486942946911,
        "median": 0.492024183273,
        "min": 0.340751737356,
        "var": 0.000213575593079
    },
    "dynamic_complexity": 3.06818342209,
    "erbbands_crest": {
        "dmean": 2.9211397171,
        "dmean2": 4.84298563004,
        "dvar": 13.3667621613,
        "dvar2": 32.9569740295,
        "max": 29.89179039,
        "mean": 8.10732746124,
        "median": 6.87040758133,
        "min": 2.3928937912,
        "var": 18.4182949066
    },
    "erbbands_flatness_db": {
        "dmean": 0.0166738610715,
        "dmean2": 0.0258632395416,
        "dvar": 0.000374116702005,
        "dvar2": 0.000933767994866,
        "max": 0.517324388027,
        "mean": 0.138815000653,
        "median": 0.121740028262,
        "min": 0.0551685914397,
        "var": 0.00449651433155
    },
    "erbbands_kurtosis": {
        "dmean": 1.17002987862,
        "dmean2": 1.8946583271,
        "dvar": 3.42578458786,
        "dvar2": 9.02958869934,
        "max": 30.7337188721,
        "mean": 1.15770900249,
        "median": 0.72007393837,
        "min": -1.85337626934,
        "var": 4.76694393158
    },
    "erbbands_skewness": {
        "dmean": 0.432563781738,
        "dmean2": 0.665468275547,
        "dvar": 0.292203873396,
        "dvar2": 0.641638576984,
        "max": 4.6660695076,
        "mean": -0.104776740074,
        "median": -0.127335816622,
        "min": -4.08018350601,
        "var": 0.637216866016
    },
    "erbbands_spread": {
        "dmean": 11.1016740799,
        "dmean2": 16.6988582611,
        "dvar": 267.726318359,
        "dvar2": 538.426696777,
        "max": 194.028961182,
        "mean": 37.8788261414,
        "median": 30.8558998108,
        "min": 1.79435932636,
        "var": 664.503051758
    },
    "hfc": {
        "dmean": 8.25992202759,
        "dmean2": 12.3592271805,
        "dvar": 146.92880249,
        "dvar2": 347.268615723,
        "max": 145.053146362,
        "mean": 30.6021690369,
        "median": 26.8615245819,
        "min": 1.08204700303e-16,
        "var": 465.210876465
    },
    "melbands_crest": {
        "dmean": 4.03592300415,
        "dmean2": 6.24419212341,
        "dvar": 20.4071922302,
        "dvar2": 47.2802848816,
        "max": 38.5369224548,
        "mean": 23.3696079254,
        "median": 26.4541740417,
        "min": 1.00220739841,
        "var": 89.8539428711
    },
    "melbands_flatness_db": {
        "dmean": 0.0393613129854,
        "dmean2": 0.0566360801458,
        "dvar": 0.002496792702,
        "dvar2": 0.00496610719711,
        "max": 0.654918432236,
        "mean": 0.194702669978,
        "median": 0.179989352822,
        "min": -3.96917101853e-07,
        "var": 0.0099385054782
    },
    "melbands_kurtosis": {
        "dmean": 34.2879104614,
        "dmean2": 54.5794830322,
        "dvar": 8127.359375,
        "dvar2": 18980.0917969,
        "max": 1999.18359375,
        "mean": 45.2053833008,
        "median": 8.41231060028,
        "min": -1.88227689266,
        "var": 14177.859375
    },
    "melbands_skewness": {
        "dmean": 1.71794402599,
        "dmean2": 2.52658104897,
        "dvar": 6.96266222,
        "dvar2": 14.8020887375,
        "max": 35.1981239319,
        "mean": 4.04545545578,
        "median": 2.91290092468,
        "min": -2.65136098862,
        "var": 18.476600647
    },
    "melbands_spread": {
        "dmean": 12.9848403931,
        "dmean2": 19.0576667786,
        "dvar": 326.063537598,
        "dvar2": 604.045166016,
        "max": 227.987121582,
        "mean": 35.8561134338,
        "median": 26.4061584473,
        "min": 0.143158644438,
        "var": 1125.08544922
    },
    "pitch_salience": {
        "dmean": 0.0945649445057,
        "dmean2": 0.144450560212,
        "dvar": 0.0127989100292,
        "dvar2": 0.0278746206313,
        "max": 0.99769872427,
        "mean": 0.422518998384,
        "median": 0.406997025013,
        "min": 0.0233358945698,
        "var": 0.0436178147793
    },
    "silence_rate_20dB": {
        "dmean": 0,
        "dmean2": 0,
        "dvar": 0,
        "dvar2": 0,
        "max": 1,
        "mean": 1,
        "median": 1,
        "min": 1,
        "var": 0
    },
    "silence_rate_30dB": {
        "dmean": 0.0682570114732,
        "dmean2": 0.136525899172,
        "dvar": 0.0635933205485,
        "dvar2": 0.123640224338,
        "max": 1,
        "mean": 0.913728535175,
        "median": 1,
        "min": 0,
        "var": 0.0788314715028
    },
    "silence_rate_60dB": {
        "dmean": 0.0221138782799,
        "dmean2": 0.0442316047847,
        "dvar": 0.0216242261231,
        "dvar2": 0.0494118928909,
        "max": 1,
        "mean": 0.0830504074693,
        "median": 0,
        "min": 0,
        "var": 0.0761533454061
    },
    "spectral_centroid": {
        "dmean": 372.007019043,
        "dmean2": 555.608459473,
        "dvar": 257252.15625,
        "dvar2": 453191.71875,
        "max": 11449.7744141,
        "mean": 2237.16699219,
        "median": 2314.87744141,
        "min": 116.658226013,
        "var": 843165.6875
    },
    "spectral_complexity": {
        "dmean": 5.31203222275,
        "dmean2": 8.28437137604,
        "dvar": 37.8630905151,
        "dvar2": 81.5887145996,
        "max": 58,
        "mean": 23.9686603546,
        "median": 23,
        "min": 0,
        "var": 194.374481201
    },
    "spectral_decrease": {
        "dmean": 4.44983339065e-09,
        "dmean2": 6.56747678462e-09,
        "dvar": 3.6040616631e-17,
        "dvar2": 8.08051895452e-17,
        "max": 1.51431971519e-28,
        "mean": -1.16997123101e-08,
        "median": -9.73710090335e-09,
        "min": -5.16813152274e-08,
        "var": 1.04128751291e-16
    },
    "spectral_energy": {
        "dmean": 0.0169489495456,
        "dmean2": 0.0249429829419,
        "dvar": 0.000504769850522,
        "dvar2": 0.0011370802531,
        "max": 0.196382150054,
        "mean": 0.0469332821667,
        "median": 0.0404144972563,
        "min": 9.99663603024e-21,
        "var": 0.00151584984269
    },
    "spectral_energyband_high": {
        "dmean": 0.000762405747082,
        "dmean2": 0.00119590153918,
        "dvar": 1.7541260604e-06,
        "dvar2": 4.09996710005e-06,
        "max": 0.0213758107275,
        "mean": 0.00203262246214,
        "median": 0.00167488446459,
        "min": 6.90284240659e-21,
        "var": 4.28003295383e-06
    },
    "spectral_energyband_low": {
        "dmean": 0.0142406085506,
        "dmean2": 0.0202674549073,
        "dvar": 0.000489229511004,
        "dvar2": 0.00102391990367,
        "max": 0.192849621177,
        "mean": 0.0332905054092,
        "median": 0.0219843015075,
        "min": 1.80578623131e-23,
        "var": 0.00141967309173
    },
    "spectral_energyband_middle_high": {
        "dmean": 0.00212339148857,
        "dmean2": 0.00325260846876,
        "dvar": 9.25066160562e-06,
        "dvar2": 1.95428692678e-05,
        "max": 0.0472005084157,
        "mean": 0.00628227600828,
        "median": 0.00465822825208,
        "min": 1.2529239711e-21,
        "var": 3.15449324262e-05
    },
    "spectral_energyband_middle_low": {
        "dmean": 0.00515089929104,
        "dmean2": 0.00830015726388,
        "dvar": 0.000232233083807,
        "dvar2": 0.000533259357326,
        "max": 0.12092576921,
        "mean": 0.00548674119636,
        "median": 0.00170034600887,
        "min": 1.91706187775e-22,
        "var": 0.00021689273126
    },
    "spectral_entropy": {
        "dmean": 0.144044473767,
        "dmean2": 0.22970661521,
        "dvar": 0.0490862056613,
        "dvar2": 0.118543349206,
        "max": 9.81613731384,
        "mean": 8.0436258316,
        "median": 8.15874290466,
        "min": 6.11164236069,
        "var": 0.159462600946
    },
    "spectral_flux": {
        "dmean": 0.0353962257504,
        "dmean2": 0.0574852898717,
        "dvar": 0.00243181409314,
        "dvar2": 0.00599983008578,
        "max": 0.404974102974,
        "mean": 0.102792821825,
        "median": 0.0783392712474,
        "min": 6.37705652173e-11,
        "var": 0.00526475533843
    },
    "spectral_kurtosis": {
        "dmean": 1.75803983212,
        "dmean2": 2.99961805344,
        "dvar": 60.7923088074,
        "dvar2": 188.160858154,
        "max": 208.501846313,
        "mean": 5.98376893997,
        "median": 3.00212860107,
        "min": -1.23515212536,
        "var": 344.58416748
    },
    "spectral_rms": {
        "dmean": 0.00114574411418,
        "dmean2": 0.00159720389638,
        "dvar": 1.78092670922e-06,
        "dvar2": 3.53487871507e-06,
        "max": 0.013841688633,
        "mean": 0.00604467839003,
        "median": 0.00627923384309,
        "min": 3.12294981542e-12,
        "var": 9.25038057176e-06
    },
    "spectral_rolloff": {
        "dmean": 879.425292969,
        "dmean2": 1399.95593262,
        "dvar": 2188640.25,
        "dvar2": 4135731.75,
        "max": 19595.2148438,
        "mean": 2329.27832031,
        "median": 1701.12304688,
        "min": 43.06640625,
        "var": 6312940.5
    },
    "spectral_skewness": {
        "dmean": 0.194658070803,
        "dmean2": 0.312373697758,
        "dvar": 0.161467939615,
        "dvar2": 0.501192688942,
        "max": 10.9098482132,
        "mean": 1.50250911713,
        "median": 1.37901425362,
        "min": -0.0598873496056,
        "var": 0.892668128014
    },
    "spectral_spread": {
        "dmean": 550403.3125,
        "dmean2": 779909.6875,
        "dvar": 570280312832,
        "dvar2": 1.08419828941e+12,
        "max": 42025668,
        "mean": 5474572.5,
        "median": 5405020.5,
        "min": 334565.8125,
        "var": 5.63442614272e+12
    },
    "spectral_strongpeak": {
        "dmean": 0.364086419344,
        "dmean2": 0.599066317081,
        "dvar": 0.456002920866,
        "dvar2": 1.11662328243,
        "max": 11.9685163498,
        "mean": 0.59606307745,
        "median": 0.340561270714,
        "min": 0,
        "var": 0.582398712635
    },
    "zerocrossingrate": {
        "dmean": 0.0178440734744,
        "dmean2": 0.0193372983485,
        "dvar": 0.000491190818138,
        "dvar2": 0.000495872460306,
        "max": 0.7626953125,
        "mean": 0.0875021964312,
        "median": 0.072265625,
        "min": 0.0029296875,
        "var": 0.0040066819638
    },
    "barkbands": {
        "dmean": [0.00235745240934, 0.0111881997436, 0.00448938971385, 0.000800977228209, 0.00408217078075, 0.000286947761197, 0.000151955813635, 9.26250140765e-05, 0.000306727655698, 0.000252864527283, 0.000259474501945, 0.000326265231706, 0.000463590928121, 0.000485654571094, 0.000439451396232, 0.00027622730704, 0.000377090851543, 0.000306274392642, 0.000208327692235, 0.000266439572442, 0.000199283094844, 0.000194706299226, 0.000163199816598, 0.00011010565504, 8.03407165222e-05, 6.48725763313e-05, 2.98227168969e-05],
        "dmean2": [0.00397242326289, 0.016105979681, 0.00708760041744, 0.00144958146848, 0.00661243451759, 0.000431620865129, 0.000242028938374, 0.000148819977767, 0.000486822915263, 0.000404556165449, 0.000414524576627, 0.000530416727997, 0.000749882601667, 0.00077040004544, 0.000696064787917, 0.000449114100775, 0.000637259683572, 0.000510824436788, 0.000331558985636, 0.000421688368078, 0.000329758942826, 0.000320073915645, 0.000276365695754, 0.000177749490831, 0.000121989382023, 9.87736711977e-05, 4.70831109851e-05],
        "dvar": [2.2952508516e-05, 0.000379439035896, 0.000180286733666, 6.14609780314e-06, 0.000230651712627, 9.2634519433e-07, 2.71208079994e-07, 3.3801896393e-08, 5.97981113515e-07, 4.5156045303e-07, 2.08099677934e-07, 5.83408109378e-07, 5.29727628873e-07, 8.07907156286e-07, 7.46983459976e-07, 1.98927835982e-07, 4.8190184998e-07, 3.62047927638e-07, 2.39895967979e-07, 3.9542334207e-07, 1.43490296978e-07, 1.60518894177e-07, 1.02946899005e-07, 3.09838945611e-08, 1.21491119387e-08, 1.05068185263e-08, 3.79707953968e-09],
        "dvar2": [8.13685182948e-05, 0.000761127681471, 0.000386656989576, 1.70569874172e-05, 0.000536224339157, 1.74733031599e-06, 6.50202252928e-07, 8.13701888092e-08, 1.30685134536e-06, 1.02281205727e-06, 4.8079203907e-07, 1.33035666749e-06, 1.3033235291e-06, 1.885139568e-06, 1.64455104823e-06, 4.68674045351e-07, 1.26619636376e-06, 8.82416088643e-07, 5.30385591446e-07, 8.69045265972e-07, 3.44370448602e-07, 3.45972097193e-07, 2.64939501449e-07, 7.45135224633e-08, 2.91800610341e-08, 2.64866901745e-08, 1.02897006471e-08],
        "max": [0.0455863289535, 0.180003076792, 0.107888244092, 0.0475103855133, 0.119575336576, 0.0352468788624, 0.0150846019387, 0.00429401732981, 0.016803400591, 0.0278916992247, 0.0100914146751, 0.0260389167815, 0.0143059100956, 0.0188919287175, 0.0246719606221, 0.0102564739063, 0.0102127511054, 0.0121902534738, 0.0161430779845, 0.0138799510896, 0.0076304320246, 0.00909307599068, 0.00574615271762, 0.00504080532119, 0.00178704515565, 0.00158716703299, 0.00194590422325],
        "mean": [0.00424197502434, 0.0247535780072, 0.00421625655144, 0.000679245393258, 0.00344406301156, 0.000405938277254, 0.000214383762795, 0.000144844030729, 0.000466603203677, 0.000377299991669, 0.000434986955952, 0.000545812188648, 0.000871819560416, 0.000924756226595, 0.000820738438051, 0.000528809323441, 0.000619743368588, 0.00052485865308, 0.000403785263188, 0.000528552220203, 0.000391166628106, 0.000391329813283, 0.000318429141771, 0.000269715266768, 0.000204079406103, 0.000158654118422, 5.17052867508e-05],
        "median": [0.00157678173855, 0.01495701354, 0.000282377004623, 0.000164849625435, 0.000254753220361, 9.45806750678e-05, 6.17044788669e-05, 5.78940052947e-05, 0.000154802706675, 0.00015436366084, 0.000188104240806, 0.000281007902231, 0.000502924667671, 0.000423096120358, 0.000391007517464, 0.000272079487331, 0.000346728542354, 0.000250203418545, 0.000239135391894, 0.000306490430376, 0.000259244086919, 0.000278023508145, 0.000238942040596, 0.000213184583117, 0.000159306655405, 0.000117132905871, 1.64780358318e-05],
        "min": [9.31981079634e-25, 5.5311337357e-24, 3.14028072821e-24, 1.28340707582e-24, 8.6386477457e-24, 6.46434672024e-24, 1.81828257691e-23, 1.0895349237e-23, 3.54613045518e-23, 1.36681148551e-23, 1.60174073174e-23, 4.27510798246e-23, 3.85440909279e-23, 6.09675757548e-23, 4.78597083369e-23, 6.07942409258e-23, 8.63440888051e-23, 9.06626983644e-23, 1.5084365989e-22, 2.05353620274e-22, 2.58803604038e-22, 3.57607561514e-22, 4.37194892583e-22, 5.86908979388e-22, 8.96525247411e-22, 1.33161417168e-21, 1.99484055902e-21],
        "var": [3.82140387956e-05, 0.000886525842361, 0.000184592790902, 4.11732889916e-06, 0.000205072079552, 2.38373809225e-06, 3.6717904095e-07, 7.215966491e-08, 1.04092316633e-06, 6.73892088798e-07, 4.72925648864e-07, 8.26910081742e-07, 1.23617189729e-06, 1.89508875792e-06, 1.647583872e-06, 5.19031345902e-07, 6.30885324426e-07, 5.86944679526e-07, 5.20925652836e-07, 9.25037056732e-07, 2.81486421727e-07, 3.29198854843e-07, 1.57067248097e-07, 8.28072472814e-08, 3.92649930347e-08, 2.83611285568e-08, 6.74049926985e-09]
    },
    "erbbands": {
        "dmean": [0.500918388367, 2.18495178223, 5.59047651291, 3.46300768852, 5.69019365311, 21.3173084259, 3.59188914299, 2.73417472839, 2.623285532, 1.89963126183, 2.51862740517, 7.16639328003, 8.37943840027, 7.5933098793, 10.2399597168, 14.0867156982, 21.3962898254, 21.7020759583, 22.6159687042, 21.7718029022, 15.5437936783, 19.0492210388, 17.829328537, 11.7847146988, 10.8985815048, 12.7935647964, 8.90007591248, 7.87926006317, 6.79800081253, 6.71507835388, 4.13076210022, 2.78273558617, 1.63551843166, 0.988768339157, 0.567859828472, 0.298436939716, 0.123197957873, 0.0415654741228, 0.00477676512673, 7.10149251972e-05],
        "dmean2": [0.699868202209, 3.2711288929, 8.60127639771, 5.69514894485, 9.45145320892, 34.6542434692, 5.65258598328, 3.98438763618, 4.06137418747, 2.9602997303, 4.00342464447, 11.2378969193, 13.1051168442, 12.2761631012, 16.3939342499, 22.7202320099, 34.464630127, 34.5495567322, 34.9460639954, 34.8078384399, 25.4432544708, 31.7804775238, 29.9461612701, 18.8356990814, 17.3748378754, 20.2076816559, 14.786895752, 12.8218774796, 11.0190143585, 11.3230485916, 6.91422319412, 4.61815690994, 2.61022853851, 1.55064964294, 0.864187598228, 0.45318248868, 0.191110193729, 0.0650402605534, 0.00760220643133, 0.000110730296001],
        "dvar": [0.612309217453, 23.2380485535, 265.252502441, 101.156364441, 325.704406738, 6860.49658203, 106.465309143, 103.514007568, 109.10723877, 16.858499527, 26.2536430359, 349.428222656, 697.203613281, 220.94241333, 323.860992432, 1080.66101074, 1103.89111328, 1816.5904541, 2068.37597656, 1931.69580078, 675.549743652, 1170.50585938, 1388.49816895, 510.966796875, 765.612243652, 909.706481934, 316.521514893, 244.882095337, 221.926925659, 189.184326172, 53.0661277771, 23.1260280609, 5.59483242035, 2.00104022026, 0.599898636341, 0.186106517911, 0.0423867292702, 0.00631014769897, 9.76468727458e-05, 1.53174344319e-08],
        "dvar2": [1.23329758644, 49.937789917, 571.361022949, 261.710754395, 788.858886719, 16147.7060547, 225.697799683, 193.503433228, 249.256118774, 38.0871353149, 66.3697509766, 716.618713379, 1549.82983398, 535.70489502, 765.706665039, 2458.38769531, 2661.51757812, 4454.22119141, 4336.45019531, 4454.74267578, 1615.52075195, 2984.35180664, 3453.12695312, 1156.89123535, 1722.3560791, 1993.16516113, 803.59588623, 541.914733887, 476.548858643, 473.309173584, 134.62197876, 57.5336761475, 13.2347917557, 4.94029045105, 1.44103109837, 0.458263546228, 0.108964815736, 0.0166398826987, 0.000261628680164, 3.99680075702e-08],
        "max": [8.92747974396, 40.7456703186, 126.138397217, 102.042449951, 328.629394531, 648.85748291, 83.7113113403, 417.583984375, 304.136749268, 98.6792984009, 120.639526367, 429.2215271, 1025.03967285, 457.347686768, 537.495117188, 1204.94262695, 580.363952637, 974.939941406, 943.850524902, 1735.16064453, 535.177490234, 695.748535156, 1018.88616943, 561.166442871, 753.713134766, 712.423095703, 390.115509033, 395.606445312, 373.779602051, 244.223709106, 150.586349487, 137.426147461, 65.8735198975, 36.6719589233, 12.9238796234, 7.35307741165, 3.80752015114, 1.74660468102, 0.336903184652, 0.00428007729352],
        "mean": [1.17254424095, 3.68037962914, 5.61908054352, 3.13048434258, 5.09997463226, 17.3125305176, 3.78627157211, 3.92977285385, 3.71637606621, 3.07933855057, 4.19104766846, 10.9667377472, 12.0471591949, 13.0242538452, 18.5545578003, 25.5745983124, 40.9117202759, 42.9090805054, 46.0390892029, 40.1810073853, 30.2150592804, 33.7369308472, 30.4192829132, 22.7876434326, 21.5659065247, 25.3455314636, 17.2912216187, 15.4556369781, 13.6405639648, 12.1159667969, 8.59565925598, 6.21631813049, 4.06024265289, 2.39009428024, 1.39524400234, 0.709757745266, 0.283548682928, 0.0881738066673, 0.00811390765011, 0.000176940564415],
        "median": [0.659578919411, 1.44510447979, 0.514600276947, 0.670744240284, 0.885417461395, 0.81084638834, 0.778202414513, 0.867907822132, 0.797812819481, 1.1011929512, 2.1485285759, 3.62299895287, 4.27352333069, 6.83008623123, 9.32176017761, 15.0389404297, 24.0431804657, 20.673866272, 21.8170871735, 20.9121513367, 16.0123729706, 19.2750244141, 14.8164224625, 13.1314954758, 12.9470539093, 14.5421190262, 11.1744995117, 10.5535144806, 9.47721481323, 8.5555934906, 6.62058639526, 4.83483171463, 3.22045707703, 1.89265692234, 1.05206823349, 0.538324415684, 0.189359635115, 0.0461017414927, 0.00246522342786, 0.000126660248498],
        "min": [1.25755068448e-22, 1.12799243557e-21, 3.5158758598e-21, 8.55808978124e-21, 1.47336748317e-20, 3.49568304011e-20, 4.8111548306e-20, 5.26361228591e-20, 1.89848044769e-19, 3.223975987e-19, 5.30542581351e-19, 8.74891976695e-19, 4.26528600129e-19, 1.18341431855e-18, 1.151617806e-18, 1.63657105167e-18, 2.20190515978e-18, 2.76923008483e-18, 2.66604343931e-18, 4.30445393387e-18, 4.36998524995e-18, 5.37529507151e-18, 5.00761453e-18, 6.06457557697e-18, 8.42794225641e-18, 9.70813329452e-18, 9.02869789271e-18, 1.00222286624e-17, 1.15582873434e-17, 1.33778687969e-17, 1.14848692738e-17, 1.23157721991e-17, 9.1553516522e-18, 9.22213407896e-18, 6.1313075457e-18, 4.67673525395e-18, 2.27424210435e-18, 8.6475818701e-19, 2.40361418613e-19, 2.58636646234e-20],
        "var": [1.75478577614, 38.1087684631, 283.605255127, 79.5188827515, 281.807006836, 5955.08398438, 115.082519531, 266.730163574, 196.640594482, 37.2716293335, 42.3687095642, 650.673950195, 1019.22869873, 367.713317871, 731.822570801, 1588.88183594, 2556.77270508, 3808.13061523, 5935.58544922, 3637.01098633, 1549.21203613, 1768.23083496, 2015.24243164, 1129.2635498, 1659.48706055, 2096.58935547, 626.329833984, 491.92590332, 459.146514893, 285.42388916, 97.8330917358, 51.7518234253, 16.5710868835, 5.52181482315, 1.93945205212, 0.526523768902, 0.101251371205, 0.0137238204479, 0.000170481856912, 3.29750342587e-08]
    },
    "gfcc": {
        "mean": [10.7493457794, 29.3033676147, -115.395759583, 36.1468315125, -30.4917678833, 35.4985923767, -24.8836898804, 12.8471651077, -19.724779129, 10.2098722458, -14.2842884064, 7.32142972946, -10.504652977],
        "cov": [[15843.7597656, -1736.39880371, 1788.33776855, 2398.81518555, -172.287750244, 365.078918457, -199.835174561, 368.06439209, -403.626983643, 305.208770752, -249.096420288, 318.794677734, -64.318359375], [-1736.39880371, 1824.08825684, -399.838470459, -379.267730713, 221.138473511, -4.29363250732, 208.495346069, 77.5281295776, 211.361129761, -2.07852435112, 172.664978027, -60.8522491455, 56.7305908203], [1788.33776855, -399.838470459, 1493.32055664, 731.041870117, 155.159286499, 173.483215332, -22.2102203369, 48.379776001, -147.837341309, 63.3853569031, -82.1409683228, 91.2083435059, 14.4269504547], [2398.81518555, -379.267730713, 731.041870117, 1109.46386719, 93.0254898071, 209.508361816, 35.9140167236, 106.474143982, -86.284362793, 82.0243148804, -24.2195777893, 35.8870239258, -4.51198482513], [-172.287750244, 221.138473511, 155.159286499, 93.0254898071, 391.812774658, 188.554550171, 138.22744751, 102.521224976, 118.97795105, 78.7006378174, 85.7859268188, 39.4241752625, 27.6639575958], [365.078918457, -4.29363250732, 173.483215332, 209.508361816, 188.554550171, 306.021209717, 156.496490479, 127.044555664, 90.134765625, 115.120101929, 64.6091308594, 45.7793235779, 12.0110883713], [-199.835174561, 208.495346069, -22.2102203369, 35.9140167236, 138.22744751, 156.496490479, 243.955169678, 152.608047485, 130.030838013, 86.9351577759, 86.2824325562, 14.324877739, 15.8561935425], [368.06439209, 77.5281295776, 48.379776001, 106.474143982, 102.521224976, 127.044555664, 152.608047485, 204.756484985, 125.949691772, 106.739097595, 61.7659034729, 31.5113296509, 4.76587581635], [-403.626983643, 211.361129761, -147.837341309, -86.284362793, 118.97795105, 90.134765625, 130.030838013, 125.949691772, 203.958053589, 104.857818604, 98.0673980713, 22.7186985016, 19.3848323822], [305.208770752, -2.07852435112, 63.3853569031, 82.0243148804, 78.7006378174, 115.120101929, 86.9351577759, 106.739097595, 104.857818604, 152.560699463, 83.4966888428, 45.6009254456, 7.10847234726], [-249.096420288, 172.664978027, -82.1409683228, -24.2195777893, 85.7859268188, 64.6091308594, 86.2824325562, 61.7659034729, 98.0673980713, 83.4966888428, 129.095703125, 47.7189559937, 34.3378753662], [318.794677734, -60.8522491455, 91.2083435059, 35.8870239258, 39.4241752625, 45.7793235779, 14.324877739, 31.5113296509, 22.7186985016, 45.6009254456, 47.7189559937, 86.603729248, 41.3012733459], [-64.318359375, 56.7305908203, 14.4269504547, -4.51198482513, 27.6639575958, 12.0110883713, 15.8561935425, 4.76587581635, 19.3848323822, 7.10847234726, 34.3378753662, 41.3012733459, 78.2997360229]],
        "icov": [[0.000137744020321, -3.08797716571e-05, 7.27607330191e-05, -0.000250872661127, 4.81857896375e-05, 3.40350998158e-05, 0.000148446109961, -0.000332699128194, 0.000321582774632, -0.000388173561078, 0.000539153290447, -0.000700142525602, 0.000164094337379], [-3.08797716571e-05, 0.000927325745579, -0.000119580399769, 0.000262213201495, -0.000343503546901, 0.000248333119089, -0.000317551224725, -0.000137569048093, -0.000430906307884, 0.00100342964288, -0.00174606614746, 0.00177009112667, -0.00065652205376], [7.27607330191e-05, -0.000119580399769, 0.00143433210906, -0.000758340815082, -0.000695357564837, 0.000136989736347, -8.78006612766e-05, -0.000131924301968, 0.00138862431049, -0.00153292017058, 0.00228771171533, -0.00203832308762, -4.38113747805e-05], [-0.000250872661127, 0.000262213201495, -0.000758340815082, 0.00216476945207, -5.37555824849e-05, -0.000924262509216, 0.000253761390923, -0.000743201177102, 0.000783103983849, 0.000502040667925, -0.00194334296975, 0.0027371593751, -0.000807964941487], [4.81857896375e-05, -0.000343503546901, -0.000695357564837, -5.37555824849e-05, 0.00474778981879, -0.00229156622663, -5.19308487128e-05, 0.000205089905648, -0.00210999348201, 0.00169918022584, -0.00139911449514, -0.000377453223336, 0.000266392831691], [3.40350998158e-05, 0.000248333119089, 0.000136989736347, -0.000924262509216, -0.00229156622663, 0.00795726384968, -0.00384416850284, 0.000646386994049, 0.00037689274177, -0.00348124024458, 0.00205680751242, -0.00213277246803, 0.000543375790585], [0.000148446109961, -0.000317551224725, -8.78006612766e-05, 0.000253761390923, -5.19308487128e-05, -0.00384416850284, 0.0121386656538, -0.0070132673718, -0.000292963377433, 0.00192519905977, -0.00417632469907, 0.00381223484874, -0.00132203858811], [-0.000332699128194, -0.000137569048093, -0.000131924301968, -0.000743201177102, 0.000205089905648, 0.000646386994049, -0.0070132673718, 0.0156159792095, -0.00648096902296, -0.00311784562655, 0.00358078768477, -0.00295953894965, 0.00198429613374], [0.000321582774632, -0.000430906307884, 0.00138862431049, 0.000783103983849, -0.00210999348201, 0.00037689274177, -0.000292963377433, -0.00648096902296, 0.0170597117394, -0.00735215516761, -0.00128910050262, 0.000946242595091, -0.0019827329088], [-0.000388173561078, 0.00100342964288, -0.00153292017058, 0.000502040667925, 0.00169918022584, -0.00348124024458, 0.00192519905977, -0.00311784562655, -0.00735215516761, 0.0216998271644, -0.0118388785049, 0.000697193841916, 0.00367336720228], [0.000539153290447, -0.00174606614746, 0.00228771171533, -0.00194334296975, -0.00139911449514, 0.00205680751242, -0.00417632469907, 0.00358078768477, -0.00128910050262, -0.0118388785049, 0.0272419992834, -0.013666533865, -0.00136304961052], [-0.000700142525602, 0.00177009112667, -0.00203832308762, 0.0027371593751, -0.000377453223336, -0.00213277246803, 0.00381223484874, -0.00295953894965, 0.000946242595091, 0.000697193841916, -0.013666533865, 0.0307552870363, -0.0119825312868], [0.000164094337379, -0.00065652205376, -4.38113747805e-05, -0.000807964941487, 0.000266392831691, 0.000543375790585, -0.00132203858811, 0.00198429613374, -0.0019827329088, 0.00367336720228, -0.00136304961052, -0.0119825312868, 0.020388526842]]
    },
    "melbands": {
        "dmean": [0.00364350713789, 0.00274686235934, 0.000575859099627, 0.00108555844054, 0.000271282566246, 5.95700730628e-05, 3.74182745873e-05, 1.97912322619e-05, 2.52593199548e-05, 4.67701756861e-05, 4.22597331635e-05, 3.07463560603e-05, 3.64424413419e-05, 3.55414304067e-05, 4.8471345508e-05, 4.23280143877e-05, 4.30878608313e-05, 4.03585545428e-05, 3.16639088851e-05, 2.39160108322e-05, 1.98502493731e-05, 2.07067841984e-05, 2.10877442441e-05, 1.3967988707e-05, 9.90235366771e-06, 8.31821762404e-06, 9.82896017376e-06, 8.46140392241e-06, 5.88199327467e-06, 5.40848850505e-06, 4.97998962601e-06, 4.28128851127e-06, 3.64879883819e-06, 4.04617458116e-06, 2.69239217232e-06, 1.96581186174e-06, 1.79010817192e-06, 1.24704456539e-06, 1.09167672235e-06, 8.3614054347e-07],
        "dmean2": [0.00500699831173, 0.00411428324878, 0.000926316948608, 0.00178161403164, 0.000429076433647, 8.80780935404e-05, 5.81039930694e-05, 3.08486014546e-05, 4.01548677473e-05, 7.34957793611e-05, 6.63985338178e-05, 4.99183770444e-05, 5.81642088946e-05, 5.83649343753e-05, 7.76233282522e-05, 6.88199652359e-05, 6.88783256919e-05, 6.27262779744e-05, 5.06816286361e-05, 3.86154533771e-05, 3.31652991008e-05, 3.45233129337e-05, 3.60478261427e-05, 2.30915793509e-05, 1.59708797582e-05, 1.34248912218e-05, 1.56883979798e-05, 1.35115114972e-05, 9.79150991043e-06, 9.06155310076e-06, 8.17411182652e-06, 6.98593476045e-06, 6.03059515925e-06, 6.92346611686e-06, 4.52450694866e-06, 3.29082740791e-06, 2.98422651213e-06, 2.01839088732e-06, 1.76017033482e-06, 1.32422633214e-06],
        "dvar": [3.15936049446e-05, 5.04817762703e-05, 2.44316470344e-06, 1.68783280969e-05, 8.71894712873e-07, 4.77475268212e-08, 2.02706758046e-08, 1.71140746019e-09, 3.21258619707e-09, 1.43977292311e-08, 1.75749903519e-08, 3.90302545838e-09, 4.16444745355e-09, 4.02353794726e-09, 1.03006252417e-08, 4.8008876874e-09, 7.32066496312e-09, 6.78558320644e-09, 3.6966210093e-09, 1.98139682439e-09, 1.18510901093e-09, 1.24747467911e-09, 1.92037141744e-09, 7.42626737882e-10, 3.67623126385e-10, 5.09395248205e-10, 5.75564984562e-10, 4.27209961851e-10, 1.66240507471e-10, 1.08560695156e-10, 9.63868637682e-11, 8.69617572397e-11, 5.61476282135e-11, 7.38252792232e-11, 2.18124181911e-11, 1.07212832362e-11, 9.83254536818e-12, 3.32911909845e-12, 2.54870170108e-12, 1.42106270327e-12],
        "dvar2": [6.17416008026e-05, 0.00010798045696, 6.07431002209e-06, 4.0113041905e-05, 1.92120182874e-06, 9.04038088834e-08, 4.60313280826e-08, 3.79242193205e-09, 7.81274245298e-09, 3.08987573305e-08, 3.92284533746e-08, 9.45690814547e-09, 9.63043600422e-09, 9.87258097496e-09, 2.38473010228e-08, 1.18070353494e-08, 1.80717716347e-08, 1.45374139393e-08, 8.58424975547e-09, 4.63633931247e-09, 2.95436763942e-09, 3.19344661825e-09, 4.88563722811e-09, 1.80108761239e-09, 8.38512870249e-10, 1.20043619489e-09, 1.30559274503e-09, 9.56330348245e-10, 4.3248413184e-10, 2.72130373791e-10, 2.12659348464e-10, 1.94018481836e-10, 1.27629504187e-10, 1.91464677446e-10, 5.50158044121e-11, 2.76801463694e-11, 2.4535058013e-11, 7.92358973573e-12, 6.2356222616e-12, 3.63233553478e-12],
        "max": [0.0622689165175, 0.0552551411092, 0.0219569541514, 0.0323074907064, 0.00747801689431, 0.00838885083795, 0.00389483687468, 0.000924701162148, 0.00162211130373, 0.00265828007832, 0.00516805099323, 0.00204390240833, 0.00154393084813, 0.00164504756685, 0.0033947005868, 0.00128443050198, 0.00194448314141, 0.00169407657813, 0.00176295323763, 0.00148774811532, 0.000624233216513, 0.000612446630839, 0.000981695018709, 0.000678422569763, 0.000502437585965, 0.000751557294279, 0.000547729374375, 0.000495382759254, 0.000353896612069, 0.000223427501624, 0.000264710106421, 0.000245562230702, 0.000192771185539, 0.000162032592925, 0.000113012029033, 8.35763348732e-05, 9.57930969889e-05, 4.53244829259e-05, 6.3492640038e-05, 2.34995513892e-05],
        "mean": [0.00841693487018, 0.00355122447945, 0.000556546961889, 0.000892809010111, 0.000252808182267, 8.62460656208e-05, 5.40157598152e-05, 3.20971048495e-05, 4.08950727433e-05, 6.91854875186e-05, 5.90786585235e-05, 5.06873293489e-05, 6.30970389466e-05, 5.91269672441e-05, 8.55500402395e-05, 8.13600927358e-05, 8.01900459919e-05, 7.69465914345e-05, 5.80960368097e-05, 4.40428993898e-05, 3.41764643963e-05, 3.51448834408e-05, 3.22977248288e-05, 2.40167046286e-05, 1.76789490069e-05, 1.50106416186e-05, 1.78343470907e-05, 1.61930056493e-05, 1.0786868188e-05, 9.52857953962e-06, 9.02779447642e-06, 7.87501357991e-06, 6.94998334438e-06, 6.59468923914e-06, 5.19658487974e-06, 3.9592559915e-06, 3.77546120944e-06, 2.93762445835e-06, 2.40171698351e-06, 1.88032595361e-06],
        "median": [0.00525448611006, 0.00077154795872, 0.000134312853334, 6.51767186355e-05, 3.03206688841e-05, 1.83327683771e-05, 1.24665057228e-05, 1.20956046885e-05, 1.81703471753e-05, 2.21984719246e-05, 1.91904891835e-05, 2.59937987721e-05, 2.82215314655e-05, 3.1177263736e-05, 4.82225659653e-05, 4.66005294584e-05, 3.65763553418e-05, 3.43975625583e-05, 2.82949495158e-05, 2.28688877542e-05, 1.73373100552e-05, 2.01976581593e-05, 1.50430114445e-05, 1.12425595944e-05, 9.95958453132e-06, 8.69504401635e-06, 9.8973778222e-06, 8.91411491466e-06, 6.45703858027e-06, 5.97964299232e-06, 6.0362244767e-06, 5.20173489349e-06, 4.77510320707e-06, 4.4532857828e-06, 3.75077252102e-06, 2.95393010674e-06, 2.79141681858e-06, 2.26480165111e-06, 1.82378505542e-06, 1.42591204622e-06],
        "min": [2.01225282388e-24, 1.66329369435e-24, 1.57636063095e-24, 2.16166820692e-24, 1.68217547455e-24, 1.13405519608e-24, 3.69212304965e-24, 2.65303369035e-24, 3.43177646839e-24, 5.02444048767e-24, 1.66091468708e-24, 3.90074481021e-24, 3.24072106246e-24, 4.17329664739e-24, 3.83097282416e-24, 5.11671394218e-24, 4.39264573298e-24, 2.87388062558e-24, 4.02857656446e-24, 5.23721836191e-24, 5.3947333743e-24, 4.82295712943e-24, 4.63588468222e-24, 3.63991307949e-24, 4.8611620575e-24, 5.3885991919e-24, 5.38897587298e-24, 5.47657690435e-24, 5.70374636252e-24, 6.37042770188e-24, 5.47288187987e-24, 7.18675319395e-24, 5.8741513621e-24, 6.22901649601e-24, 6.13024006662e-24, 7.67310566354e-24, 6.25000177381e-24, 5.48930596392e-24, 6.6028344076e-24, 7.56289390647e-24],
        "var": [8.93094038474e-05, 6.59086363157e-05, 2.10940152101e-06, 1.44134883158e-05, 8.57155725953e-07, 1.24251798184e-07, 3.74715334317e-08, 4.12254941295e-09, 4.89673102066e-09, 2.53715111143e-08, 2.53740068956e-08, 6.07501604577e-09, 9.900318787e-09, 6.53172849141e-09, 1.66622520226e-08, 1.12131131047e-08, 1.45657876871e-08, 1.85683646237e-08, 7.41324557296e-09, 4.09770883891e-09, 2.18639528704e-09, 1.8857972961e-09, 2.4315316427e-09, 1.27171628783e-09, 7.5873851646e-10, 9.17141917967e-10, 1.25978660837e-09, 9.16284992325e-10, 3.12133402458e-10, 1.76954742526e-10, 1.8464260676e-10, 1.65226762827e-10, 1.0757092439e-10, 9.42051645025e-11, 3.91374224695e-11, 1.98289856757e-11, 2.12333154531e-11, 9.25627022946e-12, 6.11770877013e-12, 3.61288776674e-12]
    },
    "mfcc": {
        "mean": [-629.295227051, 66.706703186, -12.2788066864, 16.4933128357, 17.7525787354, 25.3678417206, 13.7991342545, 12.087053299, 6.42100286484, 7.25350141525, 4.49960803986, 4.13333129883, 1.10424208641],
        "cov": [[8313.36621094, -56.213508606, 810.28302002, 1090.3996582, 513.114379883, 292.682952881, 163.152786255, 178.558120728, 119.169448853, 88.6504516602, 29.3759651184, 77.5458908081, 34.6458930969], [-56.213508606, 1182.18261719, -129.528671265, -69.6449432373, 5.48085832596, -30.738899231, 51.4777946472, 69.5866851807, 76.7250061035, 67.4456176758, 88.3102722168, 74.4027404785, 57.4263305664], [810.28302002, -129.528671265, 903.481079102, 467.360839844, 229.371017456, 167.995574951, 129.661178589, 34.8211784363, 26.230796814, -36.2114486694, -46.078540802, -29.3858470917, 1.96612763405], [1090.3996582, -69.6449432373, 467.360839844, 626.933654785, 244.946044922, 148.763824463, 125.854476929, 71.689704895, 42.9171562195, 29.1724739075, 6.82702112198, 5.0433382988, 19.1397418976], [513.114379883, 5.48085832596, 229.371017456, 244.946044922, 325.452148438, 173.012908936, 99.5805511475, 71.5930709839, 60.0234680176, 31.7412223816, 40.9291992188, 36.8944244385, 35.3450546265], [292.682952881, -30.738899231, 167.995574951, 148.763824463, 173.012908936, 230.737548828, 134.291809082, 72.6926879883, 61.391910553, 54.0535125732, 55.8994903564, 49.9303779602, 43.575466156], [163.152786255, 51.4777946472, 129.661178589, 125.854476929, 99.5805511475, 134.291809082, 182.546981812, 97.3908157349, 69.3276519775, 64.2399902344, 61.5991821289, 51.1828651428, 50.6259231567], [178.558120728, 69.5866851807, 34.8211784363, 71.689704895, 71.5930709839, 72.6926879883, 97.3908157349, 128.279495239, 87.1566390991, 63.6966590881, 60.9780693054, 53.1355819702, 43.3125610352], [119.169448853, 76.7250061035, 26.230796814, 42.9171562195, 60.0234680176, 61.391910553, 69.3276519775, 87.1566390991, 122.246040344, 89.7121963501, 69.5582809448, 59.0371856689, 47.7024154663], [88.6504516602, 67.4456176758, -36.2114486694, 29.1724739075, 31.7412223816, 54.0535125732, 64.2399902344, 63.6966590881, 89.7121963501, 136.217880249, 101.968917847, 71.8012008667, 59.78150177], [29.3759651184, 88.3102722168, -46.078540802, 6.82702112198, 40.9291992188, 55.8994903564, 61.5991821289, 60.9780693054, 69.5582809448, 101.968917847, 133.184753418, 99.7376556396, 65.4610595703], [77.5458908081, 74.4027404785, -29.3858470917, 5.0433382988, 36.8944244385, 49.9303779602, 51.1828651428, 53.1355819702, 59.0371856689, 71.8012008667, 99.7376556396, 129.678268433, 88.2373352051], [34.6458930969, 57.4263305664, 1.96612763405, 19.1397418976, 35.3450546265, 43.575466156, 50.6259231567, 43.3125610352, 47.7024154663, 59.78150177, 65.4610595703, 88.2373352051, 110.853279114]],
