{
"lowlevel": {
    "average_loudness": 0.733636200428,
    "barkbands_crest": {
        "dmean": 2.50474739075,
        "dmean2": 3.68292188644,
        "dvar": 6.26900291443,
        "dvar2": 15.6358032227,
        "max": 26.7642345428,
        "mean": 13.1144657135,
        "median": 12.4820947647,
        "min": 1.86914145947,
        "var": 34.9277992249
    },
    "barkbands_flatness_db": {
        "dmean": 0.0265378374606,
        "dmean2": 0.0385172106326,
        "dvar": 0.00101809052285,
        "dvar2": 0.00215287436731,
        "max": 0.7152967453,
        "mean": 0.157542929053,
        "median": 0.143160119653,
        "min": 0.00914492923766,
        "var": 0.00711967563257
    },
    "barkbands_kurtosis": {
        "dmean": 11.6804237366,
        "dmean2": 16.1125850677,
        "dvar": 2790.60083008,
        "dvar2": 4820.91455078,
        "max": 3704.88061523,
        "mean": 24.5235843658,
        "median": 5.27386951447,
        "min": -1.84348714352,
        "var": 8235.62011719
    },
    "barkbands_skewness": {
        "dmean": 0.877433717251,
        "dmean2": 1.26407456398,
        "dvar": 1.62145209312,
        "dvar2": 3.09825253487,
        "max": 56.250793457,
        "mean": 3.16858148575,
        "median": 2.35200119019,
        "min": -2.2912633419,
        "var": 9.94363975525
    },
    "barkbands_spread": {
        "dmean": 6.33794975281,
        "dmean2": 9.74314594269,
        "dvar": 71.1510620117,
        "dvar2": 180.745300293,
        "max": 118.758293152,
        "mean": 21.6759700775,
        "median": 19.1721000671,
        "min": 0.0588049665093,
        "var": 229.27911377
    },
    "dissonance": {
        "dmean": 0.0119770541787,
        "dmean2": 0.0205339025706,
        "dvar": 0.000192934123334,
        "dvar2": 0.000544095877558,
        "max": 0.500000119209,
        "mean": 0.479942828417,
        "median": 0.4858314991,
        "min": 0.31346693635,
        "var": 0.000372495385818
    },
    "dynamic_complexity": 6.12361621857,
    "erbbands_crest": {
        "dmean": 2.33975124359,
        "dmean2": 3.78694677353,
        "dvar": 6.4735455513,
        "dvar2": 15.3452100754,
        "max": 33.0390739441,
        "mean": 8.11979198456,
        "median": 6.73272180557,
        "min": 2.00559091568,
        "var": 23.8083667755
    },
    "erbbands_flatness_db": {
        "dmean": 0.0130767598748,
        "dmean2": 0.0194673798978,
        "dvar": 0.000199652087758,
        "dvar2": 0.000418085866841,
        "max": 0.441494107246,
        "mean": 0.124900840223,
        "median": 0.110332533717,
        "min": 0.0209675263613,
        "var": 0.003183580935
    },
    "erbbands_kurtosis": {
        "dmean": 0.802103340626,
        "dmean2": 1.23670434952,
        "dvar": 1.87395250797,
        "dvar2": 4.10946130753,
        "max": 38.1366844177,
        "mean": 0.461481660604,
        "median": -0.227865457535,
        "min": -1.80970239639,
        "var": 5.92194223404
    },
    "erbbands_skewness": {
        "dmean": 0.308997929096,
        "dmean2": 0.469743639231,
        "dvar": 0.0968697890639,
        "dvar2": 0.214240729809,
        "max": 6.0243434906,
        "mean": 0.243734508753,
        "median": 0.132746070623,
        "min": -2.0903263092,
        "var": 0.58105301857
    },
    "erbbands_spread": {
        "dmean": 9.68776130676,
        "dmean2": 14.6720523834,
        "dvar": 141.93107605,
        "dvar2": 293.811309814,
        "max": 179.734939575,
        "mean": 52.3588142395,
        "median": 48.3369750977,
        "min": 2.84034872055,
        "var": 923.577331543
    },
    "hfc": {
        "dmean": 12.0098285675,
        "dmean2": 20.1841259003,
        "dvar": 772.259399414,
        "dvar2": 2188.25878906,
        "max": 351.948699951,
        "mean": 31.3689041138,
        "median": 16.7671718597,
        "min": 1.239573426e-16,
        "var": 1418.19848633
    },
    "melbands_crest": {
        "dmean": 3.69065856934,
        "dmean2": 5.44779157639,
        "dvar": 14.7831058502,
        "dvar2": 38.0786476135,
        "max": 39.2762413025,
        "mean": 22.6864948273,
        "median": 23.2010803223,
        "min": 1.00144135952,
        "var": 87.6038589478
    },
    "melbands_flatness_db": {
        "dmean": 0.0311596170068,
        "dmean2": 0.0455535463989,
        "dvar": 0.00153605698142,
        "dvar2": 0.00341315567493,
        "max": 0.899984419346,
        "mean": 0.23332747817,
        "median": 0.220686212182,
        "min": 6.42837733267e-07,
        "var": 0.0110857570544
    },
    "melbands_kurtosis": {
        "dmean": 32.6057662964,
        "dmean2": 46.5091819763,
        "dvar": 4970.89306641,
        "dvar2": 9243.20507812,
        "max": 2019.93249512,
        "mean": 74.8854751587,
        "median": 21.008605957,
        "min": -1.69064962864,
        "var": 20209.1542969
    },
    "melbands_skewness": {
        "dmean": 1.40374243259,
        "dmean2": 2.04651737213,
        "dvar": 3.76349949837,
        "dvar2": 7.4205698967,
        "max": 36.7257347107,
        "mean": 5.6200876236,
        "median": 4.13190841675,
        "min": -1.30782449245,
        "var": 23.9319000244
    },
    "melbands_spread": {
        "dmean": 6.40078115463,
        "dmean2": 10.195224762,
        "dvar": 103.78401947,
        "dvar2": 265.544586182,
        "max": 177.571914673,
        "mean": 18.0569038391,
        "median": 13.5049724579,
        "min": 0.0925484076142,
        "var": 285.315765381
    },
    "pitch_salience": {
        "dmean": 0.0774791017175,
        "dmean2": 0.118389882147,
        "dvar": 0.00899031199515,
        "dvar2": 0.0217407606542,
        "max": 0.997717440128,
        "mean": 0.415862053633,
        "median": 0.424006819725,
        "min": 0.0130847971886,
        "var": 0.0436283759773
    },
    "silence_rate_20dB": {
        "dmean": 0.00450260285288,
        "dmean2": 0.00900583993644,
        "dvar": 0.00448200851679,
        "dvar2": 0.012582632713,
        "max": 1,
        "mean": 0.997326791286,
        "median": 1,
        "min": 0,
        "var": 0.0026662950404
    },
    "silence_rate_30dB": {
        "dmean": 0.0683832839131,
        "dmean2": 0.136776193976,
        "dvar": 0.0637126192451,
        "dvar2": 0.131570979953,
        "max": 1,
        "mean": 0.67794585228,
        "median": 1,
        "min": 0,
        "var": 0.218354508281
    },
    "silence_rate_60dB": {
        "dmean": 0.0101308571175,
        "dmean2": 0.0202631391585,
        "dvar": 0.010026129894,
        "dvar2": 0.0229403953999,
        "max": 1,
        "mean": 0.173900812864,
        "median": 0,
        "min": 0,
        "var": 0.143671452999
    },
    "spectral_centroid": {
        "dmean": 287.890563965,
        "dmean2": 443.240478516,
        "dvar": 121397.71875,
        "dvar2": 275591.3125,
        "max": 11054.0117188,
        "mean": 1608.03588867,
        "median": 1590.91113281,
        "min": 104.28993988,
        "var": 480391.03125
    },
    "spectral_complexity": {
        "dmean": 4.47910499573,
        "dmean2": 7.15443611145,
        "dvar": 35.2940444946,
        "dvar2": 79.9800338745,
        "max": 65,
        "mean": 19.4085826874,
        "median": 17,
        "min": 0,
        "var": 212.34085083
    },
    "spectral_decrease": {
        "dmean": 5.7175260082e-09,
        "dmean2": 7.94357379874e-09,
        "dvar": 8.30513223979e-17,
        "dvar2": 2.01011056309e-16,
        "max": -6.43357875934e-30,
        "mean": -1.92207298966e-08,
        "median": -1.08474278449e-08,
        "min": -1.14909596505e-07,
        "var": 4.56331800553e-16
    },
    "spectral_energy": {
        "dmean": 0.0218560565263,
        "dmean2": 0.0305483043194,
        "dvar": 0.00119686906692,
        "dvar2": 0.002902881708,
        "max": 0.438257813454,
        "mean": 0.0753887593746,
        "median": 0.0428126044571,
        "min": 1.12675764232e-20,
        "var": 0.00678430730477
    },
    "spectral_energyband_high": {
        "dmean": 0.000982722267509,
        "dmean2": 0.00164630427025,
        "dvar": 5.28834561919e-06,
        "dvar2": 1.49558791236e-05,
        "max": 0.0281836111099,
        "mean": 0.00222062552348,
        "median": 0.000666329462547,
        "min": 8.14967581614e-21,
        "var": 1.00972083601e-05
    },
    "spectral_energyband_low": {
        "dmean": 0.0214407779276,
        "dmean2": 0.0295934956521,
        "dvar": 0.00122177484445,
        "dvar2": 0.00295114913024,
        "max": 0.423285245895,
        "mean": 0.0618156380951,
        "median": 0.025801781565,
        "min": 6.04500514465e-23,
        "var": 0.00606868509203
    },
    "spectral_energyband_middle_high": {
        "dmean": 0.00225366186351,
        "dmean2": 0.00387371471152,
        "dvar": 3.03760534734e-05,
        "dvar2": 8.37494517327e-05,
        "max": 0.0957272797823,
        "mean": 0.00430950568989,
        "median": 0.00230835820548,
        "min": 1.58934495013e-21,
        "var": 3.85966413887e-05
    },
    "spectral_energyband_middle_low": {
        "dmean": 0.00434583378956,
        "dmean2": 0.00665313284844,
        "dvar": 0.000129231921164,
        "dvar2": 0.000285823101876,
        "max": 0.194310292602,
        "mean": 0.00766550609842,
        "median": 0.00369180436246,
        "min": 4.80797670817e-22,
        "var": 0.000179303373443
    },
    "spectral_entropy": {
        "dmean": 0.129729226232,
        "dmean2": 0.192636832595,
        "dvar": 0.0292030014098,
        "dvar2": 0.0608966723084,
        "max": 9.79964923859,
        "mean": 7.94085073471,
        "median": 8.02170848846,
        "min": 4.47388744354,
        "var": 0.201645553112
    },
    "spectral_flux": {
        "dmean": 0.0307089518756,
        "dmean2": 0.0459905900061,
        "dvar": 0.00162212562282,
        "dvar2": 0.00358305685222,
        "max": 0.543443143368,
        "mean": 0.100672930479,
        "median": 0.0762943252921,
        "min": 1.06148839718e-10,
        "var": 0.00737186241895
    },
    "spectral_kurtosis": {
        "dmean": 1.12151038647,
        "dmean2": 1.82272624969,
        "dvar": 65.867149353,
        "dvar2": 150.398803711,
        "max": 529.015991211,
        "mean": 3.63091468811,
        "median": 2.44172334671,
        "min": -1.2181699276,
        "var": 187.787246704
    },
    "spectral_rms": {
        "dmean": 0.00103972898796,
        "dmean2": 0.00143320078496,
        "dvar": 1.80196354904e-06,
        "dvar2": 4.35042284153e-06,
        "max": 0.0206777323037,
        "mean": 0.00702121341601,
        "median": 0.0064628473483,
        "min": 3.31553274419e-12,
        "var": 2.4253016818e-05
    },
    "spectral_rolloff": {
        "dmean": 507.499694824,
        "dmean2": 859.50958252,
        "dvar": 1075026.625,
        "dvar2": 2638137,
        "max": 18497.0214844,
        "mean": 1142.77294922,
        "median": 602.9296875,
        "min": 21.533203125,
        "var": 2635689.75
    },
    "spectral_skewness": {
        "dmean": 0.151516661048,
        "dmean2": 0.240001216531,
        "dvar": 0.115919157863,
        "dvar2": 0.268166542053,
        "max": 20.5535144806,
        "mean": 1.40538656712,
        "median": 1.32825708389,
        "min": -0.00308480486274,
        "var": 0.462504416704
    },
    "spectral_spread": {
        "dmean": 522118.15625,
        "dmean2": 808168.9375,
        "dvar": 427516723200,
        "dvar2": 857352962048,
        "max": 41086864,
        "mean": 6053258,
        "median": 6108822.5,
        "min": 135804.859375,
        "var": 4.1230073856e+12
    },
    "spectral_strongpeak": {
        "dmean": 0.222748026252,
        "dmean2": 0.362496554852,
        "dvar": 0.18554545939,
        "dvar2": 0.46764087677,
        "max": 10.9071979523,
        "mean": 0.575454592705,
        "median": 0.428756147623,
        "min": 0,
        "var": 0.346165120602
    },
    "zerocrossingrate": {
        "dmean": 0.0108553431928,
        "dmean2": 0.013091317378,
        "dvar": 0.000184484058991,
        "dvar2": 0.000240086126723,
        "max": 0.63623046875,
        "mean": 0.0586778707802,
        "median": 0.0498046875,
        "min": 0,
        "var": 0.00191998330411
    },
    "barkbands": {
        "dmean": [0.00538034876809, 0.0170148145407, 0.00559605052695, 0.0026622985024, 0.0014311313862, 0.000444806384621, 0.000331797666149, 0.000444920355221, 0.000645594554953, 0.000676993455272, 0.000361299898941, 0.0003933456901, 0.000274600868579, 0.000206545664696, 0.000239799410338, 0.000224848248763, 0.000230937599554, 0.000203563031391, 0.000195756176254, 0.000199780304683, 0.000202738898224, 0.000157304413733, 0.00017855578335, 0.00016889986, 0.000199537375011, 0.000139043433592, 3.78036274924e-05],
        "dmean2": [0.00754571845755, 0.0214199349284, 0.0088147521019, 0.00452017690986, 0.00242871255614, 0.000751897925511, 0.000538932217751, 0.000675741233863, 0.00100679777097, 0.00106985203456, 0.000654077040963, 0.000675567891449, 0.000472596642794, 0.000350065878592, 0.000419215211878, 0.000402271398343, 0.00041000629426, 0.000364946026821, 0.000344323139871, 0.000355889002094, 0.000362351798685, 0.00026518071536, 0.000306579429889, 0.000284250709228, 0.000338113750331, 0.000218923596549, 6.20908758719e-05],
        "dvar": [0.000134443864226, 0.000812150654383, 0.000207129924092, 0.000100180826848, 2.09101362998e-05, 1.43706336075e-06, 8.92710602329e-07, 8.8601382231e-07, 4.11814198742e-06, 5.34359151061e-06, 1.08855817871e-06, 6.93768868132e-07, 2.97684863426e-07, 1.92095711782e-07, 2.61587956629e-07, 3.11722885726e-07, 3.21180294804e-07, 2.08198557061e-07, 1.61287232459e-07, 2.10536740042e-07, 2.40834168608e-07, 1.21399182262e-07, 1.6071415132e-07, 1.18604461363e-07, 2.45713323466e-07, 1.0303109832e-07, 1.05198019185e-08],
        "dvar2": [0.000325059285387, 0.00170640647411, 0.000466862140456, 0.00026070716558, 5.28782329638e-05, 4.00656563215e-06, 2.36030109591e-06, 1.83377539997e-06, 8.71348311193e-06, 1.2202212929e-05, 3.1762974686e-06, 1.91565277419e-06, 8.33248407162e-07, 5.23613948644e-07, 7.44405554087e-07, 8.89739396825e-07, 9.19344870454e-07, 6.05617231031e-07, 4.58884784393e-07, 6.1426993625e-07, 7.06075752532e-07, 3.39566724961e-07, 4.52084265135e-07, 3.22330663494e-07, 7.00408634202e-07, 2.49920162787e-07, 2.67572346502e-08],
        "max": [0.193135648966, 0.333535313606, 0.23575308919, 0.182608351111, 0.0701148062944, 0.0188482981175, 0.0317377559841, 0.0259317997843, 0.0724276974797, 0.0914485305548, 0.0171066187322, 0.0147127732635, 0.00850999727845, 0.00833377242088, 0.00864894688129, 0.00656569004059, 0.00928339455277, 0.00681344652548, 0.00589350285009, 0.00674139847979, 0.00562956836075, 0.00616629235446, 0.00526999682188, 0.00504623213783, 0.00777753721923, 0.00354689708911, 0.00228262739256],
        "mean": [0.0109136952087, 0.0440355911851, 0.00637480150908, 0.00247826636769, 0.00180575100239, 0.00064431381179, 0.000459629110992, 0.000912070216145, 0.00111755426042, 0.00110993662383, 0.000376942771254, 0.000595133984461, 0.000392069254303, 0.000298359285807, 0.000336661498295, 0.000278273335425, 0.00030962866731, 0.000288502516923, 0.00029738311423, 0.000308522372507, 0.000327536807163, 0.000311834504828, 0.000333648757078, 0.000392737565562, 0.000397417286877, 0.00024170341203, 5.07085642312e-05],
        "median": [0.00199641659856, 0.00985181890428, 0.000630631519016, 0.000241101777647, 0.000451389729278, 0.000187774247024, 0.000141699943924, 0.000217575303395, 0.000297120946925, 0.000282566616079, 0.000142090109875, 0.000237258471316, 0.00017831918376, 0.000138427203638, 0.000150652980665, 0.000116618160973, 0.000136561880936, 0.000130128784804, 0.000145001497003, 0.000120593475003, 0.000110333166958, 8.93292890396e-05, 8.50207943586e-05, 0.000106105668237, 8.63233435666e-05, 4.48862374469e-05, 3.48034973285e-06],
        "min": [3.91500244555e-23, 3.34729206868e-23, 4.20615940941e-24, 1.04021723317e-23, 9.8250290717e-23, 7.72446224396e-23, 5.93431533787e-23, 3.09538164483e-23, 1.96101556655e-22, 8.06056305906e-23, 6.86393300996e-23, 6.15802682426e-23, 3.68350553312e-23, 1.09834921369e-22, 1.73055812036e-22, 4.41701926303e-22, 1.46622181196e-22, 1.62224764429e-22, 2.22119653436e-22, 2.03778814094e-22, 4.69772197396e-22, 3.22049902336e-22, 6.95634055505e-22, 1.08404079149e-21, 1.40473635218e-21, 1.6790990953e-21, 2.52281665581e-21],
        "var": [0.000303837296087, 0.00418688124046, 0.000234038525377, 8.44980968395e-05, 2.04139178095e-05, 1.65412450315e-06, 1.11083988941e-06, 2.7689484341e-06, 8.97805421118e-06, 1.09291522676e-05, 7.08508025582e-07, 9.69210077528e-07, 3.37915366799e-07, 2.25236007623e-07, 2.96958290846e-07, 2.49489289672e-07, 2.80675465092e-07, 2.03420796652e-07, 1.8858833073e-07, 2.33036985264e-07, 2.79446851437e-07, 2.27937846375e-07, 2.72157336667e-07, 3.30752158106e-07, 3.95815703769e-07, 1.7320024881e-07, 1.45695677745e-08]
    },
    "erbbands": {
        "dmean": [0.965178012848, 2.45268034935, 5.51497554779, 8.04106426239, 6.83805418015, 3.6987862587, 4.39613819122, 3.21331715584, 5.07673025131, 3.47283935547, 12.2759141922, 15.8827819824, 13.578953743, 25.1490688324, 14.131652832, 17.2795410156, 12.4251298904, 10.9629096985, 12.7354650497, 10.7851982117, 12.5026988983, 11.7728948593, 10.4043579102, 10.7932910919, 9.82814788818, 9.40700817108, 7.58803272247, 8.24692726135, 5.61920118332, 6.21262836456, 4.83093929291, 3.58032417297, 2.99295091629, 2.22724127769, 1.53872549534, 0.661738395691, 0.250155538321, 0.0666447207332, 0.00612901849672, 0.000100392833701],
        "dmean2": [1.1490098238, 3.29185628891, 8.23380184174, 13.1957569122, 11.2835912704, 6.36312818527, 7.2713842392, 5.58708190918, 8.34371852875, 5.53179121017, 18.9255332947, 24.4613208771, 21.7528877258, 40.4219856262, 25.1477680206, 29.6301326752, 21.3566608429, 18.454832077, 21.9315395355, 19.1985721588, 22.3459072113, 21.1047306061, 18.5471744537, 19.1008701324, 17.3942604065, 16.7326450348, 13.5343837738, 14.6890659332, 9.5825881958, 10.6770954132, 8.18939495087, 6.04679298401, 5.06679725647, 3.82915019989, 2.57373356819, 1.06290996075, 0.3973300457, 0.107902102172, 0.0101069221273, 0.000162369848113],
        "dvar": [2.75696849823, 21.0769958496, 168.488372803, 771.41015625, 534.479675293, 119.644989014, 128.176345825, 90.1948852539, 224.959411621, 61.3811721802, 723.820556641, 2924.82324219, 958.958618164, 8562.99511719, 1400.91870117, 1346.94812012, 626.562194824, 514.065551758, 712.493530273, 662.013977051, 982.679260254, 955.959777832, 524.45892334, 618.300354004, 413.028137207, 448.720550537, 299.341522217, 409.786621094, 171.371627808, 189.013259888, 107.371337891, 56.2327728271, 36.7204933167, 27.6608581543, 14.04596138, 2.24010443687, 0.34744900465, 0.0314412936568, 0.00026468289434, 5.59115669319e-08],
        "dvar2": [5.12993144989, 42.3850746155, 352.833435059, 1961.95288086, 1358.65539551, 314.655700684, 349.744445801, 256.787506104, 605.04296875, 153.927825928, 1559.32897949, 6063.97070312, 2171.85205078, 19427.9296875, 4038.328125, 3671.99584961, 1747.65356445, 1388.6887207, 2006.99780273, 1883.79101562, 2805.33203125, 2755.20849609, 1518.88464355, 1768.22497559, 1182.76403809, 1309.2833252, 880.750732422, 1197.27282715, 483.413146973, 538.308227539, 293.841827393, 152.570709229, 101.129646301, 79.997505188, 39.0837783813, 5.52958011627, 0.861097097397, 0.0797707289457, 0.000672652269714, 1.4184398367e-07],
        "max": [20.6987285614, 63.944683075, 248.052963257, 511.173217773, 359.355407715, 140.641067505, 178.089111328, 183.900741577, 528.629821777, 285.306945801, 717.182800293, 2010.44360352, 895.479858398, 3703.99536133, 613.223388672, 676.442687988, 357.125732422, 404.718841553, 482.236083984, 310.65737915, 332.722106934, 474.604278564, 294.086029053, 327.610137939, 301.676818848, 294.809204102, 232.710769653, 269.349151611, 288.376464844, 211.176971436, 145.974838257, 114.166610718, 89.1063842773, 80.509185791, 54.4194068909, 17.8076782227, 6.85702610016, 2.96721220016, 0.341261535883, 0.00455155363306],
        "mean": [2.33896970749, 5.65683412552, 7.57090473175, 8.35091972351, 7.48683547974, 4.64282274246, 7.0078830719, 4.13976478577, 6.93817472458, 6.18394994736, 25.4425678253, 29.0355052948, 24.6651954651, 36.9700698853, 17.7374210358, 26.5074100494, 18.3851394653, 17.0492362976, 18.949760437, 14.5258607864, 16.3275585175, 15.6404561996, 15.5838804245, 15.7456550598, 15.0466737747, 14.9386615753, 12.8413743973, 13.0308170319, 11.063621521, 10.7450733185, 9.38657093048, 7.88685750961, 6.72088623047, 4.61577320099, 2.74695110321, 1.18705689907, 0.413276225328, 0.098074734211, 0.00818266626447, 0.000216667671339],
        "median": [0.427190810442, 1.11692357063, 1.22411715984, 1.13914978504, 0.921887874603, 1.12572050095, 1.90295350552, 1.31175255775, 1.99329948425, 2.73680949211, 6.38515043259, 8.07433605194, 7.48506307602, 9.61269760132, 7.64647579193, 10.6961345673, 8.74160480499, 8.09990596771, 9.15812397003, 6.60348367691, 7.01711750031, 7.01793622971, 7.25334596634, 7.54443645477, 7.32893228531, 5.59872531891, 4.65246343613, 4.1045460701, 3.1702439785, 2.80400204659, 2.38700795174, 2.13553357124, 1.6956692934, 1.06148266792, 0.557739794254, 0.222306311131, 0.0733730271459, 0.0154943829402, 0.000651549024042, 9.86269005807e-05],
        "min": [1.09578227293e-21, 7.27290152534e-21, 6.67234578241e-21, 3.09274365357e-20, 1.8864802542e-19, 2.50288309746e-19, 6.98099594952e-19, 5.39559884003e-19, 6.84103750686e-19, 8.42422552713e-19, 1.10219924447e-18, 5.76779682166e-18, 2.02126731877e-18, 2.791519914e-18, 3.66398618355e-18, 2.45233843293e-18, 1.96197170374e-18, 5.61971329404e-18, 4.13227711655e-18, 1.87717820496e-17, 2.05200961031e-17, 1.08780561939e-17, 1.04607228953e-17, 8.72410434857e-18, 1.11287754647e-17, 1.13092671016e-17, 1.70341849482e-17, 1.66268679797e-17, 1.19703581189e-17, 1.6779342182e-17, 1.9221242216e-17, 2.04474828802e-17, 1.75821226209e-17, 1.48124671584e-17, 9.96310344653e-18, 5.54986533594e-18, 3.51062358926e-18, 1.43023777551e-18, 3.91361093934e-19, 3.61158461486e-20],
        "var": [13.4761123657, 85.8066864014, 248.868911743, 684.829467773, 501.11239624, 119.389572144, 178.00932312, 97.9135437012, 268.280700684, 97.8358535767, 2137.72924805, 6522.13037109, 2382.40454102, 16201.7587891, 1099.32995605, 2027.8782959, 703.752990723, 701.336669922, 886.235046387, 570.734741211, 812.080566406, 765.231872559, 548.995483398, 601.962585449, 479.922119141, 540.467102051, 392.619110107, 459.130889893, 294.297332764, 286.215698242, 213.698059082, 141.344482422, 97.6116485596, 50.0049057007, 20.5557861328, 3.94155788422, 0.535978913307, 0.0409710817039, 0.000370605819626, 1.02710686178e-07]
    },
    "gfcc": {
        "mean": [-17.0032157898, 54.6786499023, -102.544242859, 31.4767665863, -47.5563583374, 30.429101944, -24.9702739716, 19.0452709198, -21.5249195099, 6.1078953743, -14.8994283676, 1.42275333405, -10.8603773117],
        "cov": [[22858.5839844, -2820.25366211, 2137.44482422, 153.420120239, -238.828063965, 421.307067871, -2.82383561134, 998.731018066, -80.0375976562, 498.562957764, -695.204589844, 234.890762329, -494.347015381], [-2820.25366211, 1594.20922852, -108.94770813, 152.979217529, 229.677978516, 36.7184562683, 238.794281006, -41.229927063, 166.633621216, -106.177558899, 237.29057312, -83.4412918091, 186.618865967], [2137.44482422, -108.94770813, 1675.35925293, 591.628723145, 474.294067383, 412.777404785, 273.673278809, 223.878433228, 145.85395813, 145.939712524, -14.1597232819, 58.056842804, -11.4744167328], [153.420120239, 152.979217529, 591.628723145, 748.672180176, 432.18447876, 350.010070801, 234.054016113, 88.6641540527, 121.47996521, 67.4294281006, 105.813247681, 24.879907608, 50.4836730957], [-238.828063965, 229.677978516, 474.294067383, 432.18447876, 613.386169434, 334.852844238, 310.099151611, 150.575241089, 163.660369873, 79.6356048584, 131.435684204, 46.7745285034, 59.6555786133], [421.307067871, 36.7184562683, 412.777404785, 350.010070801, 334.852844238, 462.489135742, 265.616088867, 175.039627075, 141.401687622, 106.000595093, 70.5049133301, 35.530330658, 35.9450035095], [-2.82383561134, 238.794281006, 273.673278809, 234.054016113, 310.099151611, 265.616088867, 399.232513428, 232.705001831, 190.518325806, 78.8559875488, 124.660316467, 19.6007671356, 39.4452438354], [998.731018066, -41.229927063, 223.878433228, 88.6641540527, 150.575241089, 175.039627075, 232.705001831, 299.425018311, 148.187606812, 105.831314087, 37.8273239136, 20.2238292694, -14.9368925095], [-80.0375976562, 166.633621216, 145.85395813, 121.47996521, 163.660369873, 141.401687622, 190.518325806, 148.187606812, 197.110183716, 91.5507659912, 89.4629211426, 10.2434272766, 38.8766746521], [498.562957764, -106.177558899, 145.939712524, 67.4294281006, 79.6356048584, 106.000595093, 78.8559875488, 105.831314087, 91.5507659912, 125.402206421, 49.2283287048, 38.4023361206, 4.6683807373], [-695.204589844, 237.29057312, -14.1597232819, 105.813247681, 131.435684204, 70.5049133301, 124.660316467, 37.8273239136, 89.4629211426, 49.2283287048, 165.778152466, 43.4969444275, 80.6356430054], [234.890762329, -83.4412918091, 58.056842804, 24.879907608, 46.7745285034, 35.530330658, 19.6007671356, 20.2238292694, 10.2434272766, 38.4023361206, 43.4969444275, 95.6246337891, 46.6086654663], [-494.347015381, 186.618865967, -11.4744167328, 50.4836730957, 59.6555786133, 35.9450035095, 39.4452438354, -14.9368925095, 38.8766746521, 4.6683807373, 80.6356430054, 46.6086654663, 118.471450806]],
        "icov": [[8.90909432201e-05, 2.72330416919e-05, -6.79058211972e-05, -5.75567137275e-05, 9.1311892902e-05, 2.16470016312e-05, 4.32957203884e-05, -0.000356791948434, 0.000189303958905, -0.000225745156058, 0.000337219826179, -0.000228480159421, 4.19946954935e-05], [2.72330416919e-05, 0.00157242105342, -0.00017110943736, 0.000179535636562, -0.000154416935402, 0.000128707048134, -0.000247079064138, 0.000155854533659, -0.00112948380411, 0.00228183739819, -0.00192518660333, 0.00227814330719, -0.00162092037499], [-6.79058211972e-05, -0.00017110943736, 0.00116564962082, -0.000636190350633, -0.000434984947788, -1.19715514302e-05, -0.000328624475515, 0.000188961523236, 1.46146039697e-05, -0.000967121974099, 0.00144779495895, -0.000546418130398, -1.10488863356e-05], [-5.75567137275e-05, 0.000179535636562, -0.000636190350633, 0.00309185101651, -0.00111979350913, -0.00132850650698, 0.000212699567783, 0.000886816356797, -0.000243571354076, 0.000959274359047, -0.00188443437219, 0.00121031061281, -4.55944427813e-05], [9.1311892902e-05, -0.000154416935402, -0.000434984947788, -0.00111979350913, 0.00430118758231, -0.0010423224885, -0.00135635433253, 8.82256717887e-05, -0.000483299780171, 0.000577344559133, -0.000584215973504, -0.00157820351887, 0.00082680984633], [2.16470016312e-05, 0.000128707048134, -1.19715514302e-05, -0.00132850650698, -0.0010423224885, 0.00561489770189, -0.0024308306165, -0.000225716503337, 0.000857839128003, -0.0032314308919, 0.00237110047601, 0.000425638485467, -0.00188078661449], [4.32957203884e-05, -0.000247079064138, -0.000328624475515, 0.000212699567783, -0.00135635433253, -0.0024308306165, 0.0105963526294, -0.00554427457973, -0.00345320627093, 0.0051548727788, -0.00477205123752, -3.30096590915e-05, 0.00183187308721], [-0.000356791948434, 0.000155854533659, 0.000188961523236, 0.000886816356797, 8.82256717887e-05, -0.000225716503337, -0.00554427457973, 0.0113054746762, -0.00365368649364, -0.00288992095739, 0.00147774629295, -0.000497901346534, 0.00170446222182], [0.000189303958905, -0.00112948380411, 1.46146039697e-05, -0.000243571354076, -0.000483299780171, 0.000857839128003, -0.00345320627093, -0.00365368649364, 0.0174295771867, -0.0108974752948, 0.000740930903703, 0.00416651461273, -0.00408713100478], [-0.000225745156058, 0.00228183739819, -0.000967121974099, 0.000959274359047, 0.000577344559133, -0.0032314308919, 0.0051548727788, -0.00288992095739, -0.0108974752948, 0.0258220620453, -0.0102780824527, -0.00333344517276, 0.00443577533588], [0.000337219826179, -0.00192518660333, 0.00144779495895, -0.00188443437219, -0.000584215973504, 0.00237110047601, -0.00477205123752, 0.00147774629295, 0.000740930903703, -0.0102780824527, 0.0208489019424, -0.00582234282047, -0.00500508910045], [-0.000228480159421, 0.00227814330719, -0.000546418130398, 0.00121031061281, -0.00157820351887, 0.000425638485467, -3.30096590915e-05, -0.000497901346534, 0.00416651461273, -0.00333344517276, -0.00582234282047, 0.0224596504122, -0.0106058809906], [4.19946954935e-05, -0.00162092037499, -1.10488863356e-05, -4.55944427813e-05, 0.00082680984633, -0.00188078661449, 0.00183187308721, 0.00170446222182, -0.00408713100478, 0.00443577533588, -0.00500508910045, -0.0106058809906, 0.019692607224]]
    },
    "melbands": {
        "dmean": [0.00642617372796, 0.00245069991797, 0.00129785737954, 0.000360433099559, 0.000148803010234, 7.44347416912e-05, 7.5483796536e-05, 4.10924112657e-05, 0.000102805563074, 0.000101479898149, 6.76774070598e-05, 0.00010561900126, 4.91912724101e-05, 4.33105742559e-05, 3.93241061829e-05, 2.54454880633e-05, 2.02335068025e-05, 2.0582057914e-05, 1.59265218826e-05, 1.53527926159e-05, 1.54359840963e-05, 1.26980230561e-05, 1.15692218969e-05, 9.8996943052e-06, 9.17046327231e-06, 7.92752962298e-06, 7.39504594094e-06, 6.26758628641e-06, 4.99381440022e-06, 5.42223187949e-06, 4.61733679913e-06, 3.28684063788e-06, 3.51583844349e-06, 3.71119426745e-06, 3.10179007101e-06, 2.45336605076e-06, 2.29823581321e-06, 2.28494718613e-06, 2.02227238333e-06, 1.97577628569e-06],
        "dmean2": [0.00777619704604, 0.00352635094896, 0.00205269875005, 0.000604339118581, 0.000249782722676, 0.000128748186398, 0.000123237245134, 6.48757632007e-05, 0.000160877636517, 0.000156032299856, 0.000109138032713, 0.000168692757143, 8.84143300937e-05, 7.43500932003e-05, 6.83298057993e-05, 4.30373074778e-05, 3.4147844417e-05, 3.54039948434e-05, 2.81929860648e-05, 2.73045952781e-05, 2.75756210613e-05, 2.26266929531e-05, 2.07942957786e-05, 1.75185650733e-05, 1.62383585121e-05, 1.40396814459e-05, 1.31955048346e-05, 1.11382278192e-05, 8.90012051968e-06, 9.70591645455e-06, 8.16792453406e-06, 5.63810590393e-06, 5.96876316195e-06, 6.47972365186e-06, 5.27022393726e-06, 4.18187710238e-06, 3.92621359424e-06, 3.8997854972e-06, 3.44193017554e-06, 3.42939142683e-06],
        "dvar": [0.000113604808575, 2.36758714891e-05, 1.70978964888e-05, 1.40109079894e-06, 1.54800432028e-07, 4.65149980755e-08, 4.78561865691e-08, 7.00894897676e-09, 5.37326378947e-08, 1.28130395183e-07, 2.34301307245e-08, 1.57902960041e-07, 1.95241938172e-08, 8.22016676949e-09, 7.60543628076e-09, 2.34972463709e-09, 1.81569537183e-09, 1.83203618942e-09, 1.28744681582e-09, 1.29023902673e-09, 1.46627066044e-09, 1.06122943766e-09, 8.08177691436e-10, 4.03674788041e-10, 4.40868702656e-10, 2.49987364143e-10, 2.98219532402e-10, 1.73542555326e-10, 1.22519286383e-10, 1.62781663149e-10, 1.16139008133e-10, 5.6876760246e-11, 6.28602447872e-11, 7.02900584959e-11, 4.5952082417e-11, 2.55276806638e-11, 2.26773686635e-11, 2.09006718183e-11, 1.65612818598e-11, 2.22365303254e-11],
        "dvar2": [0.000233337443206, 4.90560523758e-05, 4.12608096667e-05, 3.52298638973e-06, 4.320166056e-07, 1.32395925334e-07, 1.27468979372e-07, 1.70917520137e-08, 1.22363957189e-07, 2.61242661281e-07, 5.3654449772e-08, 3.57831282827e-07, 5.68171181214e-08, 2.27207799242e-08, 2.15276383386e-08, 6.40108099859e-09, 4.93065277496e-09, 5.15622078368e-09, 3.68591268618e-09, 3.64908925299e-09, 4.18596179941e-09, 3.0429256892e-09, 2.33836727759e-09, 1.16774734327e-09, 1.25808641283e-09, 7.17477355305e-10, 8.60155890958e-10, 5.07124675586e-10, 3.6074998544e-10, 4.78967698836e-10, 3.35306726829e-10, 1.61914578967e-10, 1.76982525857e-10, 2.02417971273e-10, 1.26594887351e-10, 6.92881654829e-11, 6.22572549069e-11, 5.74538749909e-11, 4.65031624319e-11, 6.47127559872e-11],
        "max": [0.129944860935, 0.0932988077402, 0.0752679109573, 0.018535329029, 0.00613013235852, 0.00396963115782, 0.00766935758293, 0.00284242327325, 0.00559015013278, 0.0139144314453, 0.00427999114618, 0.0159842967987, 0.00227071205154, 0.00192316737957, 0.00110525777563, 0.000958144431934, 0.000738288275898, 0.000698629475664, 0.000547262083273, 0.000397700961912, 0.000424054713221, 0.000528528064024, 0.000443974247901, 0.000297139049508, 0.00028759840643, 0.000241758665652, 0.000261723558651, 0.000185095545021, 0.000134808491566, 0.000162323485711, 0.000186408724403, 0.000187978061149, 0.000126483879285, 0.000136113230838, 9.95715818135e-05, 6.35207397863e-05, 6.99615775375e-05, 7.14665584383e-05, 6.02449035796e-05, 7.1912741987e-05],
        "mean": [0.0162261743098, 0.00496476562694, 0.00146705284715, 0.000416926690377, 0.000230391669902, 9.66278312262e-05, 0.000104097089206, 7.76630113251e-05, 0.000207750927075, 0.000179411727004, 0.000119853706565, 0.000154425768415, 5.45762595721e-05, 6.55728726997e-05, 5.4627427744e-05, 3.82212747354e-05, 2.98036156892e-05, 2.99082057609e-05, 2.16894040932e-05, 1.91455001186e-05, 1.95066695596e-05, 1.62818214449e-05, 1.51533049575e-05, 1.42588060044e-05, 1.23877880469e-05, 1.15142402137e-05, 1.00905717773e-05, 9.88010378933e-06, 7.9165738498e-06, 8.03055900178e-06, 7.22484764992e-06, 6.17208206677e-06, 6.07336596659e-06, 5.91977595832e-06, 5.47161471331e-06, 4.90612774229e-06, 4.80947392134e-06, 4.76784725834e-06, 4.32804472439e-06, 3.73258217223e-06],
        "median": [0.0035685270559, 0.000949048437178, 0.000202663388336, 5.97069301875e-05, 6.31385191809e-05, 2.99998009723e-05, 3.01240761473e-05, 3.22696905641e-05, 5.41450826859e-05, 4.50660882052e-05, 3.6144941987e-05, 3.75970739697e-05, 2.14511255763e-05, 2.71847438853e-05, 2.49305685429e-05, 1.68572732946e-05, 1.37500073834e-05, 1.43536408359e-05, 9.69608663581e-06, 7.92466471466e-06, 8.04197861726e-06, 7.0313553806e-06, 6.36272534393e-06, 6.52083508612e-06, 5.61946808375e-06, 5.35362687515e-06, 4.44420902568e-06, 3.30008356286e-06, 2.77640947388e-06, 2.62545199803e-06, 2.22371158998e-06, 1.76051707967e-06, 1.59753756179e-06, 1.53992505147e-06, 1.3422562688e-06, 1.30015723698e-06, 1.24891607811e-06, 1.18814921279e-06, 1.05809101569e-06, 8.30836313526e-07],
        "min": [1.19179867049e-23, 5.75055776307e-24, 7.47224826643e-24, 1.84356320234e-23, 2.04616145769e-23, 1.18458627301e-23, 1.14135424993e-23, 7.6831794173e-24, 1.06805029695e-23, 3.57375510191e-23, 8.79293316155e-24, 1.14871376998e-23, 1.0841840013e-23, 8.6142766769e-24, 3.75136847578e-24, 5.37168009763e-24, 1.12751400089e-23, 5.17644254562e-24, 1.57426596859e-23, 3.08110641789e-23, 2.12721896674e-23, 1.02226102348e-23, 1.08161010593e-23, 6.09807741866e-24, 7.25831549983e-24, 8.06696103655e-24, 7.62225726731e-24, 7.19804731553e-24, 1.09144917357e-23, 9.55088886308e-24, 9.57263223621e-24, 6.27473059104e-24, 6.90264099463e-24, 1.05927090616e-23, 1.08029239268e-23, 1.21455896422e-23, 1.33714574008e-23, 1.46143330005e-23, 9.24879852373e-24, 1.34438622101e-23],
        "var": [0.000574011588469, 6.35440446786e-05, 1.73095668288e-05, 1.36563812703e-06, 1.80774733849e-07, 4.77684771738e-08, 5.95120752678e-08, 1.40611335908e-08, 1.40811835081e-07, 2.89017265231e-07, 5.67213049862e-08, 3.00290906807e-07, 1.32831408095e-08, 1.17141230049e-08, 7.60099627684e-09, 3.28813354322e-09, 2.28346719311e-09, 2.22104490355e-09, 1.24976617943e-09, 1.10521147789e-09, 1.22160936922e-09, 8.66615001982e-10, 6.95981161591e-10, 4.51016751724e-10, 4.1162628861e-10, 2.90534318825e-10, 2.73010974938e-10, 2.41576897375e-10, 1.54152191012e-10, 1.79791334598e-10, 1.4098180956e-10, 9.46699663107e-11, 9.75190275754e-11, 9.20990228526e-11, 7.87809886771e-11, 5.76224866433e-11, 5.4231119595e-11, 5.0824625758e-11, 4.12116070436e-11, 3.49907706976e-11]
    },
    "mfcc": {
        "mean": [-661.300537109, 89.2792816162, 7.0923166275, 13.3500890732, 8.62600708008, 11.7062959671, 13.1956443787, 12.0736055374, 7.72134399414, 8.2852973938, 5.16500902176, 3.26521945, -0.203393101692],
        "cov": [[16967.3925781, -653.979187012, 1084.60693359, 370.970001221, 12.7147798538, -44.4737663269, 55.1294593811, 325.203704834, 410.277801514, 301.606781006, 143.900787354, 68.2663192749, 13.9876499176], [-653.979187012, 1033.81982422, -84.8282623291, -3.30063676834, -30.7168827057, -55.0909843445, 55.5796318054, 63.8861656189, 36.8185882568, 59.2172012329, 37.1934013367, 17.6613636017, 15.3350715637], [1084.60693359, -84.8282623291, 1070.84387207, 366.123931885, 328.895202637, 305.511779785, 209.367553711, 151.22769165, 189.229721069, 110.242256165, 96.8935928345, 76.1046905518, 27.1170082092], [370.970001221, -3.30063676834, 366.123931885, 463.620697021, 286.542907715, 215.098709106, 191.591674805, 136.485870361, 107.480773926, 75.1744766235, 79.9161376953, 75.1673049927, 55.993473053], [12.7147798538, -30.7168827057, 328.895202637, 286.542907715, 415.193725586, 307.582489014, 214.108718872, 140.803024292, 129.406951904, 73.5118484497, 81.1895904541, 79.0874938965, 55.4705123901], [-44.4737663269, -55.0909843445, 305.511779785, 215.098709106, 307.582489014, 370.267608643, 223.577392578, 145.501190186, 132.780792236, 80.9844055176, 80.1271514893, 85.662689209, 66.9342041016], [55.1294593811, 55.5796318054, 209.367553711, 191.591674805, 214.108718872, 223.577392578, 296.530944824, 204.507247925, 150.738510132, 121.760177612, 107.312446594, 98.615776062, 94.2886352539], [325.203704834, 63.8861656189, 151.22769165, 136.485870361, 140.803024292, 145.501190186, 204.507247925, 224.520431519, 166.123535156, 127.778129578, 106.299499512, 91.9836578369, 77.4785690308], [410.277801514, 36.8185882568, 189.229721069, 107.480773926, 129.406951904, 132.780792236, 150.738510132, 166.123535156, 199.50390625, 140.183807373, 110.279296875, 91.7211456299, 64.0925979614], [301.606781006, 59.2172012329, 110.242256165, 75.1744766235, 73.5118484497, 80.9844055176, 121.760177612, 127.778129578, 140.183807373, 174.736999512, 121.253639221, 83.327583313, 63.2768211365], [143.900787354, 37.1934013367, 96.8935928345, 79.9161376953, 81.1895904541, 80.1271514893, 107.312446594, 106.299499512, 110.279296875, 121.253639221, 137.481277466, 97.4793777466, 62.0914382935], [68.2663192749, 17.6613636017, 76.1046905518, 75.1673049927, 79.0874938965, 85.662689209, 98.615776062, 91.9836578369, 91.7211456299, 83.327583313, 97.4793777466, 116.689567566, 79.1511383057], [13.9876499176, 15.3350715637, 27.1170082092, 55.993473053, 55.4705123901, 66.9342041016, 94.2886352539, 77.4785690308, 64.0925979614, 63.2768211365, 62.0914382935, 79.1511383057, 108.317901611]],
