{
"lowlevel": {
    "average_loudness": 0.918528854847,
    "barkbands_crest": {
        "dmean": 3.14570236206,
        "dmean2": 5.13440656662,
        "dvar": 8.78987598419,
        "dvar2": 24.2522315979,
        "max": 26.6615943909,
        "mean": 12.6423368454,
        "median": 11.9007978439,
        "min": 1.98442101479,
        "var": 27.0412883759
    },
    "barkbands_flatness_db": {
        "dmean": 0.0286190249026,
        "dmean2": 0.0449681915343,
        "dvar": 0.000956033880357,
        "dvar2": 0.00220266683027,
        "max": 1,
        "mean": 0.166828349233,
        "median": 0.131360203028,
        "min": 0.0171994529665,
        "var": 0.0151179796085
    },
    "barkbands_kurtosis": {
        "dmean": 10.1635341644,
        "dmean2": 16.4231681824,
        "dvar": 14401.2470703,
        "dvar2": 39113.6367188,
        "max": 6892.984375,
        "mean": 11.71971035,
        "median": 2.67951250076,
        "min": -1.94607806206,
        "var": 11241.4414062
    },
    "barkbands_skewness": {
        "dmean": 0.777752459049,
        "dmean2": 1.20771217346,
        "dvar": 2.35281586647,
        "dvar2": 5.81254386902,
        "max": 66.9695358276,
        "mean": 1.95712280273,
        "median": 1.67574930191,
        "min": -4.87535333633,
        "var": 4.72565078735
    },
    "barkbands_spread": {
        "dmean": 6.68157529831,
        "dmean2": 10.6354675293,
        "dvar": 76.2450561523,
        "dvar2": 188.226974487,
        "max": 109.455368042,
        "mean": 22.6541194916,
        "median": 20.0769577026,
        "min": 0.0279112309217,
        "var": 238.655792236
    },
    "dissonance": {
        "dmean": 0.0190721917897,
        "dmean2": 0.0322286710143,
        "dvar": 0.000461482908577,
        "dvar2": 0.00125961145386,
        "max": 0.500000119209,
        "mean": 0.466715991497,
        "median": 0.475892007351,
        "min": 0.15931405127,
        "var": 0.00108789943624
    },
    "dynamic_complexity": 2.88638758659,
    "erbbands_crest": {
        "dmean": 2.63481092453,
        "dmean2": 4.22130584717,
        "dvar": 6.61867189407,
        "dvar2": 16.0072879791,
        "max": 32.8519363403,
        "mean": 9.29850196838,
        "median": 7.80116653442,
        "min": 1.86909461021,
        "var": 27.7622127533
    },
    "erbbands_flatness_db": {
        "dmean": 0.0170625988394,
        "dmean2": 0.0259878821671,
        "dvar": 0.000332350638928,
        "dvar2": 0.000739379087463,
        "max": 0.572798907757,
        "mean": 0.154893949628,
        "median": 0.128127276897,
        "min": 0.0333712287247,
        "var": 0.00693321460858
    },
    "erbbands_kurtosis": {
        "dmean": 1.77948844433,
        "dmean2": 2.82905077934,
        "dvar": 67.7785568237,
        "dvar2": 160.186645508,
        "max": 519.136474609,
        "mean": 5.14432954788,
        "median": 0.131187558174,
        "min": -1.92950749397,
        "var": 1365.06750488
    },
    "erbbands_skewness": {
        "dmean": 0.400394797325,
        "dmean2": 0.616483867168,
        "dvar": 0.362192362547,
        "dvar2": 0.869099259377,
        "max": 17.7944812775,
        "mean": 0.489458292723,
        "median": 0.321357131004,
        "min": -4.37363290787,
        "var": 2.10907053947
    },
    "erbbands_spread": {
        "dmean": 8.35368919373,
        "dmean2": 12.7004032135,
        "dvar": 102.519172668,
        "dvar2": 221.543991089,
        "max": 164.728363037,
        "mean": 37.9925537109,
        "median": 34.7768859863,
        "min": 0.372250318527,
        "var": 440.489318848
    },
    "hfc": {
        "dmean": 10.3414707184,
        "dmean2": 16.6961421967,
        "dvar": 365.698913574,
        "dvar2": 1006.09112549,
        "max": 276.844543457,
        "mean": 34.0653266907,
        "median": 28.6209144592,
        "min": 1.21989274782e-16,
        "var": 817.171325684
    },
    "melbands_crest": {
        "dmean": 4.04426574707,
        "dmean2": 6.60629606247,
        "dvar": 14.134100914,
        "dvar2": 36.7502632141,
        "max": 38.0714492798,
        "mean": 19.953086853,
        "median": 19.3779335022,
        "min": 2.13233661652,
        "var": 54.8479385376
    },
    "melbands_flatness_db": {
        "dmean": 0.0346918255091,
        "dmean2": 0.054023489356,
        "dvar": 0.00134478567634,
        "dvar2": 0.0030660063494,
        "max": 1,
        "mean": 0.248084038496,
        "median": 0.213171124458,
        "min": 0.0078597869724,
        "var": 0.0195889137685
    },
    "melbands_kurtosis": {
        "dmean": 14.5104427338,
        "dmean2": 22.6074333191,
        "dvar": 1868.78820801,
        "dvar2": 3970.92724609,
        "max": 1477.42480469,
        "mean": 23.1038665771,
        "median": 9.9161567688,
        "min": -1.82903468609,
        "var": 3700.52612305
    },
    "melbands_skewness": {
        "dmean": 1.05545353889,
        "dmean2": 1.63299441338,
        "dvar": 1.76900327206,
        "dvar2": 3.73419690132,
        "max": 29.2279624939,
        "mean": 3.25527095795,
        "median": 2.78755807877,
        "min": -2.29553675652,
        "var": 5.85851860046
    },
    "melbands_spread": {
        "dmean": 7.13211584091,
        "dmean2": 11.3368148804,
        "dvar": 105.66947937,
        "dvar2": 241.447982788,
        "max": 175.400543213,
        "mean": 19.796245575,
        "median": 16.4856872559,
        "min": 0.0465179048479,
        "var": 262.061035156
    },
    "pitch_salience": {
        "dmean": 0.0895498618484,
        "dmean2": 0.145741581917,
        "dvar": 0.00722432974726,
        "dvar2": 0.0189012475312,
        "max": 0.914134502411,
        "mean": 0.447514206171,
        "median": 0.455042421818,
        "min": 0.00191989226732,
        "var": 0.0231239181012
    },
    "silence_rate_20dB": {
        "dmean": 0,
        "dmean2": 0,
        "dvar": 0,
        "dvar2": 0,
        "max": 1,
        "mean": 1,
        "median": 1,
        "min": 1,
        "var": 0
    },
    "silence_rate_30dB": {
        "dmean": 0.0937087237835,
        "dmean2": 0.187430471182,
        "dvar": 0.0849312394857,
        "dvar2": 0.198616534472,
        "max": 1,
        "mean": 0.88773804903,
        "median": 1,
        "min": 0,
        "var": 0.0996456742287
    },
    "silence_rate_60dB": {
        "dmean": 0.00848105642945,
        "dmean2": 0.0169632919133,
        "dvar": 0.00840833131224,
        "dvar2": 0.0209862757474,
        "max": 1,
        "mean": 0.0489364676178,
        "median": 0,
        "min": 0,
        "var": 0.0465280227363
    },
    "spectral_centroid": {
        "dmean": 243.494644165,
        "dmean2": 377.332000732,
        "dvar": 101703.476562,
        "dvar2": 222935.9375,
        "max": 11171.0800781,
        "mean": 1282.30773926,
        "median": 1187.84985352,
        "min": 41.8085174561,
        "var": 452743.34375
    },
    "spectral_complexity": {
        "dmean": 4.03517532349,
        "dmean2": 6.41240262985,
        "dvar": 21.8931312561,
        "dvar2": 50.3755912781,
        "max": 59,
        "mean": 23.6683578491,
        "median": 25,
        "min": 0,
        "var": 137.101119995
    },
    "spectral_decrease": {
        "dmean": 5.09666486792e-09,
        "dmean2": 8.370022897e-09,
        "dvar": 4.07480386313e-17,
        "dvar2": 1.10342247502e-16,
        "max": 5.46680390651e-29,
        "mean": -1.53456678476e-08,
        "median": -1.48167309533e-08,
        "min": -8.39627887217e-08,
        "var": 1.04512424129e-16
    },
    "spectral_energy": {
        "dmean": 0.0195286497474,
        "dmean2": 0.0321385078132,
        "dvar": 0.000584017543588,
        "dvar2": 0.00158558238763,
        "max": 0.319939792156,
        "mean": 0.0610080510378,
        "median": 0.0592273287475,
        "min": 1.08928854162e-20,
        "var": 0.00156659027562
    },
    "spectral_energyband_high": {
        "dmean": 0.000863057444803,
        "dmean2": 0.00138113822322,
        "dvar": 3.29015961142e-06,
        "dvar2": 8.87332589627e-06,
        "max": 0.0258996095508,
        "mean": 0.0018338020891,
        "median": 0.000864929228555,
        "min": 8.27031493861e-21,
        "var": 7.02008674125e-06
    },
    "spectral_energyband_low": {
        "dmean": 0.0182133261114,
        "dmean2": 0.030007192865,
        "dvar": 0.00065166229615,
        "dvar2": 0.00174997083377,
        "max": 0.317234158516,
        "mean": 0.0386225804687,
        "median": 0.0338603109121,
        "min": 2.83415761358e-23,
        "var": 0.00126540113706
    },
    "spectral_energyband_middle_high": {
        "dmean": 0.00264043919742,
        "dmean2": 0.00412756297737,
        "dvar": 1.33905577968e-05,
        "dvar2": 3.20667713822e-05,
        "max": 0.0871883705258,
        "mean": 0.00814421009272,
        "median": 0.00657842122018,
        "min": 1.4723393841e-21,
        "var": 5.16447398695e-05
    },
    "spectral_energyband_middle_low": {
        "dmean": 0.00472309021279,
        "dmean2": 0.00736781070009,
        "dvar": 4.55580848211e-05,
        "dvar2": 0.000110252505692,
        "max": 0.0998703613877,
        "mean": 0.0131173329428,
        "median": 0.0110751753673,
        "min": 1.98699698446e-22,
        "var": 0.000125888400362
    },
    "spectral_entropy": {
        "dmean": 0.164950236678,
        "dmean2": 0.251074075699,
        "dvar": 0.0430319234729,
        "dvar2": 0.0959498807788,
        "max": 9.79904270172,
        "mean": 7.54775094986,
        "median": 7.79967451096,
        "min": 2.12422823906,
        "var": 0.841258227825
    },
    "spectral_flux": {
        "dmean": 0.0320141091943,
        "dmean2": 0.0501166917384,
        "dvar": 0.0012538615847,
        "dvar2": 0.00272428267635,
        "max": 0.502132415771,
        "mean": 0.115215949714,
        "median": 0.107233501971,
        "min": 6.69510002993e-11,
        "var": 0.00421087164432
    },
    "spectral_kurtosis": {
        "dmean": 4.72924041748,
        "dmean2": 8.12498855591,
        "dvar": 400.832946777,
        "dvar2": 1186.20056152,
        "max": 652.462463379,
        "mean": 11.9954633713,
        "median": 3.64846587181,
        "min": -1.51956069469,
        "var": 1579.10522461
    },
    "spectral_rms": {
        "dmean": 0.00116573506966,
        "dmean2": 0.00188898027409,
        "dvar": 1.51994231601e-06,
        "dvar2": 4.13376255892e-06,
        "max": 0.0176673810929,
        "mean": 0.00719971163198,
        "median": 0.00760149722919,
        "min": 3.25993941043e-12,
        "var": 7.68440168031e-06
    },
    "spectral_rolloff": {
        "dmean": 560.725524902,
        "dmean2": 941.111572266,
        "dvar": 1335048.25,
        "dvar2": 3138879.25,
        "max": 18712.3535156,
        "mean": 1197.62548828,
        "median": 818.26171875,
        "min": 43.06640625,
        "var": 2685729
    },
    "spectral_skewness": {
        "dmean": 0.316966176033,
        "dmean2": 0.521373808384,
        "dvar": 0.381293684244,
        "dvar2": 1.11351060867,
        "max": 20.9241695404,
        "mean": 2.02416539192,
        "median": 1.57796990871,
        "min": -0.457943111658,
        "var": 3.80523085594
    },
    "spectral_spread": {
        "dmean": 590093.6875,
        "dmean2": 881299.25,
        "dvar": 508385591296,
        "dvar2": 983744118784,
        "max": 40380012,
        "mean": 4949261,
        "median": 5022806,
        "min": 139247.09375,
        "var": 4.53595470234e+12
    },
    "spectral_strongpeak": {
        "dmean": 0.359302937984,
        "dmean2": 0.612854659557,
        "dvar": 0.577801048756,
        "dvar2": 1.46308100224,
        "max": 14.8768777847,
        "mean": 0.68223720789,
        "median": 0.426131725311,
        "min": 0,
        "var": 0.904868125916
    },
    "zerocrossingrate": {
        "dmean": 0.0110746324062,
        "dmean2": 0.0138618713245,
        "dvar": 0.000207339588087,
        "dvar2": 0.000279615807813,
        "max": 0.552734375,
        "mean": 0.0544355511665,
        "median": 0.0458984375,
        "min": 0.001953125,
        "var": 0.00171760958619
    },
    "barkbands": {
        "dmean": [0.00194315693807, 0.0149384159595, 0.00483910925686, 0.00140188680962, 0.00207389262505, 0.00140637089498, 0.000725761230569, 0.0010406866204, 0.00090073607862, 0.000916864024475, 0.00103603315074, 0.000792549806647, 0.000416396505898, 0.000409638596466, 0.000315116194542, 0.000221255308134, 0.000298219616525, 0.000203300631256, 0.000169879785972, 0.000132119632326, 0.00013329385547, 0.000149606174091, 0.00021321940585, 0.000174155837158, 0.00017807247059, 0.000118901611131, 2.84557263512e-05],
        "dmean2": [0.00307847512886, 0.0246909949929, 0.0083140777424, 0.00234181154519, 0.00332860043272, 0.00228404044174, 0.0011860326631, 0.00160707673058, 0.00139563903213, 0.00144568935502, 0.00161049154121, 0.00123861886095, 0.00066919287201, 0.000655327923596, 0.000527087599039, 0.000369834247977, 0.000491988728754, 0.00034047869849, 0.000283602741547, 0.00021488944185, 0.000218854431296, 0.00024405271688, 0.000350272428477, 0.00028308518813, 0.00029738448211, 0.000199545247597, 4.6520599426e-05],
        "dvar": [1.11496310637e-05, 0.000464399287011, 0.000154914087034, 1.42505314216e-05, 2.18383665924e-05, 6.55781695968e-06, 2.83932376988e-06, 3.44149066223e-06, 3.39936946148e-06, 2.7885257623e-06, 3.78540448764e-06, 1.9171391159e-06, 5.6569285789e-07, 1.28613703509e-06, 4.79529205677e-07, 1.96394893237e-07, 3.14828071168e-07, 1.42410343074e-07, 9.15689568615e-08, 6.39071515707e-08, 7.57928262374e-08, 8.57615418681e-08, 1.88634956544e-07, 1.28452882109e-07, 1.84281887528e-07, 1.39790174103e-07, 1.40140858917e-08],
        "dvar2": [2.63501133304e-05, 0.00126277608797, 0.000430552579928, 3.53938303306e-05, 5.61694105272e-05, 1.56728274305e-05, 6.65749530526e-06, 6.99546671967e-06, 7.24084384274e-06, 6.17397790847e-06, 8.42195458972e-06, 4.07566358263e-06, 1.36621554248e-06, 2.91602464131e-06, 1.28369708818e-06, 5.11102257406e-07, 8.22617153062e-07, 3.8603207031e-07, 2.41060803319e-07, 1.60692337658e-07, 1.84138698955e-07, 2.21353104735e-07, 4.84021938973e-07, 3.3035433944e-07, 5.01840645484e-07, 3.87534043966e-07, 3.41820651784e-08],
        "max": [0.0563399270177, 0.241268277168, 0.177237197757, 0.0583566240966, 0.0830957219005, 0.0728393644094, 0.0648931264877, 0.0745947211981, 0.0795083269477, 0.0426999628544, 0.048358079046, 0.067564882338, 0.0198951307684, 0.0379717983305, 0.0198775399476, 0.0121953971684, 0.0129296211526, 0.00776231335476, 0.0064434921369, 0.009904676117, 0.00916025228798, 0.00564527185634, 0.0105044553056, 0.00741534493864, 0.00808236841112, 0.00534521602094, 0.00336766173132],
        "mean": [0.00434324797243, 0.0276235342026, 0.00632341159508, 0.0015937833814, 0.00377823016606, 0.00242360099219, 0.00113636534661, 0.00175048504025, 0.00160828069784, 0.00150752521586, 0.00190282601397, 0.00152436201461, 0.000704705715179, 0.000667629879899, 0.000541715533473, 0.000376296142349, 0.00052627408877, 0.000372462352971, 0.000320417777402, 0.000290114199743, 0.000260959204752, 0.000288760376861, 0.00038971847971, 0.000304415472783, 0.000254933693213, 0.000159961797181, 3.39408361469e-05],
        "median": [0.00097271357663, 0.0209874287248, 0.00181205570698, 0.000563377165236, 0.00202155765146, 0.00112220959272, 0.000502695329487, 0.000849543954246, 0.000749824568629, 0.000742589938454, 0.00077265012078, 0.000753026921302, 0.000399420707254, 0.00029290583916, 0.000303270120639, 0.000241539135459, 0.000322487641824, 0.000247580523137, 0.000206100201467, 0.000180274291779, 0.000125033548102, 0.00012887387129, 0.000149574247189, 0.000108972686576, 7.73593201302e-05, 3.60208869097e-05, 9.25506355998e-07],
        "min": [8.96658826806e-24, 2.8565779477e-24, 4.84265104193e-24, 2.51730583287e-24, 1.74195854883e-23, 3.9310346235e-23, 1.47975349017e-23, 1.97470706798e-23, 6.09286060261e-23, 5.14645754818e-23, 4.48091295739e-23, 2.71612256515e-23, 3.05950361977e-23, 1.07815235504e-22, 1.26196174223e-22, 2.09685526873e-22, 1.35338024507e-22, 1.08122613578e-22, 2.22980811865e-22, 2.67768370826e-22, 4.38943715169e-22, 5.04361564523e-22, 5.64780736799e-22, 6.75598553612e-22, 1.24218475952e-21, 1.75375214558e-21, 2.43419019046e-21],
        "var": [5.19595887454e-05, 0.000876549864188, 0.000152365901158, 1.38326622618e-05, 3.15408251481e-05, 1.58627026394e-05, 5.00000851389e-06, 8.17376439954e-06, 8.78208084032e-06, 6.37890616417e-06, 1.09432912723e-05, 6.65115567244e-06, 1.03271315766e-06, 2.88566570816e-06, 1.04511843801e-06, 3.16753528296e-07, 5.06157277869e-07, 2.21273836587e-07, 1.65640173577e-07, 1.55671671109e-07, 1.78777384008e-07, 1.88285795844e-07, 4.64376682885e-07, 3.01851713402e-07, 2.45163477075e-07, 1.47258418792e-07, 1.72036180857e-08]
    },
    "erbbands": {
        "dmean": [0.561917543411, 3.20126676559, 5.94038295746, 4.42876672745, 6.29398727417, 6.91566419601, 11.5663118362, 10.2232542038, 9.47805786133, 15.7519235611, 23.1935138702, 19.8199634552, 30.0021839142, 31.976852417, 35.1301841736, 34.4448623657, 19.8485736847, 22.3946075439, 13.0994644165, 14.5951938629, 11.9651689529, 15.4182500839, 10.6787815094, 11.0603504181, 7.54475641251, 5.80759572983, 5.18325138092, 5.54597949982, 5.17443847656, 5.75468587875, 6.70076370239, 4.3751335144, 2.58082818985, 1.98204553127, 1.32595849037, 0.606971025467, 0.202989444137, 0.0479805134237, 0.00462098652497, 8.11959980638e-05],
        "dmean2": [0.89991748333, 5.25317239761, 10.0830221176, 7.48278045654, 9.77229499817, 11.5333299637, 19.4485454559, 16.0947437286, 15.3994045258, 24.6247386932, 35.8034896851, 30.5982723236, 46.9998817444, 49.7004737854, 55.4649734497, 53.1137313843, 31.4750900269, 35.4629898071, 21.5539226532, 24.3470840454, 19.7563610077, 25.4283771515, 18.0223751068, 18.4529361725, 12.4706354141, 9.5345697403, 8.55346679688, 9.07837677002, 8.48143005371, 9.34684467316, 11.1493177414, 7.16822576523, 4.18763017654, 3.28487753868, 2.24797105789, 1.02852511406, 0.341236352921, 0.0778123140335, 0.00756614282727, 0.000132748857141],
        "dvar": [0.636758387089, 27.0166454315, 199.091278076, 125.312660217, 176.049972534, 357.246337891, 542.139282227, 440.556304932, 462.925262451, 927.159423828, 1872.54919434, 1886.54919434, 3892.88305664, 4138.56835938, 4625.63574219, 4004.03735352, 1160.65222168, 3662.24243164, 649.450927734, 851.143188477, 473.476715088, 1065.45092773, 466.644714355, 419.547851562, 219.686691284, 102.370048523, 92.9465789795, 154.849304199, 101.537895203, 132.977828979, 193.084136963, 90.9286956787, 27.8826255798, 20.2197399139, 12.1896476746, 3.79559659958, 0.417176097631, 0.0211600661278, 0.000369630608475, 6.08642096722e-08],
        "dvar2": [1.64532995224, 70.5338821411, 533.274597168, 342.27444458, 407.094665527, 976.987976074, 1408.15368652, 934.463928223, 1077.91796875, 2090.0390625, 3830.97998047, 4058.65136719, 8487.06054688, 9083.31347656, 10644.9873047, 8042.0703125, 2776.2019043, 8341.38867188, 1697.49890137, 2250.76635742, 1203.76208496, 2793.20776367, 1280.20739746, 1063.20983887, 564.864807129, 262.906402588, 232.762893677, 368.048828125, 261.157043457, 338.352844238, 497.55480957, 237.792129517, 70.7753372192, 52.7685508728, 34.0003051758, 10.6738843918, 1.15276408195, 0.0518248341978, 0.000895623234101, 1.46713418303e-07],
        "max": [8.66958141327, 65.5431747437, 216.531982422, 185.094268799, 220.089157104, 511.567749023, 640.381896973, 728.171691895, 749.010192871, 706.369750977, 1601.52099609, 2329.3684082, 1801.45983887, 1626.76623535, 2005.0222168, 3412.42578125, 861.067687988, 2050.73852539, 685.589599609, 780.294372559, 479.367675781, 881.389282227, 498.222015381, 398.932647705, 454.216522217, 251.085357666, 235.399993896, 522.314147949, 190.825561523, 259.030944824, 357.108947754, 238.798278809, 140.250396729, 91.3246459961, 58.5918197632, 30.3908424377, 12.4253292084, 3.53591275215, 0.597261190414, 0.00746556697413],
        "mean": [1.0992166996, 4.94279289246, 8.22734260559, 5.97275876999, 10.8286247253, 10.5752868652, 17.7512359619, 18.187128067, 15.7481060028, 26.3064994812, 40.4894638062, 36.2874488831, 49.6870727539, 57.5399551392, 65.1488876343, 69.0630950928, 38.0132446289, 39.125213623, 23.9898872375, 27.260137558, 22.6928691864, 28.1673736572, 20.3602371216, 20.0871334076, 15.4382305145, 12.6317653656, 10.5630846024, 10.7095499039, 9.89501667023, 10.8467626572, 11.6380853653, 7.63344860077, 4.4100651741, 2.92519259453, 1.77269077301, 0.784593045712, 0.270731806755, 0.0683464929461, 0.00560439750552, 0.000161271775141],
        "median": [0.680671513081, 2.55409431458, 2.90747022629, 2.90938186646, 3.83165836334, 5.86639642715, 8.38901138306, 7.69825744629, 7.22335767746, 12.0807228088, 20.0336303711, 17.6947135925, 21.878320694, 27.9940071106, 30.2024040222, 34.4229736328, 23.5836677551, 19.2940444946, 15.1344528198, 17.1649570465, 16.2020874023, 17.1705360413, 14.1207351685, 12.9897260666, 9.90420722961, 8.0374879837, 5.86898899078, 4.92910289764, 4.33846330643, 4.47826385498, 4.4156332016, 2.71164155006, 1.58712780476, 0.921256184578, 0.494001626968, 0.182112678885, 0.0578821226954, 0.012344578281, 0.000366595020751, 9.73285277723e-05],
        "min": [2.64822120496e-22, 3.62086524408e-22, 7.46534622576e-21, 8.23944591524e-21, 4.01140042523e-20, 5.57155579521e-20, 8.10177721192e-20, 3.9710707821e-19, 2.92843185046e-19, 2.96632913022e-19, 4.64380281562e-19, 1.34439359192e-18, 2.21514563305e-18, 1.69144104363e-18, 2.05420420319e-18, 1.07700270263e-18, 1.82280208119e-18, 6.16864813292e-18, 6.79354379462e-18, 5.42789507308e-18, 1.24793190411e-17, 7.68356821344e-18, 6.469165331e-18, 1.0082181886e-17, 1.47003924572e-17, 1.02099746732e-17, 1.98354982671e-17, 1.82829166533e-17, 1.68443982828e-17, 2.10662288676e-17, 1.69078827405e-17, 1.37398794289e-17, 1.33401534969e-17, 1.07801221453e-17, 1.07819750298e-17, 5.33888216736e-18, 3.29727178899e-18, 1.16129633615e-18, 3.22323695282e-19, 3.86180190339e-20],
        "var": [1.52536058426, 42.3913879395, 210.44190979, 112.151908875, 343.759277344, 354.405334473, 867.351501465, 1182.95068359, 1033.29711914, 1801.94189453, 4927.10986328, 4387.92089844, 9288.11914062, 10451.7304688, 12356.421875, 14834.6113281, 2371.60229492, 8373.24316406, 1185.65405273, 1837.3190918, 813.36730957, 1624.91027832, 636.695983887, 741.487304688, 458.410705566, 240.836334229, 212.000457764, 378.145385742, 222.467086792, 314.287597656, 434.66519165, 206.272399902, 61.3486671448, 30.2744293213, 13.7027835846, 3.6031806469, 0.462371885777, 0.0318835265934, 0.0004591299803, 8.61752269543e-08]
    },
    "gfcc": {
        "mean": [17.8996715546, 90.7087936401, -102.665878296, 24.9910831451, -46.2503089905, 26.4959964752, -23.1425266266, 13.4452991486, -18.6319179535, 1.90561556816, -10.2821445465, 6.07762432098, -9.63385772705],
        "cov": [[15200.3417969, -4185.71044922, -1009.26062012, 855.227966309, -1477.73413086, 548.479003906, -1171.24401855, 767.585205078, -485.041625977, 623.37322998, -511.295959473, 525.122253418, -532.931213379], [-4185.71044922, 3523.08959961, -200.722732544, -437.565551758, 643.167297363, -514.723754883, 366.702087402, -436.400177002, 235.604263306, -347.226928711, 403.939727783, -280.55859375, 301.393188477], [-1009.26062012, -200.722732544, 1286.34423828, 201.167190552, 270.875, 156.278411865, 73.8753509521, 29.7042217255, 6.08086204529, 9.75968170166, -42.0433273315, 3.37611031532, -30.8346824646], [855.227966309, -437.565551758, 201.167190552, 580.831787109, 13.3442182541, 168.675704956, -47.9522514343, 80.1273117065, 27.3302211761, 70.8414993286, 3.73473978043, 36.2201042175, -1.64936959743], [-1477.73413086, 643.167297363, 270.875, 13.3442182541, 608.928955078, 61.3806304932, 237.878814697, -60.0264701843, 78.0858001709, -60.0618782043, 108.272064209, -35.8319587708, 85.6890335083], [548.479003906, -514.723754883, 156.278411865, 168.675704956, 61.3806304932, 403.108703613, 72.1681365967, 132.146591187, -3.71668314934, 76.7711410522, -37.5415153503, 43.8148498535, -23.3851680756], [-1171.24401855, 366.702087402, 73.8753509521, -47.9522514343, 237.878814697, 72.1681365967, 338.397125244, 33.4316253662, 116.478157043, -28.9357585907, 70.9255447388, -26.5654582977, 61.8629570007], [767.585205078, -436.400177002, 29.7042217255, 80.1273117065, -60.0264701843, 132.146591187, 33.4316253662, 240.980484009, 60.9033813477, 105.881729126, -24.6066474915, 56.4701805115, -17.452287674], [-485.041625977, 235.604263306, 6.08086204529, 27.3302211761, 78.0858001709, -3.71668314934, 116.478157043, 60.9033813477, 196.652359009, 56.295589447, 94.9103164673, -3.79105734825, 70.7019119263], [623.37322998, -347.226928711, 9.75968170166, 70.8414993286, -60.0618782043, 76.7711410522, -28.9357585907, 105.881729126, 56.295589447, 165.83253479, 29.0531864166, 65.5854873657, -2.29213905334], [-511.295959473, 403.939727783, -42.0433273315, 3.73473978043, 108.272064209, -37.5415153503, 70.9255447388, -24.6066474915, 94.9103164673, 29.0531864166, 206.17326355, 33.9179801941, 106.775527954], [525.122253418, -280.55859375, 3.37611031532, 36.2201042175, -35.8319587708, 43.8148498535, -26.5654582977, 56.4701805115, -3.79105734825, 65.5854873657, 33.9179801941, 133.425430298, 37.3372573853], [-532.931213379, 301.393188477, -30.8346824646, -1.64936959743, 85.6890335083, -23.3851680756, 61.8629570007, -17.452287674, 70.7019119263, -2.29213905334, 106.775527954, 37.3372573853, 150.586715698]],
        "icov": [[0.000202480907319, -4.49193685199e-05, 0.000184783581062, -0.000219082139665, 8.94348268048e-05, -0.000116212133435, 0.000424954516347, -0.000438905030023, 0.000237326079514, -0.000205209216801, 0.0001278071868, -0.000563813839108, 0.000482166855363], [-4.49193685199e-05, 0.00110622576904, 3.07342561428e-05, 0.000412558059907, -0.000547490897588, 0.000607635418419, -0.000179704889888, 0.0005534447846, -0.000585923029575, 0.00116519688163, -0.00146020331886, 0.00181867566425, -0.000941077829339], [0.000184783581062, 3.07342561428e-05, 0.00113871926442, -0.000448648585007, -0.0004841737682, -0.000181497394806, 0.00039510440547, -0.000297278835205, 7.43122873246e-05, -0.000170726838405, 0.000426328304457, -0.000651888840366, 0.000693104811944], [-0.000219082139665, 0.000412558059907, -0.000448648585007, 0.00258883624338, -0.000354639807483, -0.000636205775663, 0.000465894350782, 0.000393607799197, -0.00107181211933, 0.000633189862128, -0.000874766090419, 0.00120300333947, -0.000872493139468], [8.94348268048e-05, -0.000547490897588, -0.0004841737682, -0.000354639807483, 0.00324282119982, -0.000791697413661, -0.0013579283841, 0.000383724545827, 0.000453728076536, -0.000126134851598, -0.000255823833868, -0.000571074488107, 5.14123385074e-05], [-0.000116212133435, 0.000607635418419, -0.000181497394806, -0.000636205775663, -0.000791697413661, 0.0045481659472, -0.00177216844168, -0.000979019212537, 0.00145345262717, -0.000993840163574, -3.863418533e-05, 0.00103905936703, -0.000827971321996], [0.000424954516347, -0.000179704889888, 0.00039510440547, 0.000465894350782, -0.0013579283841, -0.00177216844168, 0.00704042613506, -0.00221243454143, -0.00264996383339, 0.00210903189145, -0.000249560340308, -0.000956675445195, 0.000988842220977], [-0.000438905030023, 0.0005534447846, -0.000297278835205, 0.000393607799197, 0.000383724545827, -0.000979019212537, -0.00221243454143, 0.009456445463, -0.00365766743198, -0.00192442687694, 0.00147881358862, -0.000683611084241, -0.000274148042081], [0.000237326079514, -0.000585923029575, 7.43122873246e-05, -0.00107181211933, 0.000453728076536, 0.00145345262717, -0.00264996383339, -0.00365766743198, 0.0126061243936, -0.00554540148005, -0.00177731621079, 0.00312691018917, -0.0028698372189], [-0.000205209216801, 0.00116519688163, -0.000170726838405, 0.000633189862128, -0.000126134851598, -0.000993840163574, 0.00210903189145, -0.00192442687694, -0.00554540148005, 0.0144764846191, -0.00406719790772, -0.00217935629189, 0.00198986264877], [0.0001278071868, -0.00146020331886, 0.000426328304457, -0.000874766090419, -0.000255823833868, -3.863418533e-05, -0.000249560340308, 0.00147881358862, -0.00177731621079, -0.00406719790772, 0.0121191348881, -0.0044097173959, -0.00286125787534], [-0.000563813839108, 0.00181867566425, -0.000651888840366, 0.00120300333947, -0.000571074488107, 0.00103905936703, -0.000956675445195, -0.000683611084241, 0.00312691018917, -0.00217935629189, -0.0044097173959, 0.0172414816916, -0.00760502042249], [0.000482166855363, -0.000941077829339, 0.000693104811944, -0.000872493139468, 5.14123385074e-05, -0.000827971321996, 0.000988842220977, -0.000274148042081, -0.0028698372189, 0.00198986264877, -0.00286125787534, -0.00760502042249, 0.015059302561]]
    },
    "melbands": {
        "dmean": [0.00438523804769, 0.00330746709369, 0.000797875865828, 0.000464202079456, 0.000371687259758, 0.000235254090512, 0.000146010919707, 0.000181710303877, 0.00019663774583, 0.000127594583319, 0.000149072453496, 0.00012419676932, 0.000116918497952, 8.86741254362e-05, 7.93131112005e-05, 3.8893900637e-05, 4.66792589577e-05, 2.00022732315e-05, 2.73597852356e-05, 1.82140684046e-05, 1.50654732352e-05, 1.91394829017e-05, 1.06943107312e-05, 9.55702307692e-06, 9.87361272564e-06, 6.14055625192e-06, 5.62579725738e-06, 4.03247213399e-06, 3.41385907632e-06, 3.64976745004e-06, 3.37585333909e-06, 3.04459513245e-06, 3.31125124831e-06, 3.38663403454e-06, 4.33758395957e-06, 3.40801761922e-06, 2.63270203504e-06, 1.91001981875e-06, 1.70281043665e-06, 1.72949683019e-06],
        "dmean2": [0.00720581039786, 0.00546376733109, 0.00131282047369, 0.000741391559131, 0.000622847350314, 0.000374144932721, 0.00023640737345, 0.000282742024865, 0.000303304172121, 0.000197719913558, 0.000234032791923, 0.0001940728107, 0.000184714430361, 0.000137402908877, 0.000126086830278, 6.17606710875e-05, 7.43600539863e-05, 3.29277027049e-05, 4.59333750769e-05, 3.0579722079e-05, 2.49393688136e-05, 3.17326121149e-05, 1.80295282917e-05, 1.5968855223e-05, 1.65334058693e-05, 1.02667600004e-05, 9.25929543882e-06, 6.69390419716e-06, 5.62431978324e-06, 6.11001496509e-06, 5.59438421988e-06, 5.06470860273e-06, 5.44675276615e-06, 5.57740941076e-06, 7.31338650439e-06, 5.62877221455e-06, 4.34904450231e-06, 3.12799215862e-06, 2.81359325527e-06, 2.89992635771e-06],
        "dvar": [3.71690257452e-05, 4.24574536737e-05, 3.43916303791e-06, 1.09770030576e-06, 5.98638507654e-07, 2.09069455082e-07, 1.15438524517e-07, 1.21255766317e-07, 1.37184045457e-07, 8.48010301979e-08, 9.60184038945e-08, 6.09210246694e-08, 4.84985172022e-08, 2.38648034667e-08, 2.02441654551e-08, 6.1039071575e-09, 1.81412804778e-08, 1.68694180847e-09, 4.59925697527e-09, 1.27399146788e-09, 7.3765332731e-10, 1.67874802948e-09, 4.25010859839e-10, 3.0953981045e-10, 3.463672682e-10, 1.25793514494e-10, 1.84417869864e-10, 4.9604126362e-11, 3.92352192402e-11, 5.29935921534e-11, 7.66068666835e-11, 3.427622422e-11, 4.53521491195e-11, 4.94563903719e-11, 8.14504505509e-11, 5.6899915335e-11, 3.21674804848e-11, 1.48131108074e-11, 1.46007060609e-11, 1.48921795035e-11],
        "dvar2": [9.94862348307e-05, 0.000108469881525, 8.89452257979e-06, 2.8012848361e-06, 1.57677732204e-06, 4.5964472406e-07, 2.665551051e-07, 2.65687560841e-07, 2.84148228502e-07, 1.83368484841e-07, 2.09944445828e-07, 1.34476806579e-07, 1.12075234426e-07, 5.015746396e-08, 4.74447610088e-08, 1.39159759271e-08, 4.10665563777e-08, 4.3752264034e-09, 1.22628973642e-08, 3.2867062405e-09, 1.854027043e-09, 4.43646497317e-09, 1.1539832423e-09, 8.18362044797e-10, 8.73224381692e-10, 3.26749571844e-10, 4.66030991575e-10, 1.2940891414e-10, 9.97962754101e-11, 1.33115421463e-10, 1.91916801895e-10, 8.97859078752e-11, 1.16015107243e-10, 1.28839022784e-10, 2.13819170702e-10, 1.46304801607e-10, 8.54691525887e-11, 3.7448322221e-11, 3.73554208399e-11, 3.91684878975e-11],
        "max": [0.0658670589328, 0.0964752584696, 0.0283491965383, 0.0204611625522, 0.0186164900661, 0.0148770790547, 0.0127839976922, 0.00859170779586, 0.0129192825407, 0.0155095132068, 0.0087050832808, 0.00594404619187, 0.00654998701066, 0.00732489395887, 0.00394881609827, 0.00175928079989, 0.00469703320414, 0.00167659856379, 0.00220907479525, 0.00107006262988, 0.000738402828574, 0.00104512122925, 0.000592870928813, 0.000534345745109, 0.000356178235961, 0.000230078949244, 0.000619257159997, 0.00018843584985, 0.000169652877958, 0.000187334429938, 0.00047150903265, 0.000130515196361, 0.00015770662867, 0.000177277965122, 0.000213184088352, 0.000217356951907, 0.000117205279821, 0.000111070970888, 9.63618294918e-05, 6.38815545244e-05],
        "mean": [0.0087633067742, 0.00514149107039, 0.00121650460642, 0.000807006843388, 0.000581923522986, 0.000421294796979, 0.000240039269556, 0.000302598433336, 0.00033809026354, 0.000225963813136, 0.000239353263169, 0.000214405561564, 0.000212196013308, 0.000176748348167, 0.00014538114192, 6.6153384978e-05, 7.58450769354e-05, 3.32163908752e-05, 4.62037023681e-05, 3.07352856908e-05, 2.57195260929e-05, 3.27798770741e-05, 1.89931033674e-05, 1.71330357261e-05, 1.64541306731e-05, 1.1023676052e-05, 1.07391897473e-05, 7.86983582657e-06, 6.6150719249e-06, 6.29264923191e-06, 6.12133590039e-06, 5.50106096853e-06, 5.65983964407e-06, 6.04726574238e-06, 6.99900374457e-06, 5.74628529648e-06, 4.25295456807e-06, 3.14144131153e-06, 2.65482231043e-06, 2.38119696405e-06],
        "median": [0.006728712935, 0.00270879967138, 0.000639437115751, 0.000375187490135, 0.000299932464259, 0.000188319987501, 0.000106014544144, 0.000137443246786, 0.000155774672749, 0.000105096914922, 0.00010043221846, 9.82762503554e-05, 9.26391803659e-05, 8.83434986463e-05, 7.52196938265e-05, 3.40827136824e-05, 3.19690043398e-05, 1.98171874217e-05, 2.31891426665e-05, 1.92986735783e-05, 1.7125857994e-05, 1.85600329132e-05, 1.2831607819e-05, 1.13587193482e-05, 9.95840127871e-06, 6.54359882901e-06, 6.05683271715e-06, 4.69808765047e-06, 3.63689423466e-06, 2.96209327644e-06, 2.67281643573e-06, 2.32684942603e-06, 2.35878815147e-06, 2.34959316003e-06, 2.52557219937e-06, 2.0898044113e-06, 1.44176237882e-06, 1.10514952212e-06, 9.03063664737e-07, 6.96367862929e-07],
        "min": [2.78648035931e-24, 2.5843083255e-24, 1.62892815231e-24, 4.6306206134e-24, 2.19858393906e-24, 9.0463515719e-24, 4.59661005876e-24, 3.56526593305e-24, 4.5533331495e-24, 8.53109602761e-24, 1.11194330658e-23, 6.30920302374e-24, 6.45222271699e-24, 4.11482154393e-24, 3.30778765004e-24, 3.55912662305e-24, 1.17315899171e-23, 1.06476729452e-23, 9.19133395109e-24, 6.72911447245e-24, 1.65080788004e-23, 7.80936245225e-24, 6.3515112118e-24, 6.14763642174e-24, 7.86199367413e-24, 9.55857079058e-24, 1.00744692565e-23, 5.41987949894e-24, 1.13106379608e-23, 7.08354099969e-24, 1.17905927685e-23, 9.63515735156e-24, 9.30813900761e-24, 1.18606333617e-23, 1.07193228146e-23, 6.63717194508e-24, 8.30085040634e-24, 8.06750298399e-24, 1.22802410989e-23, 7.81873648639e-24],
        "var": [8.19728084025e-05, 5.54903053853e-05, 3.63494905287e-06, 1.67180132848e-06, 8.65550646267e-07, 5.75721344376e-07, 2.39737090624e-07, 2.4554313427e-07, 3.84929478514e-07, 1.86419228498e-07, 2.26319798458e-07, 1.4954618166e-07, 1.24360667542e-07, 8.14455063392e-08, 5.30387929132e-08, 1.26355779173e-08, 4.15374081797e-08, 2.59890287069e-09, 1.08275077793e-08, 2.17859819074e-09, 1.18829546203e-09, 2.51750575941e-09, 5.68125713141e-10, 4.94139174023e-10, 5.77775105537e-10, 2.30143085145e-10, 3.5405817167e-10, 1.0042643106e-10, 8.6143425726e-11, 1.10008654963e-10, 1.36381184124e-10, 7.13819003906e-11, 8.44949249457e-11, 1.1023200408e-10, 1.64055574681e-10, 1.19749557492e-10, 6.64603372336e-11, 3.20442179735e-11, 2.53384639659e-11, 2.04259959641e-11]
    },
    "mfcc": {
        "mean": [-627.379394531, 122.672973633, 8.1474943161, 12.8758306503, 6.67434930801, 13.0391950607, 9.68517112732, 15.8425741196, 2.92545723915, 4.55975627899, 1.23402822018, 5.19927310944, 3.96027445793],
        "cov": [[12943.3603516, -2696.28393555, -541.311706543, -46.8566741943, -281.977386475, -353.633789062, -551.931274414, -158.925857544, -233.369262695, 39.9405021667, 21.8670959473, -47.2016029358, -99.1993865967], [-2696.28393555, 2619.7043457, -251.486190796, -32.0119018555, 59.8246917725, -78.053352356, 56.9149398804, -75.5160064697, -106.453598022, -113.797843933, -74.0377120972, -16.0856628418, -1.19600093365], [-541.311706543, -251.486190796, 749.947387695, 152.401031494, 123.935096741, 84.08228302, 51.0054588318, 32.0756263733, 46.9131965637, 21.687543869, 31.0755691528, 5.82946062088, -16.6892604828], [-46.8566741943, -32.0119018555, 152.401031494, 418.808502197, 149.627349854, 71.0521621704, 18.0545749664, 19.3672771454, 3.24855232239, 17.0247325897, 15.9122924805, 21.7789669037, 20.7673225403], [-281.977386475, 59.8246917725, 123.935096741, 149.627349854, 320.574127197, 144.435791016, 107.296913147, 38.2430381775, 27.4633312225, 14.1321048737, 18.5286254883, 22.8134860992, 32.0848388672], [-353.633789062, -78.053352356, 84.08228302, 71.0521621704, 144.435791016, 258.323913574, 143.148712158, 76.5437927246, 57.135471344, 20.6164169312, 21.3637657166, 26.203294754, 28.7834682465], [-551.931274414, 56.9149398804, 51.0054588318, 18.0545749664, 107.296913147, 143.148712158, 220.364334106, 112.640090942, 70.5293426514, 25.1419754028, 26.6584262848, 29.9173316956, 38.8617248535], [-158.925857544, -75.5160064697, 32.0756263733, 19.3672771454, 38.2430381775, 76.5437927246, 112.640090942, 155.598770142, 94.3837966919, 43.1248207092, 31.5512008667, 31.4348526001, 32.0192222595], [-233.369262695, -106.453598022, 46.9131965637, 3.24855232239, 27.4633312225, 57.135471344, 70.5293426514, 94.3837966919, 158.577804565, 77.8141937256, 52.7699127197, 34.1203155518, 22.047700882], [39.9405021667, -113.797843933, 21.687543869, 17.0247325897, 14.1321048737, 20.6164169312, 25.1419754028, 43.1248207092, 77.8141937256, 127.420608521, 77.9215087891, 36.1927909851, 13.9024076462], [21.8670959473, -74.0377120972, 31.0755691528, 15.9122924805, 18.5286254883, 21.3637657166, 26.6584262848, 31.5512008667, 52.7699127197, 77.9215087891, 116.150650024, 56.9031715393, 19.4644641876], [-47.2016029358, -16.0856628418, 5.82946062088, 21.7789669037, 22.8134860992, 26.203294754, 29.9173316956, 31.4348526001, 34.1203155518, 36.1927909851, 56.9031715393, 95.5135726929, 57.0668182373], [-99.1993865967, -1.19600093365, -16.6892604828, 20.7673225403, 32.0848388672, 28.7834682465, 38.8617248535, 32.0192222595, 22.047700882, 13.9024076462, 19.4644641876, 57.0668182373, 108.231414795]],
