{
"lowlevel": {
    "average_loudness": 0.648222565651,
    "barkbands_crest": {
        "dmean": 2.94637751579,
        "dmean2": 4.6318154335,
        "dvar": 9.29683876038,
        "dvar2": 23.3807125092,
        "max": 26.5829715729,
        "mean": 15.7841396332,
        "median": 15.7269973755,
        "min": 2.72744250298,
        "var": 27.9671344757
    },
    "barkbands_flatness_db": {
        "dmean": 0.0329230390489,
        "dmean2": 0.0487166568637,
        "dvar": 0.00153644673992,
        "dvar2": 0.00317414756864,
        "max": 0.558975219727,
        "mean": 0.202197745442,
        "median": 0.196573987603,
        "min": 0.0185592286289,
        "var": 0.00619275355712
    },
    "barkbands_kurtosis": {
        "dmean": 21.6769218445,
        "dmean2": 30.0832862854,
        "dvar": 6664.43847656,
        "dvar2": 14779.2910156,
        "max": 3535.5546875,
        "mean": 36.6448097229,
        "median": 14.6513938904,
        "min": -1.9438804388,
        "var": 9641.07714844
    },
    "barkbands_skewness": {
        "dmean": 1.33975541592,
        "dmean2": 1.90694701672,
        "dvar": 3.51736330986,
        "dvar2": 6.72601175308,
        "max": 44.884929657,
        "mean": 4.14355134964,
        "median": 3.61965465546,
        "min": -13.0986404419,
        "var": 13.350979805
    },
    "barkbands_spread": {
        "dmean": 6.20303440094,
        "dmean2": 9.91185855865,
        "dvar": 117.668807983,
        "dvar2": 295.063079834,
        "max": 108.857749939,
        "mean": 15.1225624084,
        "median": 9.8006439209,
        "min": 0.0510527864099,
        "var": 245.026245117
    },
    "dissonance": {
        "dmean": 0.0137818595394,
        "dmean2": 0.0236093252897,
        "dvar": 0.000253737700405,
        "dvar2": 0.000725783931557,
        "max": 0.500000059605,
        "mean": 0.476178020239,
        "median": 0.482122719288,
        "min": 0.260151326656,
        "var": 0.000470958562801
    },
    "dynamic_complexity": 5.8946595192,
    "erbbands_crest": {
        "dmean": 2.46081495285,
        "dmean2": 3.93838381767,
        "dvar": 6.59636354446,
        "dvar2": 15.2505683899,
        "max": 34.6722412109,
        "mean": 8.49853229523,
        "median": 6.66627120972,
        "min": 2.21533083916,
        "var": 29.6237068176
    },
    "erbbands_flatness_db": {
        "dmean": 0.0133067090064,
        "dmean2": 0.0199111700058,
        "dvar": 0.000238078515395,
        "dvar2": 0.000493950268719,
        "max": 0.535689175129,
        "mean": 0.132416203618,
        "median": 0.110035933554,
        "min": 0.0353046581149,
        "var": 0.00440631527454
    },
    "erbbands_kurtosis": {
        "dmean": 1.26796734333,
        "dmean2": 1.9169883728,
        "dvar": 20.4404830933,
        "dvar2": 41.5562705994,
        "max": 176.265426636,
        "mean": 1.4538769722,
        "median": -0.334771156311,
        "min": -1.83047831059,
        "var": 87.4697036743
    },
    "erbbands_skewness": {
        "dmean": 0.369423985481,
        "dmean2": 0.558589398861,
        "dvar": 0.249988585711,
        "dvar2": 0.556188583374,
        "max": 8.01660346985,
        "mean": -0.158771932125,
        "median": -0.0994880273938,
        "min": -9.66285800934,
        "var": 1.0902119875
    },
    "erbbands_spread": {
        "dmean": 10.4177827835,
        "dmean2": 15.616232872,
        "dvar": 136.521636963,
        "dvar2": 285.698394775,
        "max": 179.800445557,
        "mean": 51.8924179077,
        "median": 50.0308799744,
        "min": 0.352746188641,
        "var": 678.052978516
    },
    "hfc": {
        "dmean": 8.44190597534,
        "dmean2": 13.8665208817,
        "dvar": 387.605834961,
        "dvar2": 1117.15686035,
        "max": 250.394195557,
        "mean": 27.9429283142,
        "median": 23.1418590546,
        "min": 1.11366714e-16,
        "var": 714.882324219
    },
    "melbands_crest": {
        "dmean": 3.77376008034,
        "dmean2": 5.98515892029,
        "dvar": 16.263250351,
        "dvar2": 38.8485908508,
        "max": 39.5028381348,
        "mean": 25.1274814606,
        "median": 26.4115753174,
        "min": 1.62863385677,
        "var": 66.6693496704
    },
    "melbands_flatness_db": {
        "dmean": 0.0385723263025,
        "dmean2": 0.0577358789742,
        "dvar": 0.00240325368941,
        "dvar2": 0.00533651001751,
        "max": 0.688360393047,
        "mean": 0.289876699448,
        "median": 0.288798898458,
        "min": 0.00283848377876,
        "var": 0.00828102044761
    },
    "melbands_kurtosis": {
        "dmean": 51.6778335571,
        "dmean2": 75.2994155884,
        "dvar": 13589.9541016,
        "dvar2": 24947.3300781,
        "max": 2931.91625977,
        "mean": 100.571731567,
        "median": 44.7489318848,
        "min": -1.95085048676,
        "var": 34495.1328125
    },
    "melbands_skewness": {
        "dmean": 1.96006321907,
        "dmean2": 2.92802596092,
        "dvar": 6.15835905075,
        "dvar2": 12.2137155533,
        "max": 39.8719558716,
        "mean": 6.82957172394,
        "median": 5.97199392319,
        "min": -7.49007034302,
        "var": 26.343662262
    },
    "melbands_spread": {
        "dmean": 7.1180138588,
        "dmean2": 11.9449882507,
        "dvar": 315.41003418,
        "dvar2": 866.814880371,
        "max": 257.106567383,
        "mean": 13.3140239716,
        "median": 6.58426809311,
        "min": 0.0696856975555,
        "var": 398.400665283
    },
    "pitch_salience": {
        "dmean": 0.0894605591893,
        "dmean2": 0.139032274485,
        "dvar": 0.00940647907555,
        "dvar2": 0.0219442248344,
        "max": 0.938362360001,
        "mean": 0.337358832359,
        "median": 0.324941039085,
        "min": 0.0109167322516,
        "var": 0.0264456551522
    },
    "silence_rate_20dB": {
        "dmean": 0.0718749985099,
        "dmean2": 0.14376604557,
        "dvar": 0.0667139142752,
        "dvar2": 0.151440769434,
        "max": 1,
        "mean": 0.888963282108,
        "median": 1,
        "min": 0,
        "var": 0.0987086221576
    },
    "silence_rate_30dB": {
        "dmean": 0.0917410701513,
        "dmean2": 0.183502629399,
        "dvar": 0.0833294540644,
        "dvar2": 0.179080709815,
        "max": 1,
        "mean": 0.449057012796,
        "median": 0,
        "min": 0,
        "var": 0.247412160039
    },
    "silence_rate_60dB": {
        "dmean": 0.012723213993,
        "dmean2": 0.0254492685199,
        "dvar": 0.0125598590821,
        "dvar2": 0.0285907629877,
        "max": 1,
        "mean": 0.175650045276,
        "median": 0,
        "min": 0,
        "var": 0.144774034619
    },
    "spectral_centroid": {
        "dmean": 306.150848389,
        "dmean2": 467.789154053,
        "dvar": 192843.65625,
        "dvar2": 455775.28125,
        "max": 11385.8388672,
        "mean": 1454.16687012,
        "median": 1341.08862305,
        "min": 86.3755264282,
        "var": 659582.4375
    },
    "spectral_complexity": {
        "dmean": 3.61897325516,
        "dmean2": 5.76582193375,
        "dvar": 24.8078403473,
        "dvar2": 57.3709640503,
        "max": 65,
        "mean": 19.096529007,
        "median": 19,
        "min": 0,
        "var": 176.774215698
    },
    "spectral_decrease": {
        "dmean": 1.49332386457e-08,
        "dmean2": 2.15186073405e-08,
        "dvar": 4.66970534371e-16,
        "dvar2": 8.82388631868e-16,
        "max": 1.09893514478e-28,
        "mean": -3.93086985184e-08,
        "median": -2.9027374282e-08,
        "min": -2.14215248207e-07,
        "var": 1.72925683121e-15
    },
    "spectral_energy": {
        "dmean": 0.05643350631,
        "dmean2": 0.0813487693667,
        "dvar": 0.00664782663807,
        "dvar2": 0.0125460373238,
        "max": 0.81300586462,
        "mean": 0.15089443326,
        "median": 0.112002387643,
        "min": 1.00761027224e-20,
        "var": 0.0250064954162
    },
    "spectral_energyband_high": {
        "dmean": 0.000742694246583,
        "dmean2": 0.00129221030511,
        "dvar": 6.69968994771e-06,
        "dvar2": 1.91280159925e-05,
        "max": 0.0432607792318,
        "mean": 0.00147430691868,
        "median": 0.000680954719428,
        "min": 7.44459320123e-21,
        "var": 6.03253101872e-06
    },
    "spectral_energyband_low": {
        "dmean": 0.0553115978837,
        "dmean2": 0.07954505831,
        "dvar": 0.00686419615522,
        "dvar2": 0.0127788903192,
        "max": 0.811883509159,
        "mean": 0.135484158993,
        "median": 0.0929327532649,
        "min": 2.08778964765e-23,
        "var": 0.0236234292388
    },
    "spectral_energyband_middle_high": {
        "dmean": 0.00142810330726,
        "dmean2": 0.00227917451411,
        "dvar": 5.94789980823e-06,
        "dvar2": 1.4960779481e-05,
        "max": 0.0454026348889,
        "mean": 0.00415398692712,
        "median": 0.00305356923491,
        "min": 1.21397196335e-21,
        "var": 1.99739406526e-05
    },
    "spectral_energyband_middle_low": {
        "dmean": 0.00446165632457,
        "dmean2": 0.00751436501741,
        "dvar": 0.00015925844491,
        "dvar2": 0.000459243048681,
        "max": 0.129817187786,
        "mean": 0.00822165515274,
        "median": 0.00575628411025,
        "min": 2.10203638094e-22,
        "var": 0.00013471301645
    },
    "spectral_entropy": {
        "dmean": 0.153623268008,
        "dmean2": 0.230256870389,
        "dvar": 0.0574365071952,
        "dvar2": 0.133433893323,
        "max": 9.80996131897,
        "mean": 7.70041275024,
        "median": 7.84505462646,
        "min": 3.56045818329,
        "var": 0.316738784313
    },
    "spectral_flux": {
        "dmean": 0.0534669645131,
        "dmean2": 0.0845499262214,
        "dvar": 0.00527197867632,
        "dvar2": 0.0118611389771,
        "max": 0.780217051506,
        "mean": 0.143110826612,
        "median": 0.119055710733,
        "min": 6.54450382775e-11,
        "var": 0.0169533956796
    },
    "spectral_kurtosis": {
        "dmean": 1.62002027035,
        "dmean2": 2.76095485687,
        "dvar": 13.8439054489,
        "dvar2": 41.1352310181,
        "max": 84.4386749268,
        "mean": 4.82964324951,
        "median": 2.78573274612,
        "min": -1.25194227695,
        "var": 50.6218566895
    },
    "spectral_rms": {
        "dmean": 0.00207368517295,
        "dmean2": 0.00297014741227,
        "dvar": 7.07367189534e-06,
        "dvar2": 1.41806458487e-05,
        "max": 0.0281633883715,
        "mean": 0.010026759468,
        "median": 0.0104532586411,
        "min": 3.13533790944e-12,
        "var": 4.66783312731e-05
    },
    "spectral_rolloff": {
        "dmean": 469.495544434,
        "dmean2": 831.168395996,
        "dvar": 2066815.125,
        "dvar2": 5544508.5,
        "max": 19466.015625,
        "mean": 740.790466309,
        "median": 129.19921875,
        "min": 43.06640625,
        "var": 2539948
    },
    "spectral_skewness": {
        "dmean": 0.193843871355,
        "dmean2": 0.319391876459,
        "dvar": 0.0841096639633,
        "dvar2": 0.244333267212,
        "max": 6.71688079834,
        "mean": 1.49166321754,
        "median": 1.33641052246,
        "min": -1.20452189445,
        "var": 0.40241637826
    },
    "spectral_spread": {
        "dmean": 405435.6875,
        "dmean2": 627717.9375,
        "dvar": 359620968448,
        "dvar2": 721710153728,
        "max": 42669760,
        "mean": 5082017.5,
        "median": 5160816,
        "min": 803663.25,
        "var": 4.02146538291e+12
    },
    "spectral_strongpeak": {
        "dmean": 0.305315643549,
        "dmean2": 0.488518327475,
        "dvar": 0.349836081266,
        "dvar2": 0.898628771305,
        "max": 20.4622821808,
        "mean": 0.650144219398,
        "median": 0.521883487701,
        "min": 0,
        "var": 0.539861023426
    },
    "zerocrossingrate": {
        "dmean": 0.0106638772413,
        "dmean2": 0.0136106694117,
        "dvar": 0.000276872102404,
        "dvar2": 0.000399769545766,
        "max": 0.67724609375,
        "mean": 0.0382910370827,
        "median": 0.025390625,
        "min": 0.0009765625,
        "var": 0.00159152259585
    },
    "barkbands": {
        "dmean": [0.0113804982975, 0.0486516989768, 0.00960990414023, 0.00301222503185, 0.0014593914384, 0.000482109142467, 0.000333071046043, 0.000569669646211, 0.000405960570788, 0.000242410576902, 0.000261467299424, 0.000391841545934, 0.000256112747593, 0.000279175903415, 0.000276156031759, 0.00019923360378, 0.000185543904081, 0.000203858144232, 0.00016301679716, 0.000204103678698, 0.000170819097548, 0.000144540565088, 0.000139023337397, 0.000175649052835, 0.000106513412902, 5.37903179065e-05, 9.90999069472e-06],
        "dmean2": [0.0176335778087, 0.0704809874296, 0.0165683422238, 0.00531855877489, 0.00241521070711, 0.00078298774315, 0.000521172652952, 0.00094546447508, 0.000662904756609, 0.000407408981118, 0.000433095410699, 0.000652797811199, 0.000425231643021, 0.000466181489173, 0.000462796422653, 0.000334846408805, 0.000309798953822, 0.000339490856277, 0.0002704753133, 0.000340383703588, 0.000284245877992, 0.000253589183558, 0.00024654075969, 0.000320732331602, 0.000189342070371, 9.23409679672e-05, 1.73590960912e-05],
        "dvar": [0.000433014618466, 0.00617249216884, 0.00139028625563, 0.000119473414088, 1.33094454213e-05, 1.51363690293e-06, 7.73548208599e-07, 1.50000221311e-06, 1.13004580271e-06, 3.95719780499e-07, 4.97083988193e-07, 8.67498044954e-07, 5.215422334e-07, 6.11659345395e-07, 5.84019517191e-07, 1.49021502693e-07, 1.69952073747e-07, 2.01128699473e-07, 1.26143774537e-07, 5.63737955872e-07, 3.52655945335e-07, 1.78825743546e-07, 2.13765744661e-07, 5.09004053129e-07, 1.53918108481e-07, 3.93359798068e-08, 1.21573806577e-09],
        "dvar2": [0.00101432402153, 0.0112608866766, 0.00389965181239, 0.000348426139681, 3.3581545722e-05, 4.19128173235e-06, 1.73250805346e-06, 3.96906989408e-06, 2.79441837847e-06, 1.03430454601e-06, 1.35806715207e-06, 2.30229920817e-06, 1.37403867484e-06, 1.58821319474e-06, 1.5355923324e-06, 3.89913566323e-07, 4.51717653505e-07, 4.97636563068e-07, 3.1505871334e-07, 1.52692234678e-06, 9.32574494072e-07, 5.09683900418e-07, 6.20832736331e-07, 1.4920161675e-06, 4.45610879751e-07, 1.08766862184e-07, 3.35560934595e-09],
        "max": [0.49154907465, 0.796105146408, 0.406688630581, 0.116105400026, 0.0565928258002, 0.018133752048, 0.0252013206482, 0.0221586078405, 0.0330080017447, 0.0204445458949, 0.0185575075448, 0.0232668444514, 0.0211378950626, 0.0314603894949, 0.0267481431365, 0.00941450987011, 0.010296058841, 0.00990384351462, 0.00685996515676, 0.0330992043018, 0.0271080844104, 0.00538465753198, 0.00573804182932, 0.00914308615029, 0.00470776017755, 0.00290974252857, 0.000491567596328],
        "mean": [0.0268301218748, 0.0997998118401, 0.0104532688856, 0.00307542248629, 0.00220678304322, 0.000868973496836, 0.000573290220927, 0.000816413376015, 0.000605084991548, 0.000372406298993, 0.000383254751796, 0.000628266017884, 0.000398851698264, 0.000429813429946, 0.000441084150225, 0.000346200511558, 0.000320179795381, 0.000374306779122, 0.000317518366501, 0.000343550433172, 0.000310966192046, 0.000260381377302, 0.000249199976679, 0.000240409150138, 0.000161390664289, 7.79407055234e-05, 9.91164597508e-06],
        "median": [0.00705679133534, 0.058514483273, 0.00268311286345, 0.00102009589318, 0.00120404211339, 0.000330034847138, 0.000127566745505, 0.000250641838647, 0.000208030251088, 0.000137886789162, 0.000122072247905, 0.000255190592725, 0.000134660906042, 0.000164178272826, 0.000182110263268, 0.000185412733117, 0.000182095303899, 0.000212876155274, 0.000179832917638, 0.000171086721821, 0.000150174746523, 0.000114465117804, 0.000102375815914, 9.03075560927e-05, 6.22716543148e-05, 2.52152076428e-05, 8.64964420089e-07],
        "min": [1.21350709708e-24, 1.5566772103e-23, 2.00634583342e-24, 8.9273408603e-24, 6.35051054175e-24, 2.01804897938e-23, 2.509512321e-23, 1.5088498358e-23, 2.99366181763e-23, 3.40368615707e-23, 4.2954220974e-23, 3.60133020816e-23, 4.79253131652e-23, 3.96739196045e-23, 3.51887562645e-23, 7.7712050925e-23, 6.90198071805e-23, 1.08435986995e-22, 2.32779070153e-22, 2.20424574366e-22, 3.55938331839e-22, 4.64843596409e-22, 5.41694148116e-22, 6.54368476496e-22, 1.02506883187e-21, 1.4726414989e-21, 2.09680753318e-21],
        "var": [0.00195514340885, 0.0164327733219, 0.00101854861714, 7.73723222665e-05, 1.38908653753e-05, 2.29859710998e-06, 1.88325998352e-06, 2.49501886174e-06, 1.99603232431e-06, 8.81258870322e-07, 8.01664612027e-07, 1.4347939441e-06, 9.34504100769e-07, 1.09805080228e-06, 1.03485535874e-06, 2.52961598335e-07, 2.55319690723e-07, 3.30370937718e-07, 2.29026085208e-07, 5.20373248492e-07, 3.65699719396e-07, 1.88264465351e-07, 1.88519152289e-07, 3.31334859993e-07, 1.16167719e-07, 3.32786243007e-08, 1.00880037657e-09]
    },
    "erbbands": {
        "dmean": [2.44197010994, 8.265001297, 11.6077318192, 9.81966972351, 7.65032196045, 4.25888538361, 3.66031575203, 4.26240062714, 3.66411352158, 7.82892274857, 12.6064462662, 7.37353754044, 8.99385452271, 8.98528766632, 10.9389429092, 15.7972373962, 10.5458574295, 14.9356250763, 12.7711133957, 12.1462211609, 12.0691804886, 9.251994133, 10.2387733459, 8.49978065491, 8.62746334076, 9.46451568604, 9.22743225098, 5.19439935684, 4.92972373962, 4.77438020706, 4.2848906517, 3.31947112083, 3.08149766922, 1.41137874126, 0.686172187328, 0.269313722849, 0.0967948660254, 0.0193701181561, 0.00153368653264, 7.02990437276e-05],
        "dmean2": [3.4707968235, 12.1094741821, 18.9530277252, 17.0450992584, 12.8392305374, 7.12303829193, 6.11304616928, 6.77517747879, 5.92109394073, 12.3852977753, 20.9918689728, 12.1816005707, 14.6840696335, 14.9052944183, 17.9949989319, 26.0879592896, 17.362991333, 24.8688163757, 21.4610481262, 20.3997840881, 20.2991046906, 15.3268585205, 16.9600830078, 14.0360574722, 14.304898262, 15.6985988617, 15.5605192184, 8.65503311157, 8.53959846497, 8.47033214569, 7.69616794586, 5.95741128922, 5.65552759171, 2.5346763134, 1.21185266972, 0.458974450827, 0.167869329453, 0.0337559916079, 0.00268478295766, 0.000107774183562],
        "dvar": [13.2160129547, 297.567504883, 1615.17565918, 1437.9597168, 448.707305908, 166.573532104, 74.5498962402, 115.730644226, 83.3135375977, 389.295074463, 774.449645996, 316.957946777, 517.63494873, 528.013061523, 607.830810547, 1505.94055176, 1027.83947754, 1981.95910645, 1463.7833252, 1190.89941406, 542.985412598, 470.032653809, 493.79309082, 364.460906982, 341.804748535, 732.579833984, 2200.46875, 155.827346802, 180.019348145, 222.232009888, 248.307540894, 154.840087891, 162.27583313, 26.3825969696, 6.61127376556, 0.856649279594, 0.143746495247, 0.00508623477072, 2.9392178476e-05, 1.12083373693e-08],
        "dvar2": [24.7815990448, 571.976928711, 4204.70166016, 4101.71826172, 1256.11938477, 440.865081787, 209.347518921, 306.266448975, 206.175994873, 889.461669922, 2042.36120605, 815.218200684, 1280.75634766, 1368.55737305, 1671.55895996, 3939.97094727, 2609.41040039, 5109.84375, 3791.37084961, 3252.29785156, 1435.99243164, 1219.9395752, 1244.20922852, 894.169921875, 876.019714355, 1881.62512207, 6010.81347656, 410.336791992, 503.660339355, 646.425354004, 723.970092773, 452.528564453, 475.297790527, 76.8332519531, 19.012140274, 2.34287714958, 0.402220129967, 0.0143311740831, 8.06625976111e-05, 2.75370641845e-08],
        "max": [36.0097160339, 190.68510437, 451.090270996, 388.504943848, 237.328399658, 318.619781494, 113.164222717, 193.225891113, 252.433013916, 602.022644043, 599.438842773, 421.900421143, 739.113586426, 787.106933594, 591.140258789, 1199.53869629, 1093.59265137, 1724.50756836, 1202.47998047, 1870.47314453, 610.956481934, 448.653961182, 522.468811035, 454.279846191, 341.001922607, 612.112304688, 1989.69677734, 302.755828857, 222.507064819, 213.614593506, 205.372436523, 160.115921021, 157.686416626, 52.6748352051, 37.7507247925, 13.168800354, 6.87176465988, 0.90487498045, 0.0790102183819, 0.00134702690411],
        "mean": [5.05049943924, 13.8065786362, 14.4015283585, 10.8648557663, 10.0352420807, 5.60950136185, 5.50719261169, 7.80949497223, 6.48821020126, 13.7011995316, 18.156036377, 11.5302267075, 14.029091835, 14.9117689133, 18.3077316284, 26.4287548065, 18.4572429657, 24.2701873779, 21.2547855377, 20.9418334961, 21.4115467072, 17.3584918976, 19.5346240997, 17.7148189545, 16.5732307434, 16.6005573273, 14.5442914963, 10.3514881134, 9.18025302887, 8.37588405609, 7.04953241348, 5.1805729866, 3.8735229969, 2.06391477585, 1.01677882671, 0.404041141272, 0.131739035249, 0.0249380469322, 0.00161524640862, 0.000195921486011],
        "median": [2.53218412399, 5.73423671722, 4.80853843689, 4.16890668869, 4.26495933533, 2.91983389854, 2.58097624779, 2.51484394073, 2.35068821907, 3.88181900978, 5.90689182281, 4.71511793137, 5.80434656143, 5.95119333267, 8.69195175171, 10.8596906662, 7.45107746124, 9.25197410583, 8.40296649933, 10.6144685745, 12.1055440903, 10.9185733795, 11.4850788116, 10.5821323395, 9.24965381622, 8.48394203186, 6.67515802383, 4.97925662994, 4.22079181671, 3.50328564644, 2.81923151016, 2.11486124992, 1.35233962536, 0.773618340492, 0.381721287966, 0.136294305325, 0.0406347922981, 0.00642320001498, 0.000301412161207, 0.000148876642925],
        "min": [1.94539208166e-22, 2.12653675983e-21, 4.8081969329e-21, 2.14494815236e-20, 3.07248968391e-20, 1.35221452322e-20, 7.73237256752e-20, 1.64923903841e-19, 2.81728850293e-19, 4.25900459851e-19, 4.34334548473e-19, 7.38399524203e-19, 1.01238935023e-18, 1.41061488003e-18, 1.37613830229e-18, 2.04642539671e-18, 2.05815709254e-18, 2.95785414786e-18, 3.5264165351e-18, 4.06165078149e-18, 5.36809529146e-18, 4.27639762186e-18, 6.85805602418e-18, 9.94760869929e-18, 1.00677368309e-17, 1.05661917322e-17, 1.24127773239e-17, 1.3859006672e-17, 1.54225922695e-17, 1.4552965711e-17, 1.36918301615e-17, 1.31320150024e-17, 1.04108554849e-17, 1.01564453342e-17, 7.66564238239e-18, 5.16767066981e-18, 2.57296307973e-18, 9.52552035299e-19, 2.73913415221e-19, 3.12819803634e-20],
        "var": [39.679485321, 537.254211426, 1432.83044434, 968.766296387, 371.447357178, 141.49180603, 81.1098022461, 228.715942383, 158.027511597, 987.447143555, 1260.97058105, 513.831054688, 975.453979492, 1223.42602539, 1056.79968262, 2647.65600586, 2036.9519043, 3704.38232422, 2405.76660156, 2447.10400391, 896.734130859, 698.382568359, 825.754577637, 674.03137207, 582.731872559, 878.389892578, 1698.71923828, 263.503479004, 218.870407104, 202.848846436, 191.078842163, 113.667953491, 102.381286621, 19.3377037048, 5.02788305283, 0.781556010246, 0.111203581095, 0.00411785114557, 2.46393556154e-05, 3.81116862513e-08]
    },
    "gfcc": {
        "mean": [-20.5360355377, 84.0445404053, -95.8439559937, 49.6708450317, -33.5115737915, 30.1395378113, -21.6227798462, 15.3747014999, -14.4859619141, 7.33832216263, -10.7595129013, 2.04232096672, -8.2513628006],
        "cov": [[26629.7832031, -4151.95849609, 1539.96936035, 1732.66711426, -1181.98730469, 970.327697754, -147.755874634, 1471.55639648, -633.39465332, 216.717849731, -211.777328491, 470.53918457, -628.577819824], [-4151.95849609, 2652.9699707, -452.309234619, -567.751281738, 195.468704224, -407.513549805, 204.313278198, -326.307098389, 291.348846436, -134.691833496, 281.54675293, -115.822036743, 166.654785156], [1539.96936035, -452.309234619, 655.470703125, 258.641448975, 17.2983455658, 122.478401184, 12.1512479782, 133.470779419, -58.3726768494, 10.5487318039, -17.3250007629, 44.2021713257, -70.9643707275], [1732.66711426, -567.751281738, 258.641448975, 566.941650391, 90.5880355835, 143.565673828, 46.3179588318, 127.093765259, -26.6564788818, 14.67877388, -45.6533508301, -3.49493956566, -40.16198349], [-1181.98730469, 195.468704224, 17.2983455658, 90.5880355835, 431.586425781, 92.3292999268, 82.8865203857, -50.7244224548, 106.818336487, 24.8516120911, 38.2054672241, -25.2550239563, 73.765838623], [970.327697754, -407.513549805, 122.478401184, 143.565673828, 92.3292999268, 247.537811279, 49.4996147156, 102.922340393, -4.17807292938, 45.9187660217, -15.0907821655, 23.2430343628, -30.0780735016], [-147.755874634, 204.313278198, 12.1512479782, 46.3179588318, 82.8865203857, 49.4996147156, 196.096969604, 58.0175247192, 82.2137451172, 3.84023356438, 68.2054443359, 2.72998166084, 37.1042976379], [1471.55639648, -326.307098389, 133.470779419, 127.093765259, -50.7244224548, 102.922340393, 58.0175247192, 202.532775879, 23.6288299561, 43.678817749, 2.03021240234, 49.8012580872, -28.1283226013], [-633.39465332, 291.348846436, -58.3726768494, -26.6564788818, 106.818336487, -4.17807292938, 82.2137451172, 23.6288299561, 184.707275391, 57.7074699402, 72.6863861084, -3.63643956184, 56.902217865], [216.717849731, -134.691833496, 10.5487318039, 14.67877388, 24.8516120911, 45.9187660217, 3.84023356438, 43.678817749, 57.7074699402, 116.560844421, 33.3356170654, 21.2463684082, 5.80140924454], [-211.777328491, 281.54675293, -17.3250007629, -45.6533508301, 38.2054672241, -15.0907821655, 68.2054443359, 2.03021240234, 72.6863861084, 33.3356170654, 132.781478882, 30.1452255249, 30.0006141663], [470.53918457, -115.822036743, 44.2021713257, -3.49493956566, -25.2550239563, 23.2430343628, 2.72998166084, 49.8012580872, -3.63643956184, 21.2463684082, 30.1452255249, 80.2919540405, 21.2514190674], [-628.577819824, 166.654785156, -70.9643707275, -40.16198349, 73.765838623, -30.0780735016, 37.1042976379, -28.1283226013, 56.902217865, 5.80140924454, 30.0006141663, 21.2514190674, 110.584213257]],
        "icov": [[0.000109142558358, -7.5022035162e-05, 1.16254682325e-07, -0.000254688871792, 0.000226592965191, -0.000240861845668, 0.000246894313022, -0.000596630910877, 0.000315932702506, -9.32550246944e-05, -8.83797329152e-05, -0.000209654404898, 9.63510537986e-05], [-7.5022035162e-05, 0.00158483861014, 2.26318352361e-05, 0.00101825117599, -0.000522227550391, 0.00147768913303, -0.0010189631721, 0.00121907482389, -0.00172850943636, 0.00215370184742, -0.00228253589012, 0.00163906207308, 5.24175047758e-05], [1.16254682325e-07, 2.26318352361e-05, 0.00222865282558, -0.000664059713017, -0.000490998732857, 4.44348552264e-05, 7.29273524485e-05, -0.000840552907903, 0.000539426109754, 0.00025893561542, -0.000244775117608, -0.00115647620987, 0.00125439232215], [-0.000254688871792, 0.00101825117599, -0.000664059713017, 0.00380854774266, -0.0015202317154, 0.000997438794002, -0.00127024005633, 0.0001439529442, -0.000668640655931, 0.00118552194908, -0.000597428355832, 0.00265070050955, -0.000342451356119], [0.000226592965191, -0.000522227550391, -0.000490998732857, -0.0015202317154, 0.005174303893, -0.0035474433098, 0.000296721322229, 0.00166834017728, -0.00142031221185, -0.000408862833865, 0.000122654790175, 0.000319502170896, -0.00222621066496], [-0.000240861845668, 0.00147768913303, 4.44348552264e-05, 0.000997438794002, -0.0035474433098, 0.00964951887727, -0.00332074007019, -0.000757618341595, 0.000197831817786, -0.000869128503837, 0.0002510434133, -0.000319457845762, 0.00264425529167], [0.000246894313022, -0.0010189631721, 7.29273524485e-05, -0.00127024005633, 0.000296721322229, -0.00332074007019, 0.0112886400893, -0.00590730505064, -0.000123107529362, 0.00255495426245, -0.00460689282045, 0.00324717769399, -0.00331183359958], [-0.000596630910877, 0.00121907482389, -0.000840552907903, 0.0001439529442, 0.00166834017728, -0.000757618341595, -0.00590730505064, 0.0169947538525, -0.00710078608245, -7.98474793555e-05, 0.00319825182669, -0.00623591151088, 0.00325897149742], [0.000315932702506, -0.00172850943636, 0.000539426109754, -0.000668640655931, -0.00142031221185, 0.000197831817786, -0.000123107529362, -0.00710078608245, 0.0153829157352, -0.00718399323523, -0.00192662933841, 0.00360481929965, -0.00396817876026], [-9.32550246944e-05, 0.00215370184742, 0.00025893561542, 0.00118552194908, -0.000408862833865, -0.000869128503837, 0.00255495426245, -7.98474793555e-05, -0.00718399323523, 0.0165189988911, -0.00610257033259, 0.00117945612874, 0.000238600070588], [-8.83797329152e-05, -0.00228253589012, -0.000244775117608, -0.000597428355832, 0.000122654790175, 0.0002510434133, -0.00460689282045, 0.00319825182669, -0.00192662933841, -0.00610257033259, 0.0186182912439, -0.0108511848375, 0.00325501989573], [-0.000209654404898, 0.00163906207308, -0.00115647620987, 0.00265070050955, 0.000319502170896, -0.000319457845762, 0.00324717769399, -0.00623591151088, 0.00360481929965, 0.00117945612874, -0.0108511848375, 0.027500577271, -0.010674838908], [9.63510537986e-05, 5.24175047758e-05, 0.00125439232215, -0.000342451356119, -0.00222621066496, 0.00264425529167, -0.00331183359958, 0.00325897149742, -0.00396817876026, 0.000238600070588, 0.00325501989573, -0.010674838908, 0.0175342746079]]
    },
    "melbands": {
        "dmean": [0.0167978834361, 0.0068819434382, 0.00163358228747, 0.000396142073441, 0.000130983520648, 9.22198378248e-05, 5.98372498644e-05, 9.44492785493e-05, 9.35879652388e-05, 5.17471817147e-05, 4.61981398985e-05, 3.728117008e-05, 3.93840346078e-05, 4.67550089525e-05, 2.8506243325e-05, 2.7029440389e-05, 2.7598322049e-05, 2.12822069443e-05, 1.77978363354e-05, 1.38735367727e-05, 1.54985227709e-05, 1.07141386252e-05, 8.66469872562e-06, 1.24428052004e-05, 6.88563159201e-06, 7.04593776391e-06, 6.90346632837e-06, 6.45112868369e-06, 6.59544048176e-06, 4.29177362093e-06, 2.9869138416e-06, 2.91445985567e-06, 3.25746782437e-06, 2.59600710706e-06, 3.05101116282e-06, 1.68842416315e-06, 2.37168728745e-06, 2.48365222433e-06, 1.49966854224e-06, 1.1913639355e-06],
        "dmean2": [0.0239211115986, 0.0102822901681, 0.00278198625892, 0.000659668352455, 0.000218708955799, 0.000147707396536, 9.53566341195e-05, 0.000152051987243, 0.000156092748512, 8.49829739309e-05, 7.55254441174e-05, 6.20957362116e-05, 6.5132335294e-05, 7.80515838414e-05, 4.71439379908e-05, 4.47120073659e-05, 4.60319024569e-05, 3.60743724741e-05, 2.95854733849e-05, 2.32247057284e-05, 2.61355307885e-05, 1.7888716684e-05, 1.45153244375e-05, 2.07075609069e-05, 1.14149215733e-05, 1.16542478281e-05, 1.15301236292e-05, 1.07305586425e-05, 1.12264178824e-05, 7.11296934242e-06, 5.03093860971e-06, 5.04064155393e-06, 5.74895102545e-06, 4.61761101178e-06, 5.54260896024e-06, 2.90962225336e-06, 4.30812633567e-06, 4.58380554846e-06, 2.71267413154e-06, 2.14394958675e-06],
        "dvar": [0.000635659613181, 0.000325910950778, 3.49147594534e-05, 1.09216557576e-06, 1.04089600939e-07, 5.5096325724e-08, 2.06569996664e-08, 4.46400818532e-08, 4.17776782058e-08, 1.7905158245e-08, 1.3410705435e-08, 9.78387504347e-09, 1.03361790238e-08, 1.28613235617e-08, 5.7506324147e-09, 4.63351401692e-09, 7.19469284149e-09, 3.80555675861e-09, 2.19186380157e-09, 1.04493336206e-09, 8.74415095886e-10, 5.91456716936e-10, 4.1779854576e-10, 7.75731590075e-10, 2.5100754808e-10, 2.48487536103e-10, 3.24074544977e-10, 3.8533537472e-10, 1.58108115489e-09, 2.92835922178e-10, 4.57002075072e-11, 5.34477531677e-11, 9.99325483475e-11, 5.28325855287e-11, 1.33242986089e-10, 1.93580464158e-11, 9.2308806432e-11, 1.0720864474e-10, 2.88079109179e-11, 1.83234608042e-11],
        "dvar2": [0.00116100348532, 0.000704702863004, 9.7964933957e-05, 2.88625938083e-06, 2.89295599032e-07, 1.48336042116e-07, 4.99582704094e-08, 1.07575608865e-07, 1.10292582178e-07, 4.497093542e-08, 3.32214895593e-08, 2.53593821498e-08, 2.84506977977e-08, 3.43229658029e-08, 1.52406727238e-08, 1.16168248354e-08, 1.90541005196e-08, 9.96657067986e-09, 5.76638026217e-09, 2.82778334082e-09, 2.33527819304e-09, 1.56065926848e-09, 1.07699171803e-09, 2.02275707295e-09, 6.21899254316e-10, 6.17936202207e-10, 8.30977286981e-10, 9.8845887031e-10, 4.38788783086e-09, 7.72559627382e-10, 1.22056531549e-10, 1.47698381303e-10, 2.88386342584e-10, 1.53168186467e-10, 3.89956344993e-10, 5.4159867563e-11, 2.70862998697e-10, 3.14538284307e-10, 8.37747995974e-11, 5.33577175499e-11],
        "max": [0.246630623937, 0.207055822015, 0.0593086779118, 0.0136375771835, 0.00506501225755, 0.00390911241993, 0.00377946952358, 0.00540183112025, 0.00442169234157, 0.00394847802818, 0.00371689093299, 0.00345752527937, 0.00275082071312, 0.00260290200822, 0.00178553629667, 0.00207398482598, 0.00296443724073, 0.00186510698404, 0.0023241864983, 0.00125940702856, 0.000754424021579, 0.000660242512822, 0.000430288113421, 0.000714365683962, 0.000362488615792, 0.000334895012202, 0.000440098432591, 0.000522579473909, 0.00210493104532, 0.000848304014653, 0.000139738622238, 0.000112560453999, 0.000149236162542, 0.00010612890037, 0.000157728223712, 0.000101201127109, 0.000129647363792, 0.000131135355332, 6.40738144284e-05, 4.58404720121e-05],
        "mean": [0.0363961867988, 0.010880314745, 0.00195273873396, 0.000545537623111, 0.000195075466763, 0.000168076716363, 0.000107987900265, 0.000158566865139, 0.00013299137936, 7.81782146078e-05, 7.06317368895e-05, 5.93407967244e-05, 6.0507652961e-05, 7.4011986726e-05, 4.67299105367e-05, 4.39708855993e-05, 4.29538631579e-05, 3.28583992086e-05, 2.92980203085e-05, 2.39779365074e-05, 2.54891256191e-05, 1.82732692338e-05, 1.48845110743e-05, 2.08219935303e-05, 1.32304212457e-05, 1.25600054162e-05, 1.18071020552e-05, 1.04766322693e-05, 9.52247955865e-06, 6.98643862052e-06, 5.73272336624e-06, 5.14394287165e-06, 5.07798449689e-06, 4.45692785433e-06, 4.33858849647e-06, 3.25241967403e-06, 3.14317685479e-06, 2.8968213428e-06, 2.05776382245e-06, 1.66611710029e-06],
        "median": [0.0207393262535, 0.00443803332746, 0.000847749004606, 0.000268619158305, 9.86535669654e-05, 5.65512309549e-05, 3.7049587263e-05, 4.98309454997e-05, 4.26301739935e-05, 2.76170922007e-05, 2.83893841697e-05, 2.20240162889e-05, 2.2623435143e-05, 2.97137539746e-05, 1.81428858923e-05, 1.58869625011e-05, 1.52199736476e-05, 1.18848638522e-05, 1.30573071147e-05, 1.28747778945e-05, 1.3357905118e-05, 1.08363183244e-05, 7.74704585638e-06, 1.08086524051e-05, 7.1388503784e-06, 6.86472412781e-06, 5.88476495977e-06, 4.95349650009e-06, 4.12652480009e-06, 2.99857492791e-06, 2.67719747171e-06, 2.2306212486e-06, 2.19138382818e-06, 1.8256880594e-06, 1.66460654327e-06, 1.37993436056e-06, 1.19067590276e-06, 9.56654389483e-07, 7.62553895584e-07, 5.91388300109e-07],
        "min": [3.54083767183e-24, 3.92241363599e-24, 5.25834247923e-24, 1.8477877497e-24, 2.236147326e-24, 3.54130664963e-24, 4.26057700681e-24, 3.84631735205e-24, 4.16170039209e-24, 4.76433174797e-24, 4.66326091664e-24, 5.1727250386e-24, 4.96966001425e-24, 4.02679886641e-24, 1.99773778322e-24, 5.19652418325e-24, 4.39035448648e-24, 6.3869977252e-24, 3.56326143749e-24, 4.03433998223e-24, 5.77147362111e-24, 3.59777528538e-24, 5.9548206727e-24, 6.11760369821e-24, 7.66972776114e-24, 6.55044931033e-24, 5.04639843096e-24, 5.82527551257e-24, 6.23835503141e-24, 7.44560054506e-24, 7.9170766757e-24, 8.5492847935e-24, 6.54483064853e-24, 8.92874266613e-24, 7.47204237374e-24, 6.52684540875e-24, 7.27411401717e-24, 6.12059624206e-24, 8.58839178401e-24, 7.9667189036e-24],
        "var": [0.00194271688815, 0.000450332183391, 2.47174648393e-05, 1.01249509044e-06, 1.03773409421e-07, 1.00209938125e-07, 4.263022646e-08, 1.04095164488e-07, 6.70357991339e-08, 3.06696286145e-08, 2.50740495034e-08, 2.26884839805e-08, 1.71066201204e-08, 2.04934078596e-08, 1.01501447247e-08, 9.36464150669e-09, 1.27154908824e-08, 5.96663696228e-09, 4.38231095856e-09, 2.02551708739e-09, 1.36748057322e-09, 8.57028781276e-10, 6.35260455351e-10, 1.15345411e-09, 4.417602395e-10, 4.14763529077e-10, 4.26645885288e-10, 4.29294599869e-10, 1.12695608401e-09, 2.74512329534e-10, 8.33108720899e-11, 7.042490896e-11, 8.85872833423e-11, 5.32123581309e-11, 9.1382387768e-11, 2.70422625265e-11, 5.98088523152e-11, 6.59944182635e-11, 2.06123347557e-11, 1.32967178934e-11]
    },
    "mfcc": {
        "mean": [-661.321533203, 106.075904846, 13.9436912537, 30.6828479767, 19.4597949982, 20.6625099182, 13.5809183121, 13.8797597885, 8.65596580505, 9.91299629211, 5.04864263535, 6.60072088242, 4.53521203995],
        "cov": [[18579.6445312, -1456.61181641, 477.427734375, 1032.70898438, 23.5091743469, 102.805931091, 356.17678833, 669.975585938, 70.2947921753, 282.276031494, 344.142822266, 159.991714478, 130.825683594], [-1456.61181641, 1828.54333496, -58.1624679565, -221.532546997, -137.419509888, -134.850570679, -74.4508209229, -55.329498291, -94.4657745361, -54.7761383057, 35.8864555359, 35.3018722534, 31.1495265961], [477.427734375, -58.1624679565, 360.853759766, 120.454879761, 32.8352127075, -1.37528204918, 32.3024559021, 52.9051704407, -7.64912796021, -0.669381141663, 34.4662895203, -12.4708328247, -0.274211227894], [1032.70898438, -221.532546997, 120.454879761, 378.754730225, 114.093826294, 89.0773620605, 77.1096115112, 75.9876098633, 46.293800354, 46.6345024109, 26.185634613, 18.0872192383, 14.5734739304], [23.5091743469, -137.419509888, 32.8352127075, 114.093826294, 238.780853271, 135.499145508, 50.6506996155, 31.387008667, 47.3750305176, 33.352306366, 17.0527229309, -2.17567420006, 12.8843517303], [102.805931091, -134.850570679, -1.37528204918, 89.0773620605, 135.499145508, 178.073364258, 81.0985107422, 36.356967926, 51.7468719482, 41.0571899414, 19.7904148102, 13.7384290695, 7.69636297226], [356.17678833, -74.4508209229, 32.3024559021, 77.1096115112, 50.6506996155, 81.0985107422, 137.889724731, 85.2674102783, 30.3250179291, 21.635351181, 21.9966659546, 16.6773376465, 14.6564788818], [669.975585938, -55.329498291, 52.9051704407, 75.9876098633, 31.387008667, 36.356967926, 85.2674102783, 146.214904785, 49.7635803223, 34.6272506714, 43.8686790466, 11.6403417587, 18.9488201141], [70.2947921753, -94.4657745361, -7.64912796021, 46.293800354, 47.3750305176, 51.7468719482, 30.3250179291, 49.7635803223, 116.801338196, 59.3538017273, 0.0859194472432, 18.6401729584, 27.4230041504], [282.276031494, -54.7761383057, -0.669381141663, 46.6345024109, 33.352306366, 41.0571899414, 21.635351181, 34.6272506714, 59.3538017273, 107.771659851, 53.5558853149, 16.0457344055, 26.3160839081], [344.142822266, 35.8864555359, 34.4662895203, 26.185634613, 17.0527229309, 19.7904148102, 21.9966659546, 43.8686790466, 0.0859194472432, 53.5558853149, 137.484817505, 42.8859634399, -4.11874628067], [159.991714478, 35.3018722534, -12.4708328247, 18.0872192383, -2.17567420006, 13.7384290695, 16.6773376465, 11.6403417587, 18.6401729584, 16.0457344055, 42.8859634399, 93.4526672363, 42.2111206055], [130.825683594, 31.1495265961, -0.274211227894, 14.5734739304, 12.8843517303, 7.69636297226, 14.6564788818, 18.9488201141, 27.4230041504, 26.3160839081, -4.11874628067, 42.2111206055, 102.181983948]],
