{
"lowlevel": {
    "average_loudness": 0.149402305484,
    "barkbands_crest": {
        "dmean": 2.92828392982,
        "dmean2": 4.74606323242,
        "dvar": 7.83003282547,
        "dvar2": 21.3215789795,
        "max": 26.7670001984,
        "mean": 13.4636049271,
        "median": 13.1750879288,
        "min": 2.02101016045,
        "var": 28.1032600403
    },
    "barkbands_flatness_db": {
        "dmean": 0.0247429627925,
        "dmean2": 0.039059586823,
        "dvar": 0.000721694494132,
        "dvar2": 0.00178163929377,
        "max": 0.661992251873,
        "mean": 0.156681030989,
        "median": 0.138567507267,
        "min": 0.0200019609183,
        "var": 0.00557178771123
    },
    "barkbands_kurtosis": {
        "dmean": 6.88601446152,
        "dmean2": 10.7989091873,
        "dvar": 1533.59350586,
        "dvar2": 3625.20483398,
        "max": 2243.97363281,
        "mean": 10.7009620667,
        "median": 4.57125520706,
        "min": -1.75344085693,
        "var": 1918.37402344
    },
    "barkbands_skewness": {
        "dmean": 0.708646178246,
        "dmean2": 1.10920500755,
        "dvar": 1.25943982601,
        "dvar2": 3.09955501556,
        "max": 42.8951339722,
        "mean": 2.39468646049,
        "median": 2.09803581238,
        "min": -1.82046544552,
        "var": 3.30918884277
    },
    "barkbands_spread": {
        "dmean": 5.78923273087,
        "dmean2": 9.33919048309,
        "dvar": 54.5574760437,
        "dvar2": 142.809906006,
        "max": 101.619949341,
        "mean": 21.4909038544,
        "median": 19.9692115784,
        "min": 0.054219160229,
        "var": 174.669906616
    },
    "dissonance": {
        "dmean": 0.0159627236426,
        "dmean2": 0.0272389687598,
        "dvar": 0.000361489452189,
        "dvar2": 0.00104377686512,
        "max": 0.5,
        "mean": 0.470304101706,
        "median": 0.478628963232,
        "min": 0.200975567102,
        "var": 0.000844692287501
    },
    "dynamic_complexity": 3.70718383789,
    "erbbands_crest": {
        "dmean": 1.83937525749,
        "dmean2": 2.9983124733,
        "dvar": 3.75172257423,
        "dvar2": 9.16732501984,
        "max": 31.9973506927,
        "mean": 7.30640459061,
        "median": 5.91661834717,
        "min": 2.0813627243,
        "var": 19.1827278137
    },
    "erbbands_flatness_db": {
        "dmean": 0.0111514786258,
        "dmean2": 0.017440887168,
        "dvar": 0.000128415384097,
        "dvar2": 0.000290412339382,
        "max": 0.412111192942,
        "mean": 0.13325214386,
        "median": 0.110661245883,
        "min": 0.0265469308943,
        "var": 0.00367167359218
    },
    "erbbands_kurtosis": {
        "dmean": 0.671636402607,
        "dmean2": 1.05979287624,
        "dvar": 2.59329557419,
        "dvar2": 5.44210863113,
        "max": 83.2956390381,
        "mean": 0.439168959856,
        "median": -0.435775756836,
        "min": -1.82589387894,
        "var": 10.427816391
    },
    "erbbands_skewness": {
        "dmean": 0.276179373264,
        "dmean2": 0.436573237181,
        "dvar": 0.0910114571452,
        "dvar2": 0.212628439069,
        "max": 8.61684322357,
        "mean": 0.351033121347,
        "median": 0.184947371483,
        "min": -4.47953891754,
        "var": 0.643068492413
    },
    "erbbands_spread": {
        "dmean": 7.840716362,
        "dmean2": 12.1408147812,
        "dvar": 91.917175293,
        "dvar2": 196.669845581,
        "max": 178.599838257,
        "mean": 48.1440544128,
        "median": 46.0339164734,
        "min": 2.58177089691,
        "var": 550.362731934
    },
    "hfc": {
        "dmean": 6.24162626266,
        "dmean2": 10.205160141,
        "dvar": 224.207443237,
        "dvar2": 626.608154297,
        "max": 247.453323364,
        "mean": 28.2429237366,
        "median": 20.057559967,
        "min": 1.21514777513e-16,
        "var": 731.966308594
    },
    "melbands_crest": {
        "dmean": 3.19344520569,
        "dmean2": 5.15782260895,
        "dvar": 8.502866745,
        "dvar2": 22.9104804993,
        "max": 39.0538520813,
        "mean": 18.7207698822,
        "median": 18.0201625824,
        "min": 1.00247108936,
        "var": 52.8449287415
    },
    "melbands_flatness_db": {
        "dmean": 0.0283805746585,
        "dmean2": 0.0447077453136,
        "dvar": 0.000995164504275,
        "dvar2": 0.00245768413879,
        "max": 0.78156453371,
        "mean": 0.222233787179,
        "median": 0.205492794514,
        "min": -9.49151583995e-08,
        "var": 0.00837557017803
    },
    "melbands_kurtosis": {
        "dmean": 18.9247608185,
        "dmean2": 29.3383560181,
        "dvar": 5917.30273438,
        "dvar2": 13393.3076172,
        "max": 3978.8112793,
        "mean": 36.4393577576,
        "median": 17.4167881012,
        "min": -1.24218213558,
        "var": 11090.9199219
    },
    "melbands_skewness": {
        "dmean": 1.06019186974,
        "dmean2": 1.65784442425,
        "dvar": 2.51864051819,
        "dvar2": 5.90287017822,
        "max": 51.4807624817,
        "mean": 4.12724304199,
        "median": 3.56736111641,
        "min": -1.68410146236,
        "var": 9.28246879578
    },
    "melbands_spread": {
        "dmean": 5.29967927933,
        "dmean2": 8.58700466156,
        "dvar": 49.369228363,
        "dvar2": 122.416564941,
        "max": 139.893661499,
        "mean": 17.0212268829,
        "median": 14.2554340363,
        "min": 0.0296946782619,
        "var": 164.173416138
    },
    "pitch_salience": {
        "dmean": 0.079334653914,
        "dmean2": 0.127489358187,
        "dvar": 0.00572520587593,
        "dvar2": 0.0145870978013,
        "max": 0.99771374464,
        "mean": 0.451342582703,
        "median": 0.469337254763,
        "min": 0.01108584553,
        "var": 0.0225011687726
    },
    "silence_rate_20dB": {
        "dmean": 0.0076477881521,
        "dmean2": 0.0152971576899,
        "dvar": 0.00759009551257,
        "dvar2": 0.0198158845305,
        "max": 1,
        "mean": 0.992869675159,
        "median": 1,
        "min": 0,
        "var": 0.00708019221202
    },
    "silence_rate_30dB": {
        "dmean": 0.0465068221092,
        "dmean2": 0.0930232554674,
        "dvar": 0.0443459898233,
        "dvar2": 0.102362811565,
        "max": 1,
        "mean": 0.787330806255,
        "median": 1,
        "min": 0,
        "var": 0.167455494404
    },
    "silence_rate_60dB": {
        "dmean": 0.0107482429594,
        "dmean2": 0.0214987080544,
        "dvar": 0.0106316767633,
        "dvar2": 0.025373287499,
        "max": 1,
        "mean": 0.0598325915635,
        "median": 0,
        "min": 0,
        "var": 0.0562575533986
    },
    "spectral_centroid": {
        "dmean": 220.513183594,
        "dmean2": 346.033630371,
        "dvar": 74423.1796875,
        "dvar2": 166620.90625,
        "max": 11027.6933594,
        "mean": 1459.65026855,
        "median": 1464.69104004,
        "min": 68.6384735107,
        "var": 358383.75
    },
    "spectral_complexity": {
        "dmean": 3.52439022064,
        "dmean2": 5.72506475449,
        "dvar": 18.3649082184,
        "dvar2": 42.6092147827,
        "max": 60,
        "mean": 22.1304130554,
        "median": 20,
        "min": 0,
        "var": 158.510437012
    },
    "spectral_decrease": {
        "dmean": 4.45367076551e-09,
        "dmean2": 6.82934242491e-09,
        "dvar": 4.59888498516e-17,
        "dvar2": 1.08684809165e-16,
        "max": 7.6892309163e-30,
        "mean": -1.56110058214e-08,
        "median": -8.81509620854e-09,
        "min": -1.16765392022e-07,
        "var": 3.17548019714e-16
    },
    "spectral_energy": {
        "dmean": 0.0169706605375,
        "dmean2": 0.0260457918048,
        "dvar": 0.000659759156406,
        "dvar2": 0.00156263436656,
        "max": 0.45166566968,
        "mean": 0.0614811964333,
        "median": 0.0355133265257,
        "min": 1.09927206231e-20,
        "var": 0.00475079193711
    },
    "spectral_energyband_high": {
        "dmean": 0.000539708184078,
        "dmean2": 0.000887983769644,
        "dvar": 2.15429440686e-06,
        "dvar2": 5.99360373599e-06,
        "max": 0.0230002887547,
        "mean": 0.00172530894633,
        "median": 0.000926845823415,
        "min": 7.83019749938e-21,
        "var": 5.4133552112e-06
    },
    "spectral_energyband_low": {
        "dmean": 0.0163648538291,
        "dmean2": 0.0251362994313,
        "dvar": 0.000711166823748,
        "dvar2": 0.0016373944236,
        "max": 0.44018098712,
        "mean": 0.0453098379076,
        "median": 0.0187430400401,
        "min": 1.11958825227e-22,
        "var": 0.00401784153655
    },
    "spectral_energyband_middle_high": {
        "dmean": 0.00140520650893,
        "dmean2": 0.00224247807637,
        "dvar": 5.03041837874e-06,
        "dvar2": 1.22064684547e-05,
        "max": 0.0445625819266,
        "mean": 0.00504762027413,
        "median": 0.00365374819376,
        "min": 1.46658860073e-21,
        "var": 2.20235997404e-05
    },
    "spectral_energyband_middle_low": {
        "dmean": 0.00332520576194,
        "dmean2": 0.00508711766452,
        "dvar": 4.22629964305e-05,
        "dvar2": 0.000100607132481,
        "max": 0.137039288878,
        "mean": 0.0103174876422,
        "median": 0.00689835986122,
        "min": 4.51451388811e-22,
        "var": 0.000121997160022
    },
    "spectral_entropy": {
        "dmean": 0.112067312002,
        "dmean2": 0.176909551024,
        "dvar": 0.0202296115458,
        "dvar2": 0.0488332286477,
        "max": 9.79243946075,
        "mean": 7.74923372269,
        "median": 7.92587089539,
        "min": 4.74601650238,
        "var": 0.332340478897
    },
    "spectral_flux": {
        "dmean": 0.0254690609872,
        "dmean2": 0.0411369018257,
        "dvar": 0.0010215358343,
        "dvar2": 0.00247717485763,
        "max": 0.496651172638,
        "mean": 0.0945298522711,
        "median": 0.0822658017278,
        "min": 1.0484617341e-10,
        "var": 0.004053063225
    },
    "spectral_kurtosis": {
        "dmean": 1.33061504364,
        "dmean2": 2.31128907204,
        "dvar": 13.901181221,
        "dvar2": 43.2218780518,
        "max": 164.055755615,
        "mean": 4.89087915421,
        "median": 2.78555965424,
        "min": -1.14744865894,
        "var": 163.186508179
    },
    "spectral_rms": {
        "dmean": 0.000969459302723,
        "dmean2": 0.00150689738803,
        "dvar": 1.30853652536e-06,
        "dvar2": 3.29031627189e-06,
        "max": 0.0209916513413,
        "mean": 0.0066457814537,
        "median": 0.00588618265465,
        "min": 3.27484437138e-12,
        "var": 1.58155362442e-05
    },
    "spectral_rolloff": {
        "dmean": 397.59854126,
        "dmean2": 674.073913574,
        "dvar": 575336.6875,
        "dvar2": 1425324.625,
        "max": 18949.21875,
        "mean": 958.14251709,
        "median": 689.0625,
        "min": 43.06640625,
        "var": 1149683.5
    },
    "spectral_skewness": {
        "dmean": 0.155889332294,
        "dmean2": 0.262160360813,
        "dvar": 0.0507423467934,
        "dvar2": 0.153680562973,
        "max": 10.7663936615,
        "mean": 1.53604435921,
        "median": 1.37904107571,
        "min": 0.0203225146979,
        "var": 0.855671405792
    },
    "spectral_spread": {
        "dmean": 441767.28125,
        "dmean2": 688015.875,
        "dvar": 330808164352,
        "dvar2": 598510010368,
        "max": 38536164,
        "mean": 5362504,
        "median": 5242000.5,
        "min": 613174.6875,
        "var": 2.97259237376e+12
    },
    "spectral_strongpeak": {
        "dmean": 0.264569222927,
        "dmean2": 0.438012570143,
        "dvar": 0.199660181999,
        "dvar2": 0.492956399918,
        "max": 11.669178009,
        "mean": 0.724572479725,
        "median": 0.464582800865,
        "min": 0,
        "var": 0.750289976597
    },
    "zerocrossingrate": {
        "dmean": 0.00905374158174,
        "dmean2": 0.0118180718273,
        "dvar": 0.000116613606224,
        "dvar2": 0.00017547000607,
        "max": 0.5302734375,
        "mean": 0.0550584159791,
        "median": 0.0517578125,
        "min": 0.00146484375,
        "var": 0.000941229227465
    },
    "barkbands": {
        "dmean": [0.00141636491753, 0.0152155896649, 0.00328359892592, 0.00143630453385, 0.00153396616224, 0.000731169828214, 0.000507541408297, 0.00051207980141, 0.000775799388066, 0.000312836782541, 0.000422906712629, 0.000414855632698, 0.000255940423813, 0.000235506013269, 0.000215569249121, 0.000189194121049, 0.000234779421589, 0.000203198913368, 0.000151573811308, 0.000142020027852, 0.000126716142404, 0.000119913493108, 0.000116021954454, 0.000129184481921, 0.000116839546536, 7.66449302319e-05, 3.11631083605e-07],
        "dmean2": [0.00197948887944, 0.0236883014441, 0.00533532118425, 0.00238251010887, 0.00237091165036, 0.00118173460942, 0.000755454588216, 0.000805575109553, 0.00119708571583, 0.000513747450896, 0.000664638297167, 0.000676571391523, 0.000426310609328, 0.000380829442292, 0.00036026147427, 0.000317724625347, 0.000393238762626, 0.000343029154465, 0.000256496859947, 0.000236954030697, 0.000207049029996, 0.000198045687284, 0.000195428889128, 0.000219622961595, 0.000196760258405, 0.000129616004415, 5.63116827834e-07],
        "dvar": [1.05285198515e-05, 0.000709601445124, 6.47060442134e-05, 1.63105596585e-05, 2.23097486014e-05, 3.61668003279e-06, 1.27047439946e-06, 1.35247921662e-06, 2.02669889404e-06, 3.87150834058e-07, 6.35665116988e-07, 9.60641955317e-07, 2.90596886998e-07, 2.56705504853e-07, 1.70651276221e-07, 1.24028971982e-07, 1.76992685397e-07, 1.10042783774e-07, 7.23958848425e-08, 5.912351142e-08, 8.36824867179e-08, 5.84482222621e-08, 6.47324682745e-08, 1.45751158698e-07, 1.15929289279e-07, 6.24390850135e-08, 1.18144339797e-12],
        "dvar2": [1.99110982066e-05, 0.00162965094205, 0.000152415872435, 4.32289089076e-05, 4.77464709547e-05, 1.01689220173e-05, 2.71201497526e-06, 3.09240908791e-06, 4.45267505711e-06, 9.45115857576e-07, 1.38548591622e-06, 2.19439357352e-06, 6.97741029398e-07, 5.7869488046e-07, 4.57198723325e-07, 3.27959241986e-07, 4.40176052052e-07, 2.86700583274e-07, 1.95238442302e-07, 1.52128876607e-07, 2.13666524473e-07, 1.54159934596e-07, 1.76186034651e-07, 4.20703059945e-07, 3.25723419792e-07, 1.77190713657e-07, 3.5215302896e-12],
        "max": [0.131789326668, 0.423719644547, 0.157200306654, 0.0738958418369, 0.111945286393, 0.0361226573586, 0.0339172333479, 0.0396827794611, 0.0641845539212, 0.0174390412867, 0.0316710956395, 0.0399838685989, 0.018568161875, 0.0184538587928, 0.0134329423308, 0.0117408186197, 0.0154739394784, 0.00914095807821, 0.0044472576119, 0.00508044054732, 0.0123445093632, 0.00489129591733, 0.00410764245316, 0.00599354039878, 0.00581839494407, 0.00421490008011, 2.48059041041e-05],
        "mean": [0.00531384348869, 0.0343288592994, 0.00480691902339, 0.00219284230843, 0.00283319642767, 0.00135839101858, 0.00102941843215, 0.000960385426879, 0.0018124737544, 0.000552919635084, 0.000842815148644, 0.000755726650823, 0.000453028304037, 0.000430581043474, 0.000380986311939, 0.000339686637744, 0.000440273899585, 0.000433093606262, 0.00032797435415, 0.000321472616633, 0.00030456163222, 0.000289713498205, 0.000283929461148, 0.000294291385217, 0.000257868261542, 0.000135536538437, 2.32618958762e-07],
        "median": [0.000373901391868, 0.0118950586766, 0.0014985401649, 0.000653097289614, 0.000799209927209, 0.000645240070298, 0.000412315072026, 0.000359151512384, 0.000759056652896, 0.000253186328337, 0.000381725199986, 0.000344702304574, 0.000206319280551, 0.000173205087776, 0.000197733155801, 0.000187970741536, 0.000258175219642, 0.000267612980679, 0.000191726052435, 0.000175953129656, 0.0001600614778, 0.000145496698678, 0.000135917900479, 0.000120607255667, 8.65875990712e-05, 3.90208915633e-05, 5.64382718338e-09],
        "min": [2.92434839642e-23, 5.59274677007e-23, 1.64787947059e-23, 4.53383763552e-23, 4.57248172245e-23, 4.63222531425e-23, 4.29269137649e-23, 7.16758071851e-23, 1.30758794237e-22, 1.20614093483e-22, 4.37932755209e-23, 3.89786933332e-23, 7.03732148148e-23, 1.24983373156e-22, 1.70437652111e-22, 1.53645479255e-22, 2.57363308108e-22, 2.00100500843e-22, 2.17884088841e-22, 3.28644552312e-22, 5.14416070077e-22, 5.23608457946e-22, 6.29854617555e-22, 9.75090038042e-22, 1.07665149983e-21, 1.68842800028e-21, 2.3577949314e-21],
        "var": [0.000152992157382, 0.00272671063431, 9.69123429968e-05, 2.18025979848e-05, 3.98334923375e-05, 4.49329399999e-06, 3.32909098688e-06, 3.3896842524e-06, 1.34961883305e-05, 7.96889821686e-07, 2.95111840387e-06, 2.36329174186e-06, 6.36215418126e-07, 6.43650025722e-07, 3.33912851147e-07, 2.35373562418e-07, 3.80206415684e-07, 2.79560538274e-07, 1.7089965354e-07, 1.772185243e-07, 1.95825194282e-07, 1.79743011586e-07, 1.70364884866e-07, 2.3716458486e-07, 1.97140735736e-07, 7.31641875973e-08, 8.21777487638e-13]
    },
    "erbbands": {
        "dmean": [0.528691470623, 3.31346797943, 4.17952013016, 3.88353228569, 5.26177072525, 5.44766712189, 5.22722101212, 6.13136672974, 5.88454627991, 8.05636692047, 13.5031929016, 15.535785675, 12.2773180008, 15.8698291779, 12.2332515717, 13.3525648117, 11.2337350845, 11.8487491608, 9.21101760864, 9.97284507751, 11.0176172256, 13.7526350021, 10.9663219452, 9.02790164948, 7.38788461685, 5.72176122665, 5.2709646225, 5.17173147202, 4.4429192543, 4.0216794014, 3.33343672752, 2.8212864399, 2.19811916351, 1.40341114998, 0.847148299217, 0.467299491167, 0.125579074025, 0.00719331484288, 0.000150642139488, 2.35922052525e-05],
        "dmean2": [0.821209847927, 5.16719484329, 6.58412456512, 6.35952711105, 8.0479888916, 8.7432718277, 8.46370792389, 10.1049261093, 8.83368015289, 12.3928203583, 20.7548465729, 24.3842334747, 19.3486785889, 24.8946399689, 19.9177188873, 21.8118057251, 18.4801197052, 18.96185112, 15.2320594788, 16.5953712463, 18.3931045532, 23.0114994049, 18.5254707336, 15.0453453064, 12.5063486099, 9.51819992065, 8.71947669983, 8.42169952393, 7.3976316452, 6.7126531601, 5.62593412399, 4.77569103241, 3.75908231735, 2.39142084122, 1.42992150784, 0.798102200031, 0.209953188896, 0.0121534466743, 0.000253102916759, 3.78028198611e-05],
        "dvar": [0.981257796288, 39.3586463928, 83.2660827637, 103.898193359, 268.528778076, 388.808380127, 224.383239746, 252.594146729, 205.872406006, 262.610992432, 845.42755127, 781.76739502, 683.062194824, 883.861206055, 547.513244629, 810.753417969, 551.995788574, 807.508300781, 327.042999268, 411.013977051, 406.296295166, 696.373535156, 391.07244873, 205.170318604, 179.526779175, 101.436637878, 92.7567825317, 225.151504517, 76.8887481689, 74.184211731, 56.1795539856, 57.3665046692, 44.8776931763, 16.42461586, 5.49761867523, 2.30331015587, 0.16769079864, 0.000505695061292, 2.24566022666e-07, 1.68619074259e-09],
        "dvar2": [2.47910356522, 83.3035049438, 179.571655273, 278.518554688, 580.063598633, 943.142456055, 607.986572266, 713.194824219, 445.312774658, 584.900390625, 1952.25732422, 1849.66699219, 1471.21118164, 1893.68908691, 1287.7076416, 1912.99121094, 1327.36132812, 1767.57751465, 851.900695801, 1083.21728516, 1071.22412109, 1717.17175293, 1031.50170898, 527.884033203, 483.906982422, 254.262176514, 233.525192261, 584.643005371, 204.824966431, 197.056610107, 154.955856323, 162.122528076, 131.061050415, 46.5240364075, 15.2617406845, 6.55925893784, 0.47001555562, 0.00142303993925, 6.33006493445e-07, 4.50018022846e-09],
        "max": [20.9867610931, 94.4100189209, 181.489593506, 157.649887085, 502.570678711, 358.243621826, 252.591903687, 276.581787109, 660.840576172, 446.856445312, 1022.62115479, 922.634277344, 1278.16943359, 1189.40698242, 779.999755859, 972.299987793, 815.630859375, 1239.55786133, 541.686584473, 799.907531738, 775.865112305, 1096.80395508, 650.495361328, 329.587493896, 286.05947876, 253.654464722, 253.529800415, 759.783874512, 176.435623169, 185.423309326, 116.51096344, 110.654388428, 111.650489807, 59.290851593, 47.0581245422, 29.2671012878, 6.48745107651, 0.368607223034, 0.0073972879909, 0.000777805282269],
        "mean": [1.43499946594, 5.82459592819, 6.81145620346, 6.73749637604, 8.98007965088, 9.4122209549, 9.42177867889, 10.942814827, 12.6337108612, 16.2275409698, 28.9749660492, 34.9677848816, 25.5657939911, 34.0442657471, 24.5615158081, 25.5155277252, 21.5862407684, 23.3785190582, 18.2932434082, 19.111076355, 21.3242206573, 26.5745296478, 23.3368453979, 20.4368953705, 16.5769786835, 13.7865591049, 12.6068906784, 11.9335594177, 10.439207077, 9.39167976379, 7.97695589066, 6.40135288239, 4.73393106461, 3.07139182091, 1.72702610493, 0.831984400749, 0.214548423886, 0.0113560035825, 0.00029313217965, 8.86256966623e-05],
        "median": [0.371137529612, 2.03973412514, 2.51794075966, 2.61791539192, 2.54312896729, 2.58545351028, 4.25824451447, 4.65642881393, 5.31223154068, 7.98753547668, 12.1366767883, 16.0897274017, 11.4643735886, 15.7649497986, 13.3098669052, 12.8549013138, 10.9271869659, 9.88417053223, 9.31817722321, 11.0726623535, 12.8429937363, 15.4944591522, 14.0180110931, 13.2848262787, 9.77038955688, 7.42606830597, 6.8082947731, 5.97544908524, 5.07989788055, 4.6951789856, 3.8162946701, 2.81363224983, 1.7731076479, 1.05019247532, 0.553056359291, 0.241145402193, 0.0611332170665, 0.00333995115943, 0.000113346723083, 5.37109772267e-05],
        "min": [3.41880451855e-21, 5.82279776988e-21, 1.42147837872e-20, 8.49481401867e-20, 1.3577979762e-19, 2.22150442891e-19, 1.08477900172e-19, 4.74073080582e-19, 4.54132651146e-19, 1.07796430009e-18, 1.94732564381e-18, 2.95681851773e-18, 4.70876368727e-18, 1.53488811711e-18, 2.09887443781e-18, 1.92220375502e-18, 3.27399265181e-18, 6.39648262493e-18, 8.72644444252e-18, 7.83437730118e-18, 1.06263947643e-17, 1.36593815204e-17, 1.24349474187e-17, 1.2152298149e-17, 9.37798400535e-18, 1.61571931735e-17, 2.2568979467e-17, 1.65903165228e-17, 1.34141017893e-17, 2.36926282285e-17, 1.83133337388e-17, 2.01835874494e-17, 1.58838298334e-17, 1.04662021397e-17, 8.33155751708e-18, 5.8388934089e-18, 3.01378996204e-18, 1.4364930187e-18, 3.40703467547e-19, 3.29531275388e-20],
        "var": [6.15428066254, 96.5183410645, 154.058746338, 146.354003906, 505.29083252, 491.555633545, 264.48916626, 347.144226074, 533.545715332, 657.310913086, 2901.62084961, 4151.94482422, 2788.91088867, 4424.6328125, 1488.25927734, 1895.98742676, 1267.27734375, 2108.91552734, 791.823242188, 827.203857422, 785.012084961, 1499.0222168, 884.349365234, 588.669311523, 463.0574646, 325.281555176, 282.207000732, 407.346557617, 236.221450806, 186.951416016, 137.100799561, 104.247322083, 66.3613586426, 28.0285701752, 9.22995853424, 2.68767428398, 0.19974848628, 0.000577909173444, 2.86790481141e-07, 9.44447009488e-09]
    },
    "gfcc": {
        "mean": [11.596154213, 79.2346191406, -107.457000732, 39.1544647217, -57.6187744141, 27.0803718567, -30.8499755859, 23.1626567841, -20.6369895935, 6.53879451752, -14.9028253555, 4.20092630386, -9.7062702179],
        "cov": [[14018.6162109, -3322.91113281, -146.785507202, 1283.80957031, -48.7719497681, 960.539916992, -544.003295898, 712.642944336, -448.963623047, 579.359130859, -328.256317139, 521.501098633, -431.480224609], [-3322.91113281, 1765.85961914, 165.362426758, -123.780426025, 150.636276245, -395.070007324, 207.903991699, -320.237426758, 127.529716492, -301.38848877, 91.2993927002, -222.652313232, 115.617103577], [-146.785507202, 165.362426758, 1003.72259521, 408.225769043, 399.578765869, 210.488983154, 89.9010314941, 35.2291030884, 44.3439064026, 60.0224647522, -27.6407032013, 36.744556427, -6.92605161667], [1283.80957031, -123.780426025, 408.225769043, 590.178405762, 287.612243652, 196.427154541, 18.3610115051, 22.2555656433, 23.2157726288, 42.7481765747, -13.7257070541, 36.0641441345, -12.2149095535], [-48.7719497681, 150.636276245, 399.578765869, 287.612243652, 431.430297852, 169.417648315, 95.0909881592, 21.796037674, 52.2860145569, 22.4177207947, 4.13796663284, 6.53813695908, -14.6262969971], [960.539916992, -395.070007324, 210.488983154, 196.427154541, 169.417648315, 393.727172852, 96.8964920044, 118.780990601, 33.6050796509, 91.0813369751, -27.1638202667, 35.0766906738, -20.5563564301], [-544.003295898, 207.903991699, 89.9010314941, 18.3610115051, 95.0909881592, 96.8964920044, 248.862731934, 23.9418354034, 99.7889251709, -16.5317955017, 1.02661907673, -45.866558075, 33.1825828552], [712.642944336, -320.237426758, 35.2291030884, 22.2555656433, 21.796037674, 118.780990601, 23.9418354034, 188.866195679, 32.2772598267, 84.0958328247, -20.2460823059, 43.8182411194, -38.1231765747], [-448.963623047, 127.529716492, 44.3439064026, 23.2157726288, 52.2860145569, 33.6050796509, 99.7889251709, 32.2772598267, 163.117843628, 44.7636566162, 34.1131362915, -34.3059577942, 33.8825759888], [579.359130859, -301.38848877, 60.0224647522, 42.7481765747, 22.4177207947, 91.0813369751, -16.5317955017, 84.0958328247, 44.7636566162, 162.281570435, 31.4492073059, 52.5474739075, -10.0766220093], [-328.256317139, 91.2993927002, -27.6407032013, -13.7257070541, 4.13796663284, -27.1638202667, 1.02661907673, -20.2460823059, 34.1131362915, 31.4492073059, 124.49370575, 30.3678035736, 30.4517784119], [521.501098633, -222.652313232, 36.744556427, 36.0641441345, 6.53813695908, 35.0766906738, -45.866558075, 43.8182411194, -34.3059577942, 52.5474739075, 30.3678035736, 142.347366333, 9.29299926758], [-431.480224609, 115.617103577, -6.92605161667, -12.2149095535, -14.6262969971, -20.5563564301, 33.1825828552, -38.1231765747, 33.8825759888, -10.0766220093, 30.4517784119, 9.29299926758, 97.3513946533]],
        "icov": [[0.000358137622243, -0.000226283751545, 0.000529091630597, -0.0011335008312, 0.000558663916308, -0.000577389961109, 0.000274530932074, -0.000704466539901, 0.000924123509321, -0.00111128517892, 0.000865595415235, -0.000691063585691, 0.000702608609572], [-0.000226283751545, 0.0033721961081, -0.0013900087215, 0.00153135182336, -0.00186557986308, 0.00307067134418, -0.00172285595909, 0.00241234968416, -0.00251603196375, 0.00469693122432, -0.00292916293256, 0.00245379307307, -0.000970689288806], [0.000529091630597, -0.0013900087215, 0.00291601940989, -0.00253278692253, 9.57021475188e-05, -0.00167533941567, 0.000612864037976, -0.00146046385635, 0.00210935110226, -0.00353567372076, 0.00272974744439, -0.00200235028751, 0.00100246467628], [-0.0011335008312, 0.00153135182336, -0.00253278692253, 0.00684078596532, -0.00342089380138, 0.00151192711201, -0.000283920875518, 0.00327287660912, -0.00399924907833, 0.0047390521504, -0.00300897471607, 0.0022376368288, -0.00237064016983], [0.000558663916308, -0.00186557986308, 9.57021475188e-05, -0.00342089380138, 0.00650499202311, -0.00300141121261, 0.000221247231821, -0.00154262315482, 0.0015586236259, -0.00280611333437, 0.00149040028919, -0.00222810474224, 0.00284691387787], [-0.000577389961109, 0.00307067134418, -0.00167533941567, 0.00151192711201, -0.00300141121261, 0.00806101039052, -0.00381197221577, 0.00100671267137, -0.00163814611733, 0.0028818862047, -0.00243190210313, 0.0027603439521, -0.0018249982968], [0.000274530932074, -0.00172285595909, 0.000612864037976, -0.000283920875518, 0.000221247231821, -0.00381197221577, 0.00849869847298, -0.00240394077264, -0.00230878102593, 0.000238801236264, 0.00168862543069, -0.000318230275298, -0.0010085782269], [-0.000704466539901, 0.00241234968416, -0.00146046385635, 0.00327287660912, -0.00154262315482, 0.00100671267137, -0.00240394077264, 0.0127351423725, -0.00575592648238, 0.00163853284903, -0.000426886399509, -0.00103504827712, 0.00251202913933], [0.000924123509321, -0.00251603196375, 0.00210935110226, -0.00399924907833, 0.0015586236259, -0.00163814611733, -0.00230878102593, -0.00575592648238, 0.016304474324, -0.00968664884567, 0.000983550795354, 0.00193468574435, -0.00201620301232], [-0.00111128517892, 0.00469693122432, -0.00353567372076, 0.0047390521504, -0.00280611333437, 0.0028818862047, 0.000238801236264, 0.00163853284903, -0.00968664884567, 0.0203429833055, -0.00827904324979, 0.00214469688945, -0.00155135104433], [0.000865595415235, -0.00292916293256, 0.00272974744439, -0.00300897471607, 0.00149040028919, -0.00243190210313, 0.00168862543069, -0.000426886399509, 0.000983550795354, -0.00827904324979, 0.0153036620468, -0.00650834664702, 0.000734553090297], [-0.000691063585691, 0.00245379307307, -0.00200235028751, 0.0022376368288, -0.00222810474224, 0.0027603439521, -0.000318230275298, -0.00103504827712, 0.00193468574435, 0.00214469688945, -0.00650834664702, 0.0144168930128, -0.00567931029946], [0.000702608609572, -0.000970689288806, 0.00100246467628, -0.00237064016983, 0.00284691387787, -0.0018249982968, -0.0010085782269, 0.00251202913933, -0.00201620301232, -0.00155135104433, 0.000734553090297, -0.00567931029946, 0.0165362339467]]
    },
    "melbands": {
        "dmean": [0.00437649991363, 0.00272385845892, 0.000684142578393, 0.000378562661353, 0.00018295404152, 0.00013535330072, 9.57128359005e-05, 9.48348169914e-05, 0.000118859003123, 0.000104535160062, 6.27562039881e-05, 6.29468850093e-05, 4.48872197012e-05, 4.48094724561e-05, 3.59221703548e-05, 2.81896700471e-05, 2.19762059714e-05, 1.54200988618e-05, 1.93235373445e-05, 1.20260328913e-05, 1.37830766107e-05, 1.64989778568e-05, 1.03909733298e-05, 1.00012139228e-05, 7.92979972175e-06, 6.047588613e-06, 6.00799012318e-06, 4.0373270167e-06, 3.89405522583e-06, 3.2579953313e-06, 3.22372989103e-06, 2.70424266091e-06, 2.7243884233e-06, 2.37323047259e-06, 2.13226121559e-06, 1.94165886569e-06, 1.89778472759e-06, 1.70828218415e-06, 1.41956138577e-06, 1.24284019876e-06],
        "dmean2": [0.00680455332622, 0.00423256726936, 0.00109234196134, 0.000587630958762, 0.000293333432637, 0.000221014299314, 0.000143516794196, 0.000146000995301, 0.000182118557859, 0.000163628239534, 9.91097695078e-05, 9.89902109723e-05, 7.22438198864e-05, 7.28915983927e-05, 5.95996862103e-05, 4.59504881292e-05, 3.53212490154e-05, 2.55405338976e-05, 3.22896885336e-05, 2.03469389817e-05, 2.31290468946e-05, 2.7752985261e-05, 1.7569247575e-05, 1.6781837985e-05, 1.32649674924e-05, 1.03194397525e-05, 1.02157218862e-05, 6.73412660035e-06, 6.45296859147e-06, 5.43619034943e-06, 5.28606005901e-06, 4.52046833743e-06, 4.57941860077e-06, 3.98566271542e-06, 3.61399952453e-06, 3.28187638843e-06, 3.23857443618e-06, 2.93841935672e-06, 2.4370463052e-06, 2.13446310227e-06],
        "dvar": [5.92551914451e-05, 2.61712630163e-05, 3.03867136608e-06, 1.34638105465e-06, 3.31156172706e-07, 1.22442131101e-07, 4.69377852141e-08, 3.52539437642e-08, 6.80916372175e-08, 3.70562567298e-08, 1.78756174307e-08, 1.32779387485e-08, 6.04982730579e-09, 1.54772923366e-08, 8.25407742155e-09, 4.5579300334e-09, 2.49780529593e-09, 1.0783839377e-09, 1.32047528467e-09, 5.95504312528e-10, 6.63854526906e-10, 9.79901049192e-10, 3.41349504218e-10, 2.90251517265e-10, 1.60628690904e-10, 1.17398160637e-10, 1.26860841276e-10, 5.42064379494e-11, 5.22433832306e-11, 3.8404595476e-11, 1.01993392898e-10, 2.67352147365e-11, 3.47057937944e-11, 2.39979945638e-11, 2.30536006951e-11, 2.20038310489e-11, 2.71363174986e-11, 2.50188914724e-11, 1.82175646096e-11, 1.1624905899e-11],
        "dvar2": [0.000142902135849, 5.18447122886e-05, 7.65249478718e-06, 2.94334176942e-06, 8.65123979565e-07, 3.43581803008e-07, 1.01124591367e-07, 7.75600170755e-08, 1.55367899879e-07, 8.49642134426e-08, 3.84563172418e-08, 2.89107671136e-08, 1.43987399781e-08, 3.43122792401e-08, 2.14540509802e-08, 1.02462776042e-08, 5.57042412197e-09, 2.76061684623e-09, 3.51581075364e-09, 1.58670809824e-09, 1.74799508201e-09, 2.4585922187e-09, 8.97586782678e-10, 7.48655193394e-10, 4.14615314304e-10, 3.22053134161e-10, 3.43515854651e-10, 1.34533564844e-10, 1.33420358095e-10, 9.80546130402e-11, 2.65994615223e-10, 7.13389000651e-11, 9.36296942755e-11, 6.3498775682e-11, 6.34328145566e-11, 6.174646211e-11, 7.66986543721e-11, 7.29167004554e-11, 5.26396495837e-11, 3.25750745822e-11],
        "max": [0.131472870708, 0.0883637517691, 0.0256788637489, 0.0268308445811, 0.0136134680361, 0.00638725794852, 0.00857754610479, 0.00521511677653, 0.0108792241663, 0.007192525547, 0.00644970918074, 0.00437681702897, 0.00224033161066, 0.00567423598841, 0.00289829890244, 0.00275187077932, 0.00207319832407, 0.000890644034371, 0.00120097142644, 0.000829712487757, 0.00106348400004, 0.00123940594494, 0.000400563614676, 0.000431368214777, 0.000296092446661, 0.000205964985071, 0.000280315143755, 0.000205629796255, 0.000168032071088, 0.000172740925336, 0.000540810462553, 9.43665363593e-05, 0.000113817768579, 0.000114118716738, 8.3104998339e-05, 8.2039492554e-05, 8.93488177098e-05, 7.71779741626e-05, 7.78178946348e-05, 5.21847832715e-05],
        "mean": [0.011164214462, 0.00506349047646, 0.0012458950514, 0.000692638044711, 0.000330889219185, 0.000250178592978, 0.00020370807033, 0.000186263423529, 0.000253746256931, 0.000232120524743, 0.000122926736367, 0.000131453853101, 9.02625688468e-05, 8.09701668913e-05, 5.838472498e-05, 5.03581031808e-05, 4.08083615184e-05, 2.75786915154e-05, 3.20940889651e-05, 2.1240723072e-05, 2.46111121669e-05, 2.9012122468e-05, 2.02386127057e-05, 2.06367294595e-05, 1.62300984812e-05, 1.2178351426e-05, 1.16088858704e-05, 8.62939032231e-06, 8.21354751679e-06, 7.04687954567e-06, 6.70732515573e-06, 5.83248674957e-06, 5.5889468058e-06, 5.086119927e-06, 4.64311551696e-06, 4.22301081926e-06, 3.81779000236e-06, 3.37397227668e-06, 2.90910998046e-06, 2.49566801358e-06],
        "median": [0.00343615212478, 0.00203813845292, 0.000495132931974, 0.000197465022211, 0.000150201653014, 0.00011115171219, 8.79694489413e-05, 8.77189959283e-05, 0.000100708442915, 0.000100726501842, 5.07951335749e-05, 5.94029988861e-05, 4.78836009279e-05, 3.22310770571e-05, 2.57330175373e-05, 1.91404160432e-05, 1.68208298419e-05, 1.13404921649e-05, 1.68315254996e-05, 1.12318339234e-05, 1.41720556712e-05, 1.6239047909e-05, 1.12941097541e-05, 1.21156426758e-05, 1.02163767224e-05, 6.93450238032e-06, 6.39913332634e-06, 4.31517719335e-06, 4.18266836277e-06, 3.68074779544e-06, 3.16468845085e-06, 2.71723888545e-06, 2.74950889434e-06, 2.4395408218e-06, 2.16493049265e-06, 1.86814941117e-06, 1.60745696576e-06, 1.23711947708e-06, 1.03929426132e-06, 7.97861218871e-07],
        "min": [2.34137687425e-23, 6.99771529979e-24, 1.70461576685e-23, 1.35324576006e-23, 4.63007196064e-24, 1.01083042896e-23, 8.13945577602e-24, 1.35659210802e-23, 1.73291630959e-23, 1.8201286692e-23, 2.33017015846e-23, 6.25449118122e-24, 5.83378771616e-24, 4.91782514746e-24, 5.57416018162e-24, 7.70528803303e-24, 1.25825570525e-23, 1.25008783944e-23, 1.3009434143e-23, 7.96991773457e-24, 1.41018558243e-23, 1.27884489599e-23, 1.72183770481e-23, 6.78741287106e-24, 1.0895354759e-23, 5.14264656115e-24, 7.62745664954e-24, 1.10696796085e-23, 1.77512746777e-23, 8.88879711647e-24, 9.53388733285e-24, 5.78967974194e-24, 1.34809702271e-23, 1.18142940944e-23, 1.02985451966e-23, 9.98294245885e-24, 1.3969226218e-23, 1.1946286301e-23, 9.87982256132e-24, 8.23793086054e-24],
        "var": [0.000308497954393, 6.7446831963e-05, 4.92038543598e-06, 2.42570126829e-06, 3.672433877e-07, 1.64712844253e-07, 1.20325609032e-07, 9.01485321947e-08, 2.67128541509e-07, 2.08223426057e-07, 6.99369380186e-08, 6.27231599992e-08, 2.01812166978e-08, 3.87434084814e-08, 1.33348976306e-08, 1.07012159134e-08, 6.32010932478e-09, 2.46318054842e-09, 2.39382846878e-09, 1.15324083616e-09, 1.15331189043e-09, 1.90382243304e-09, 7.52380935332e-10, 7.0620737036e-10, 4.06994549174e-10, 2.54410159606e-10, 2.86360157808e-10, 1.54094750848e-10, 1.36340647106e-10, 1.00972556705e-10, 1.62408683724e-10, 8.03019942208e-11, 7.25894622189e-11, 5.82845924302e-11, 4.95439002324e-11, 4.38553429682e-11, 4.16235969303e-11, 3.53739468273e-11, 2.61034562021e-11, 1.9964505743e-11]
    },
    "mfcc": {
        "mean": [-628.596801758, 103.929504395, 10.8917837143, 20.7062110901, 4.80864953995, 5.82184553146, 6.64136791229, 13.3156175613, 6.52431678772, 6.01387739182, 3.91709756851, 4.34560155869, 1.55642867088],
        "cov": [[10378.3417969, -1529.75976562, -103.85811615, 71.6925354004, 484.037506104, 324.009216309, 214.125717163, 230.278991699, -2.40425038338, 76.1359634399, 117.057472229, 122.734512329, 107.316513062], [-1529.75976562, 1040.3894043, -82.8348388672, 125.98513031, -130.428359985, -105.737510681, -62.23878479, -50.5097198486, -63.5200691223, -72.4401397705, -84.1647644043, -67.9723510742, -70.9499206543], [-103.85811615, -82.8348388672, 582.739562988, 263.599761963, 256.434082031, 213.385238647, 90.0008926392, 50.1862792969, 81.5626373291, 67.7152481079, 15.7789583206, 5.82436990738, 21.1705875397], [71.6925354004, 125.98513031, 263.599761963, 422.429229736, 252.740158081, 155.835205078, 43.2526893616, 39.9947433472, 9.34263801575, 23.0537719727, -11.8323049545, -14.4282159805, 21.0712604523], [484.037506104, -130.428359985, 256.434082031, 252.740158081, 418.826385498, 226.90776062, 107.902572632, 63.8057632446, 32.1361961365, 55.1865844727, 42.4062995911, 20.5244121552, 36.1987609863], [324.009216309, -105.737510681, 213.385238647, 155.835205078, 226.90776062, 321.727661133, 136.572402954, 89.629776001, 96.6000061035, 68.5854721069, 22.1930217743, 24.288936615, 21.8336353302], [214.125717163, -62.23878479, 90.0008926392, 43.2526893616, 107.902572632, 136.572402954, 160.459014893, 78.7910690308, 56.5675125122, 34.3642463684, 23.5942058563, 23.7559223175, 8.1023235321], [230.278991699, -50.5097198486, 50.1862792969, 39.9947433472, 63.8057632446, 89.629776001, 78.7910690308, 154.010314941, 69.3635253906, 30.9889907837, 1.28057253361, 16.799451828, 19.5527553558], [-2.40425038338, -63.5200691223, 81.5626373291, 9.34263801575, 32.1361961365, 96.6000061035, 56.5675125122, 69.3635253906, 174.828659058, 88.6022415161, 33.0356369019, 23.3488883972, -5.16973590851], [76.1359634399, -72.4401397705, 67.7152481079, 23.0537719727, 55.1865844727, 68.5854721069, 34.3642463684, 30.9889907837, 88.6022415161, 117.389213562, 60.6722488403, 32.9907722473, 9.6893196106], [117.057472229, -84.1647644043, 15.7789583206, -11.8323049545, 42.4062995911, 22.1930217743, 23.5942058563, 1.28057253361, 33.0356369019, 60.6722488403, 108.446556091, 52.0485687256, 10.9918222427], [122.734512329, -67.9723510742, 5.82436990738, -14.4282159805, 20.5244121552, 24.288936615, 23.7559223175, 16.799451828, 23.3488883972, 32.9907722473, 52.0485687256, 88.9079589844, 35.4048728943], [107.316513062, -70.9499206543, 21.1705875397, 21.0712604523, 36.1987609863, 21.8336353302, 8.1023235321, 19.5527553558, -5.16973590851, 9.6893196106, 10.9918222427, 35.4048728943, 97.0078430176]],
