{
"lowlevel": {
    "average_loudness": 0.787390768528,
    "barkbands_crest": {
        "dmean": 2.92771220207,
        "dmean2": 4.58906841278,
        "dvar": 9.45228481293,
        "dvar2": 22.6802482605,
        "max": 26.700296402,
        "mean": 13.4460334778,
        "median": 13.4705934525,
        "min": 1.60526430607,
        "var": 33.1972160339
    },
    "barkbands_flatness_db": {
        "dmean": 0.0286524705589,
        "dmean2": 0.039832264185,
        "dvar": 0.000957061187364,
        "dvar2": 0.0018786842702,
        "max": 0.601829886436,
        "mean": 0.128245159984,
        "median": 0.110017664731,
        "min": 0.0124300168827,
        "var": 0.00560890277848
    },
    "barkbands_kurtosis": {
        "dmean": 6.2654466629,
        "dmean2": 8.64904880524,
        "dvar": 425.814575195,
        "dvar2": 827.184814453,
        "max": 1516.04382324,
        "mean": 7.82529497147,
        "median": 1.56121444702,
        "min": -1.71068012714,
        "var": 659.582519531
    },
    "barkbands_skewness": {
        "dmean": 0.815209209919,
        "dmean2": 1.12832438946,
        "dvar": 1.22603797913,
        "dvar2": 2.27077913284,
        "max": 34.0076065063,
        "mean": 1.98184370995,
        "median": 1.53926622868,
        "min": -2.63628363609,
        "var": 3.77179908752
    },
    "barkbands_spread": {
        "dmean": 8.73474788666,
        "dmean2": 12.8758525848,
        "dvar": 98.5003128052,
        "dvar2": 225.760482788,
        "max": 99.5912322998,
        "mean": 28.6964893341,
        "median": 26.5482578278,
        "min": 0.0717247128487,
        "var": 260.712097168
    },
    "dissonance": {
        "dmean": 0.0149629451334,
        "dmean2": 0.0253233704716,
        "dvar": 0.000313083874062,
        "dvar2": 0.000855311285704,
        "max": 0.500000059605,
        "mean": 0.47674292326,
        "median": 0.483911991119,
        "min": 0.206560447812,
        "var": 0.000606011308264
    },
    "dynamic_complexity": 3.62847161293,
    "erbbands_crest": {
        "dmean": 2.68002009392,
        "dmean2": 4.35274171829,
        "dvar": 6.76656866074,
        "dvar2": 15.7889194489,
        "max": 28.5121746063,
        "mean": 8.08719730377,
        "median": 7.02913379669,
        "min": 2.12466216087,
        "var": 19.29139328
    },
    "erbbands_flatness_db": {
        "dmean": 0.0141911972314,
        "dmean2": 0.0216219760478,
        "dvar": 0.0001715318067,
        "dvar2": 0.000364816951333,
        "max": 0.406791806221,
        "mean": 0.123899996281,
        "median": 0.113630726933,
        "min": 0.0422374233603,
        "var": 0.00280711613595
    },
    "erbbands_kurtosis": {
        "dmean": 0.990040242672,
        "dmean2": 1.53257012367,
        "dvar": 2.91975927353,
        "dvar2": 5.61421251297,
        "max": 159.407562256,
        "mean": 0.944759845734,
        "median": 0.373364210129,
        "min": -1.81833088398,
        "var": 6.20875167847
    },
    "erbbands_skewness": {
        "dmean": 0.344505101442,
        "dmean2": 0.521683990955,
        "dvar": 0.104017272592,
        "dvar2": 0.21711781621,
        "max": 10.3719835281,
        "mean": 0.143553823233,
        "median": 0.0943977311254,
        "min": -2.367852211,
        "var": 0.398167401552
    },
    "erbbands_spread": {
        "dmean": 9.60465240479,
        "dmean2": 14.1550664902,
        "dvar": 145.942214966,
        "dvar2": 285.280303955,
        "max": 170.391937256,
        "mean": 41.2127876282,
        "median": 35.3166122437,
        "min": 1.56448602676,
        "var": 654.255859375
    },
    "hfc": {
        "dmean": 9.81042194366,
        "dmean2": 16.5807380676,
        "dvar": 499.850463867,
        "dvar2": 1477.63647461,
        "max": 252.024307251,
        "mean": 26.9580402374,
        "median": 17.3693447113,
        "min": 1.21788501504e-16,
        "var": 768.629821777
    },
    "melbands_crest": {
        "dmean": 3.65017342567,
        "dmean2": 5.80664205551,
        "dvar": 15.1727819443,
        "dvar2": 38.1277580261,
        "max": 37.281211853,
        "mean": 21.0031108856,
        "median": 21.7288742065,
        "min": 2.53483510017,
        "var": 57.2213363647
    },
    "melbands_flatness_db": {
        "dmean": 0.0380009561777,
        "dmean2": 0.0531305372715,
        "dvar": 0.00170362193603,
        "dvar2": 0.0036766321864,
        "max": 0.738158881664,
        "mean": 0.21311917901,
        "median": 0.196876198053,
        "min": 0.00664633652195,
        "var": 0.00879292469472
    },
    "melbands_kurtosis": {
        "dmean": 22.1677894592,
        "dmean2": 29.9718990326,
        "dvar": 2558.97387695,
        "dvar2": 4036.28100586,
        "max": 884.322937012,
        "mean": 34.6362533569,
        "median": 10.7881011963,
        "min": -1.80037522316,
        "var": 5336.38916016
    },
    "melbands_skewness": {
        "dmean": 1.31055366993,
        "dmean2": 1.8233127594,
        "dvar": 3.12579369545,
        "dvar2": 5.57800674438,
        "max": 23.1101856232,
        "mean": 3.9843416214,
        "median": 3.12838983536,
        "min": -2.09795975685,
        "var": 11.4832353592
    },
    "melbands_spread": {
        "dmean": 9.34803009033,
        "dmean2": 14.8747959137,
        "dvar": 181.354705811,
        "dvar2": 478.175048828,
        "max": 182.56993103,
        "mean": 24.1919536591,
        "median": 21.0006027222,
        "min": 0.2564625144,
        "var": 316.133300781
    },
    "pitch_salience": {
        "dmean": 0.0853714421391,
        "dmean2": 0.129615157843,
        "dvar": 0.00829978659749,
        "dvar2": 0.0191985350102,
        "max": 0.952154755592,
        "mean": 0.42516413331,
        "median": 0.430782705545,
        "min": 0.0184593908489,
        "var": 0.0246851686388
    },
    "silence_rate_20dB": {
        "dmean": 0,
        "dmean2": 0,
        "dvar": 0,
        "dvar2": 0,
        "max": 1,
        "mean": 1,
        "median": 1,
        "min": 1,
        "var": 0
    },
    "silence_rate_30dB": {
        "dmean": 0.0624786615372,
        "dmean2": 0.124964430928,
        "dvar": 0.0585768483579,
        "dvar2": 0.116409994662,
        "max": 1,
        "mean": 0.904125154018,
        "median": 1,
        "min": 0,
        "var": 0.0866800397635
    },
    "silence_rate_60dB": {
        "dmean": 0.0110390353948,
        "dmean2": 0.0220793262124,
        "dvar": 0.0109172863886,
        "dvar2": 0.0250065810978,
        "max": 1,
        "mean": 0.0732859149575,
        "median": 0,
        "min": 0,
        "var": 0.0679157599807
    },
    "spectral_centroid": {
        "dmean": 337.950256348,
        "dmean2": 486.076721191,
        "dvar": 154335.8125,
        "dvar2": 308957.78125,
        "max": 11217.6445312,
        "mean": 1706.02941895,
        "median": 1675.67211914,
        "min": 81.9484481812,
        "var": 546559.6875
    },
    "spectral_complexity": {
        "dmean": 5.17025136948,
        "dmean2": 8.22819137573,
        "dvar": 33.5990562439,
        "dvar2": 76.351272583,
        "max": 60,
        "mean": 21.0557041168,
        "median": 19,
        "min": 0,
        "var": 136.318344116
    },
    "spectral_decrease": {
        "dmean": 4.66010785516e-09,
        "dmean2": 6.43735331707e-09,
        "dvar": 7.32680058304e-17,
        "dvar2": 1.22158985774e-16,
        "max": 6.66686108636e-29,
        "mean": -1.14578417865e-08,
        "median": -7.55623208448e-09,
        "min": -8.95475125162e-08,
        "var": 1.79507722045e-16
    },
    "spectral_energy": {
        "dmean": 0.0177179146558,
        "dmean2": 0.0245918855071,
        "dvar": 0.00104059348814,
        "dvar2": 0.00176086788997,
        "max": 0.341462701559,
        "mean": 0.0456897430122,
        "median": 0.0306749884039,
        "min": 1.07949614488e-20,
        "var": 0.00267447228543
    },
    "spectral_energyband_high": {
        "dmean": 0.000888511305675,
        "dmean2": 0.00150151294656,
        "dvar": 5.02505190525e-06,
        "dvar2": 1.46090105773e-05,
        "max": 0.0265682041645,
        "mean": 0.00191658677068,
        "median": 0.000739330425858,
        "min": 7.69495266144e-21,
        "var": 7.00096097717e-06
    },
    "spectral_energyband_low": {
        "dmean": 0.0178521536291,
        "dmean2": 0.0250362418592,
        "dvar": 0.00124064472038,
        "dvar2": 0.00217619817704,
        "max": 0.339349597692,
        "mean": 0.0347363948822,
        "median": 0.0178646352142,
        "min": 1.08833269968e-22,
        "var": 0.00242512254044
    },
    "spectral_energyband_middle_high": {
        "dmean": 0.00204698462039,
        "dmean2": 0.0034676513169,
        "dvar": 1.44650257425e-05,
        "dvar2": 4.04903948947e-05,
        "max": 0.0455831922591,
        "mean": 0.00476582953706,
        "median": 0.00396248418838,
        "min": 1.47942444051e-21,
        "var": 1.57409886015e-05
    },
    "spectral_energyband_middle_low": {
        "dmean": 0.00411471305415,
        "dmean2": 0.00663182511926,
        "dvar": 0.000154094130266,
        "dvar2": 0.000378200813429,
        "max": 0.192218586802,
        "mean": 0.00585222896188,
        "median": 0.00318826339208,
        "min": 4.66593125814e-22,
        "var": 0.000144482066389
    },
    "spectral_entropy": {
        "dmean": 0.150352820754,
        "dmean2": 0.208533555269,
        "dvar": 0.0298695098609,
        "dvar2": 0.0543365180492,
        "max": 9.8008890152,
        "mean": 7.96360588074,
        "median": 8.07911109924,
        "min": 3.83920884132,
        "var": 0.312768012285
    },
    "spectral_flux": {
        "dmean": 0.0318309217691,
        "dmean2": 0.0426485389471,
        "dvar": 0.00170412345324,
        "dvar2": 0.00262530706823,
        "max": 0.518287360668,
        "mean": 0.0963019728661,
        "median": 0.0707535892725,
        "min": 1.03898806225e-10,
        "var": 0.00733231985942
    },
    "spectral_kurtosis": {
        "dmean": 1.81166362762,
        "dmean2": 2.9417784214,
        "dvar": 42.4087142944,
        "dvar2": 125.204345703,
        "max": 172.200683594,
        "mean": 5.45605707169,
        "median": 2.58856773376,
        "min": -1.20519852638,
        "var": 180.867843628
    },
    "spectral_rms": {
        "dmean": 0.00105640396941,
        "dmean2": 0.00146429252345,
        "dvar": 1.95514962797e-06,
        "dvar2": 3.24181382894e-06,
        "max": 0.0182519685477,
        "mean": 0.00581513624638,
        "median": 0.00547054084018,
        "min": 3.24525345832e-12,
        "var": 1.07595260488e-05
    },
    "spectral_rolloff": {
        "dmean": 735.187805176,
        "dmean2": 1230.07751465,
        "dvar": 1504067.625,
        "dvar2": 3743573.5,
        "max": 18798.4863281,
        "mean": 1331.55737305,
        "median": 1098.19335938,
        "min": 43.06640625,
        "var": 1951607.875
    },
    "spectral_skewness": {
        "dmean": 0.224011003971,
        "dmean2": 0.338861584663,
        "dvar": 0.127989307046,
        "dvar2": 0.365666180849,
        "max": 10.648815155,
        "mean": 1.62287306786,
        "median": 1.40226864815,
        "min": -0.0109612802044,
        "var": 1.01177859306
    },
    "spectral_spread": {
        "dmean": 500924.25,
        "dmean2": 743396.375,
        "dvar": 261678317568,
        "dvar2": 477184819200,
        "max": 40573892,
        "mean": 5867180,
        "median": 6048091.5,
        "min": 488224.09375,
        "var": 2.82998682419e+12
    },
    "spectral_strongpeak": {
        "dmean": 0.276349157095,
        "dmean2": 0.435497760773,
        "dvar": 0.271582901478,
        "dvar2": 0.665075957775,
        "max": 7.65487337112,
        "mean": 0.543989062309,
        "median": 0.358814924955,
        "min": 0,
        "var": 0.475131630898
    },
    "zerocrossingrate": {
        "dmean": 0.0140383224934,
        "dmean2": 0.0171059314162,
        "dvar": 0.000181878858712,
        "dvar2": 0.000257720559603,
        "max": 0.5400390625,
        "mean": 0.0643969774246,
        "median": 0.0595703125,
        "min": 0.00244140625,
        "var": 0.00127310445532
    },
    "barkbands": {
        "dmean": [0.00104617490433, 0.0136289158836, 0.00720595568419, 0.00240191980265, 0.00141368131153, 0.000254252488958, 0.000169480219483, 0.000245532370172, 0.000303338252706, 0.000678743293975, 0.000413507543271, 0.000488948600832, 0.000277327053482, 0.000358818884706, 0.000356569187716, 0.000197634319193, 0.000245457573328, 0.000170886836713, 0.000178988368134, 0.000153414162924, 0.00020236169803, 0.000154741166625, 0.000218835033593, 0.000159469796927, 0.000135022492032, 6.81687888573e-05, 1.91453345906e-05],
        "dmean2": [0.0017087351298, 0.0202686712146, 0.0118119036779, 0.00414637383074, 0.00236167805269, 0.000407367420848, 0.00027426017914, 0.000377979973564, 0.000509139499627, 0.00111906882375, 0.000709738524165, 0.00081746961223, 0.000480220856844, 0.000610593706369, 0.000591727846768, 0.000336684141075, 0.000428155093687, 0.000301057705656, 0.000312150717946, 0.000266202056082, 0.000353759940481, 0.000261921290075, 0.000377158168703, 0.000272134348052, 0.000228503413382, 0.000111185305286, 3.21803636325e-05],
        "dvar": [4.01719444199e-06, 0.000684895610902, 0.00065950024873, 7.5802403444e-05, 4.42341151938e-05, 5.23048129253e-07, 8.05054582997e-08, 2.69842843181e-07, 2.91851108614e-07, 1.03108129679e-06, 5.02198474805e-07, 5.96052188939e-07, 2.28123610668e-07, 4.05424572136e-07, 3.69930575062e-07, 1.21739347492e-07, 2.04056618713e-07, 1.34279531494e-07, 1.26676738432e-07, 8.80714452478e-08, 2.23372367714e-07, 1.08014468481e-07, 3.3563605939e-07, 1.45401187979e-07, 1.20709685802e-07, 2.51850806876e-08, 2.89093282646e-09],
        "dvar2": [1.01230834844e-05, 0.00144251680467, 0.00162359618116, 0.000203572257305, 0.000109990534838, 1.40436861784e-06, 1.99703976023e-07, 6.18653245965e-07, 7.1890349318e-07, 2.59222565546e-06, 1.34934953167e-06, 1.47313335219e-06, 6.23836228897e-07, 1.10658152153e-06, 9.49780996962e-07, 3.13209739033e-07, 5.73718466512e-07, 3.8304398231e-07, 3.54576798145e-07, 2.46127484615e-07, 6.40687517262e-07, 3.07470941152e-07, 9.81532821243e-07, 4.25001843496e-07, 3.46405556684e-07, 6.8894053129e-08, 8.04613797811e-09],
        "max": [0.0379547290504, 0.232184648514, 0.222805738449, 0.0779097080231, 0.123953066766, 0.0147068761289, 0.00640164874494, 0.0256317593157, 0.0186764523387, 0.0241815354675, 0.0100826593116, 0.0223521031439, 0.00918154604733, 0.0180163439363, 0.00982592441142, 0.00946804974228, 0.00556810060516, 0.00426235655323, 0.00401850091293, 0.0035055601038, 0.00454908655956, 0.00441575376317, 0.00848203524947, 0.0055234353058, 0.00523829367012, 0.0026995500084, 0.00102347694337],
        "mean": [0.00197882112116, 0.0249081980437, 0.00656015705317, 0.00220912438817, 0.00149357062764, 0.000385386112612, 0.000278706109384, 0.000402769685024, 0.000428904430009, 0.00100242160261, 0.000604437373113, 0.00075852527516, 0.000400771503337, 0.000524245027918, 0.000590293901041, 0.000284006702714, 0.000333579868311, 0.000242134483415, 0.000267635274213, 0.00024730982841, 0.000309151684633, 0.000300647254335, 0.000371536822058, 0.000336055207299, 0.000283619156107, 0.00015158278984, 3.61046368198e-05],
        "median": [0.000551180215552, 0.0114129101858, 0.0011486139847, 0.000301209103782, 0.000422776094638, 0.000186846969882, 0.000147734288475, 0.000156410125783, 0.000255590683082, 0.000555855862331, 0.000310531322611, 0.000455733505078, 0.000271963159321, 0.000296580517897, 0.00030995203997, 0.000171388601302, 0.000187605211977, 0.00012363406131, 0.000133317633299, 0.000117997071357, 0.000116113551485, 0.000125826059957, 0.000133593493956, 0.000106378647615, 7.20826719771e-05, 4.15250324295e-05, 6.37577886664e-06],
        "min": [1.35167640018e-23, 2.79123790054e-23, 2.20766668631e-23, 8.61382781504e-23, 6.25100197055e-23, 1.37033860883e-22, 2.40524699744e-23, 8.33229219321e-23, 6.57382026128e-23, 5.32551666744e-23, 6.5488177882e-23, 1.20430219473e-22, 8.76414368281e-23, 1.27369305052e-22, 6.56931113234e-23, 2.73723652194e-22, 1.69745802164e-22, 2.14732179317e-22, 1.76233709793e-22, 3.39907315093e-22, 3.86019933183e-22, 4.04655099684e-22, 5.12814568843e-22, 7.02198085056e-22, 1.08726136346e-21, 2.05748252675e-21, 2.50653517257e-21],
        "var": [9.86056420516e-06, 0.00115150748752, 0.000533232290763, 5.49587057321e-05, 3.62303144357e-05, 6.24331732979e-07, 1.52059541847e-07, 5.33508909939e-07, 4.17565530597e-07, 1.71483804934e-06, 7.4627689628e-07, 9.31591443987e-07, 2.3296691154e-07, 5.23847802469e-07, 7.14032182714e-07, 1.72945618715e-07, 1.91888133827e-07, 1.19987447533e-07, 1.34219888537e-07, 1.06786906429e-07, 2.24095771273e-07, 1.63344637372e-07, 3.3549224554e-07, 2.24515929403e-07, 2.00415968266e-07, 6.26306118079e-08, 6.35159791429e-09]
    },
    "erbbands": {
        "dmean": [0.423820525408, 2.94887304306, 8.06570053101, 8.11127948761, 6.90837478638, 3.54646420479, 1.77677357197, 2.26729416847, 2.91355633736, 2.87611246109, 5.78014326096, 6.82718086243, 24.0461502075, 14.6043777466, 14.7197217941, 23.1429481506, 12.950963974, 19.1813678741, 15.2053813934, 15.3973464966, 12.0144357681, 11.1462888718, 9.43073940277, 8.54022598267, 8.90273475647, 7.03957128525, 8.42802333832, 7.10078811646, 5.26220989227, 7.14914131165, 5.71372175217, 3.81167125702, 2.58092570305, 1.71226644516, 0.963264286518, 0.359211534262, 0.122396737337, 0.0285878106952, 0.00312862941064, 5.40629698662e-05],
        "dmean2": [0.639216065407, 4.31878662109, 12.5073518753, 13.1230354309, 11.5130262375, 5.9869146347, 3.07881093025, 3.62368369102, 4.55060768127, 4.54681968689, 8.99758148193, 11.2886295319, 39.3908805847, 25.0007762909, 25.1532688141, 38.5959587097, 22.3220539093, 32.7069091797, 25.6755027771, 25.5645599365, 20.5533504486, 19.52227211, 16.7063159943, 14.8568229675, 15.3930921555, 12.1069860458, 14.9293498993, 12.1460266113, 8.83267784119, 12.4351940155, 9.81029987335, 6.52511644363, 4.39338493347, 2.95032382011, 1.6163572073, 0.595356106758, 0.202130675316, 0.0470927804708, 0.00526188360527, 8.83186949068e-05],
        "dvar": [0.461950927973, 47.5986366272, 729.013000488, 769.518615723, 755.558227539, 366.970367432, 83.5937728882, 43.9277648926, 32.929473877, 26.8281784058, 166.697372437, 164.03338623, 1356.32946777, 670.455322266, 681.495727539, 1409.42553711, 474.936126709, 1257.57568359, 724.573303223, 612.870422363, 440.63671875, 416.789123535, 437.511535645, 296.99029541, 284.901000977, 169.451690674, 427.007324219, 213.18145752, 101.171989441, 391.75088501, 211.796356201, 91.7032699585, 32.2681274414, 20.1000003815, 5.54575204849, 0.654119193554, 0.0920492112637, 0.00546323508024, 7.21534670447e-05, 1.53051704643e-08],
        "dvar2": [1.00506186485, 95.793510437, 1675.79785156, 1920.89819336, 1997.03540039, 930.16619873, 231.501449585, 118.048065186, 75.048828125, 62.5786514282, 385.471038818, 375.219818115, 3363.57641602, 1768.89294434, 1823.49035645, 3465.29003906, 1295.19909668, 3456.18066406, 1964.20690918, 1610.77124023, 1212.04077148, 1170.28808594, 1256.91833496, 836.856445312, 790.440612793, 467.80291748, 1228.29492188, 603.31829834, 285.696502686, 1142.90869141, 619.429016113, 268.986297607, 93.3728790283, 58.3521652222, 15.7316884995, 1.78851091862, 0.259579896927, 0.0152719942853, 0.000196853652596, 4.20901393738e-08],
        "max": [9.83718967438, 61.6380882263, 249.540908813, 257.314453125, 449.321624756, 385.279724121, 161.559371948, 137.114761353, 183.095840454, 116.173400879, 690.756591797, 545.767089844, 1031.44567871, 417.693481445, 468.998199463, 1134.33374023, 411.214874268, 932.015197754, 406.819976807, 348.944610596, 282.236755371, 237.104980469, 246.697982788, 198.770904541, 234.292190552, 164.82144165, 226.531463623, 158.923080444, 116.956970215, 314.095672607, 206.262512207, 170.95274353, 66.8335800171, 58.4184799194, 40.7986030579, 10.7610902786, 5.92712974548, 1.46941947937, 0.170135959983, 0.00261945277452],
        "mean": [0.944327652454, 4.59897375107, 8.32204914093, 7.7719745636, 6.89452409744, 3.60422706604, 2.02110147476, 3.36519384384, 4.907995224, 4.83284711838, 9.39172267914, 10.6001024246, 34.0429763794, 22.6048965454, 23.1930370331, 36.2044219971, 20.2623214722, 28.9576644897, 25.2603168488, 25.6097583771, 18.2957839966, 15.7338371277, 13.2539663315, 13.1118745804, 13.4396352768, 11.6138391495, 12.3494462967, 11.6188097, 10.4019937515, 11.381483078, 10.290807724, 7.5068769455, 5.43166208267, 3.40961003304, 1.92165923119, 0.753432273865, 0.256548404694, 0.0685396939516, 0.00580651219934, 0.00014550164633],
        "median": [0.482640594244, 1.74475216866, 1.92362642288, 1.23956286907, 1.9142781496, 0.990914940834, 0.675652503967, 1.50664877892, 2.48196411133, 2.04424881935, 4.26103162766, 6.62943792343, 18.3580055237, 12.4376573563, 13.3146762848, 21.2856235504, 14.6626014709, 17.2628593445, 15.8750867844, 15.8056383133, 12.2137584686, 9.24076557159, 6.78641176224, 6.83549261093, 6.89341211319, 5.56978750229, 4.73997068405, 4.63057756424, 4.50437498093, 4.15055990219, 3.68760108948, 2.57885956764, 1.60203075409, 0.875388324261, 0.487816572189, 0.209308728576, 0.0696133971214, 0.0186697822064, 0.000991586246528, 6.37715493212e-05],
        "min": [8.79763934793e-22, 5.87467790782e-21, 2.74509030499e-20, 1.80045295351e-19, 2.4148323062e-19, 1.48424132162e-19, 3.83843211238e-19, 1.3672124031e-18, 7.79446449246e-19, 7.78966994683e-19, 1.80733380374e-18, 1.99043023233e-18, 1.07497269801e-18, 2.35699800912e-18, 4.83066115824e-18, 3.34866141852e-18, 4.23306659265e-18, 7.44969033987e-18, 3.26882918363e-18, 9.06178842594e-18, 1.17916449204e-17, 1.15577786274e-17, 1.20113763511e-17, 1.17378401303e-17, 7.06950903135e-18, 1.58094729138e-17, 1.88154059008e-17, 1.32537958409e-17, 1.47995217818e-17, 1.56206573585e-17, 1.48638747791e-17, 1.33224857462e-17, 1.22491643075e-17, 9.24663020562e-18, 9.64137402882e-18, 8.2163163685e-18, 3.71104448859e-18, 1.55179351749e-18, 3.82481180812e-19, 3.35406067195e-20],
        "var": [1.43308663368, 67.6901321411, 691.402709961, 633.09197998, 579.864624023, 286.158355713, 59.020149231, 53.2006874084, 67.2671051025, 58.6279563904, 307.269683838, 274.165771484, 2095.2890625, 975.442077637, 1016.93237305, 2232.53710938, 499.505157471, 1510.50964355, 1041.11535645, 977.140258789, 450.553649902, 382.396759033, 373.487213135, 311.872497559, 326.878234863, 226.026657104, 396.660217285, 265.378967285, 182.623031616, 348.372344971, 236.672271729, 119.684394836, 58.2074737549, 29.3717079163, 9.52673912048, 1.47199189663, 0.190186038613, 0.0159912686795, 0.000168752012542, 4.56957458539e-08]
    },
    "gfcc": {
        "mean": [9.83104038239, 58.1875267029, -98.6715621948, 30.6160984039, -37.6497001648, 42.7440490723, -20.0086860657, 20.0405921936, -17.2192249298, 7.39730024338, -17.0572624207, 4.22389507294, -11.416097641],
        "cov": [[15731.953125, -4436.05761719, -485.006835938, 1546.71557617, -217.114028931, 796.093688965, -483.916412354, 349.341888428, -346.625762939, 533.149047852, -358.51852417, 264.090545654, -348.640991211], [-4436.05761719, 2478.18530273, 118.747291565, -560.912353516, 19.0394210815, -401.201171875, 82.144821167, -215.502929688, 110.930587769, -209.201370239, 170.412139893, -145.38117981, 133.536102295], [-485.006835938, 118.747291565, 644.987121582, 201.823516846, 83.5238265991, -37.3269577026, 37.4315414429, -14.1297502518, -29.4677906036, -67.0831832886, 6.20431566238, -49.668712616, -18.2089614868], [1546.71557617, -560.912353516, 201.823516846, 563.252441406, 25.5958480835, 123.761192322, -22.5831260681, 68.3841247559, -41.8365287781, 27.6009063721, -32.7311096191, -1.43927049637, -41.1886711121], [-217.114028931, 19.0394210815, 83.5238265991, 25.5958480835, 210.689926147, 22.7362384796, 77.1376571655, 11.4078359604, 13.5291881561, -18.0856571198, 0.756885588169, -5.34461116791, 18.9807815552], [796.093688965, -401.201171875, -37.3269577026, 123.761192322, 22.7362384796, 189.675415039, 19.9791469574, 76.4148178101, -1.38937163353, 54.0771789551, -28.516084671, 34.8122291565, -16.7317962646], [-483.916412354, 82.144821167, 37.4315414429, -22.5831260681, 77.1376571655, 19.9791469574, 133.069381714, 39.8765068054, 40.7383651733, -9.7489233017, 17.207901001, -0.525121152401, 19.5292930603], [349.341888428, -215.502929688, -14.1297502518, 68.3841247559, 11.4078359604, 76.4148178101, 39.8765068054, 121.982543945, 41.9060058594, 50.7827568054, 6.90226459503, 23.9179039001, -3.67197442055], [-346.625762939, 110.930587769, -29.4677906036, -41.8365287781, 13.5291881561, -1.38937163353, 40.7383651733, 41.9060058594, 100.975219727, 43.0619850159, 43.5497627258, 11.0661239624, 21.8546714783], [533.149047852, -209.201370239, -67.0831832886, 27.6009063721, -18.0856571198, 54.0771789551, -9.7489233017, 50.7827568054, 43.0619850159, 103.489402771, 27.069393158, 44.2918510437, -8.99012947083], [-358.51852417, 170.412139893, 6.20431566238, -32.7311096191, 0.756885588169, -28.516084671, 17.207901001, 6.90226459503, 43.5497627258, 27.069393158, 85.7517242432, 27.602273941, 25.2402458191], [264.090545654, -145.38117981, -49.668712616, -1.43927049637, -5.34461116791, 34.8122291565, -0.525121152401, 23.9179039001, 11.0661239624, 44.2918510437, 27.602273941, 73.4681854248, 22.8639011383], [-348.640991211, 133.536102295, -18.2089614868, -41.1886711121, 18.9807815552, -16.7317962646, 19.5292930603, -3.67197442055, 21.8546714783, -8.99012947083, 25.2402458191, 22.8639011383, 67.4526748657]],
        "icov": [[0.000200398790184, 0.000122788042063, 0.000159852745128, -0.000351953698555, -5.96284153289e-05, 1.23985701066e-05, 0.000323096639477, -9.16933786357e-05, 0.000495676475111, -0.000731113948859, 0.000374980852939, -0.000194319378352, 0.000209779362194], [0.000122788042063, 0.00142041360959, -4.54778382846e-05, 0.000534896040335, 0.000169198698131, 0.000421140633989, 9.61235418799e-05, 0.00091127603082, -0.000801766291261, 0.00118395430036, -0.0024736430496, 0.00261543272063, -0.00132770894561], [0.000159852745128, -4.54778382846e-05, 0.00235936348327, -0.00133601552807, -0.000688878877554, 0.000620978476945, -0.000214945379412, -0.000187783894944, 0.000774803513195, 0.000493807718158, -0.000554923026357, 5.8920475567e-05, 0.00113970728125], [-0.000351953698555, 0.000534896040335, -0.00133601552807, 0.00384423672222, -2.45042301685e-05, -0.00132538948674, 0.000491624115966, -0.000680424971506, -0.000190431557712, 0.00150329386815, -0.00236489344388, 0.00272135646082, -0.00116802169941], [-5.96284153289e-05, 0.000169198698131, -0.000688878877554, -2.45042301685e-05, 0.00661581149325, -0.000860651198309, -0.00379972462542, 0.00130138022359, -0.00043009838555, 0.00042661029147, 0.000129745065351, 0.000869957904797, -0.00189548521303], [1.23985701066e-05, 0.000421140633989, 0.000620978476945, -0.00132538948674, -0.000860651198309, 0.0108932210132, -0.00206471793354, -0.00338181853294, 0.0016055284068, -0.00327747105621, 0.00398355349898, -0.00286420132034, 0.000469852267997], [0.000323096639477, 9.61235418799e-05, -0.000214945379412, 0.000491624115966, -0.00379972462542, -0.00206471793354, 0.0140849417076, -0.00436726165935, -0.00348874018528, 0.00414403760806, -0.00122605659999, -0.000477659108583, 0.000266585178906], [-9.16933786357e-05, 0.00091127603082, -0.000187783894944, -0.000680424971506, 0.00130138022359, -0.00338181853294, -0.00436726165935, 0.0166072640568, -0.00612091599032, -0.00164727121592, -0.000540375360288, 0.000349222682416, 6.67199856252e-05], [0.000495676475111, -0.000801766291261, 0.000774803513195, -0.000190431557712, -0.00043009838555, 0.0016055284068, -0.00348874018528, -0.00612091599032, 0.0246173795313, -0.0143856303766, -0.00308184535243, 0.00612353952602, -0.00537752592936], [-0.000731113948859, 0.00118395430036, 0.000493807718158, 0.00150329386815, 0.00042661029147, -0.00327747105621, 0.00414403760806, -0.00164727121592, -0.0143856303766, 0.0311893895268, -0.00879734568298, -0.0082119749859, 0.00759931420907], [0.000374980852939, -0.0024736430496, -0.000554923026357, -0.00236489344388, 0.000129745065351, 0.00398355349898, -0.00122605659999, -0.000540375360288, -0.00308184535243, -0.00879734568298, 0.0272666066885, -0.0130247855559, 0.000556494225748], [-0.000194319378352, 0.00261543272063, 5.8920475567e-05, 0.00272135646082, 0.000869957904797, -0.00286420132034, -0.000477659108583, 0.000349222682416, 0.00612353952602, -0.0082119749859, -0.0130247855559, 0.0345385856926, -0.0152144916356], [0.000209779362194, -0.00132770894561, 0.00113970728125, -0.00116802169941, -0.00189548521303, 0.000469852267997, 0.000266585178906, 6.67199856252e-05, -0.00537752592936, 0.00759931420907, 0.000556494225748, -0.0152144916356, 0.0264128278941]]
    },
    "melbands": {
        "dmean": [0.00363388308324, 0.00383644551039, 0.00129531684797, 0.000381582591217, 7.59198883316e-05, 5.33012353117e-05, 4.22652119596e-05, 3.40499682352e-05, 4.55768022221e-05, 4.89273515996e-05, 0.000119254531455, 5.78681683692e-05, 5.09438214067e-05, 5.95254314248e-05, 3.46692213498e-05, 2.99116854876e-05, 4.01627876272e-05, 2.27826112678e-05, 2.84247525997e-05, 1.59548635565e-05, 1.61366715474e-05, 1.43804991239e-05, 8.049146345e-06, 8.55424696056e-06, 6.92791672918e-06, 7.47145350033e-06, 5.75803642278e-06, 4.77601406601e-06, 4.83584108224e-06, 6.01962710789e-06, 4.00101498599e-06, 3.08585413222e-06, 3.38913696396e-06, 4.54538576378e-06, 3.6577737319e-06, 2.86656290882e-06, 2.35843776863e-06, 1.98495035875e-06, 1.5835951217e-06, 1.50353412209e-06],
        "dmean2": [0.0054062823765, 0.00553125143051, 0.00202687224373, 0.000644118990749, 0.00013338822464, 8.44805472298e-05, 6.609535194e-05, 5.32710073458e-05, 7.15333590051e-05, 8.1102582044e-05, 0.00019560752844, 9.91754641291e-05, 8.78336068126e-05, 9.97240567813e-05, 5.81581989536e-05, 5.19976820215e-05, 6.84966435074e-05, 3.91354151361e-05, 4.62907664769e-05, 2.72683155345e-05, 2.78916231764e-05, 2.52729041677e-05, 1.42148119266e-05, 1.517570945e-05, 1.20324384625e-05, 1.30735224957e-05, 9.95659866021e-06, 8.20613422547e-06, 8.51448021422e-06, 1.07645746539e-05, 6.74773809806e-06, 5.19814147992e-06, 5.76921502216e-06, 7.98636119725e-06, 6.33338504485e-06, 4.81936422148e-06, 4.1044986574e-06, 3.38796212418e-06, 2.7477610729e-06, 2.6035781957e-06],
        "dvar": [3.42490675393e-05, 0.000124446029076, 1.77082238224e-05, 3.05380353893e-06, 2.13478287492e-07, 2.15271942494e-08, 6.41401065593e-09, 4.04151823119e-09, 9.70475966255e-09, 8.0920079526e-09, 3.32081278032e-08, 1.09633981893e-08, 8.02332689176e-09, 8.55639203934e-09, 2.3769883839e-09, 3.22139825926e-09, 5.42334088749e-09, 1.70510960906e-09, 2.5390252123e-09, 8.72460437229e-10, 8.2863188533e-10, 7.01503743983e-10, 2.29201282953e-10, 3.97189892087e-10, 1.78769193893e-10, 2.26476087883e-10, 1.21601229086e-10, 7.06322500488e-11, 1.18712609187e-10, 2.34219726947e-10, 5.71997518795e-11, 2.96541541323e-11, 5.60352424184e-11, 1.63097604866e-10, 8.55497964136e-11, 3.92769636259e-11, 3.67358365949e-11, 1.80065285599e-11, 1.1883106478e-11, 1.59967473295e-11],
        "dvar2": [7.32458283892e-05, 0.00024981261231, 4.10982174799e-05, 7.91684578871e-06, 6.0224670051e-07, 5.66133415703e-08, 1.46456926586e-08, 9.24732379559e-09, 2.2588871218e-08, 1.87705069266e-08, 8.2573706095e-08, 2.87326429316e-08, 2.18109317274e-08, 2.13796340631e-08, 6.0055582729e-09, 8.83512907279e-09, 1.47669982908e-08, 4.66285632328e-09, 6.09316019862e-09, 2.23015517165e-09, 2.30951524571e-09, 1.96573646249e-09, 6.53526566197e-10, 1.13919629285e-09, 5.02291652715e-10, 6.34507002495e-10, 3.38603811656e-10, 1.94055577163e-10, 3.39601902155e-10, 6.77210454381e-10, 1.58929300276e-10, 8.34195143518e-11, 1.60936444726e-10, 4.77761719075e-10, 2.50931997403e-10, 1.11795496471e-10, 1.08629716333e-10, 5.18428633356e-11, 3.47811779378e-11, 4.63785260196e-11],
        "max": [0.0639426335692, 0.104437991977, 0.0385991483927, 0.0324251689017, 0.00858329050243, 0.00326444860548, 0.0025081676431, 0.00152710929979, 0.0052185500972, 0.00368687068112, 0.00503435730934, 0.00181491556577, 0.00136445940007, 0.00251903850585, 0.00140917277895, 0.00119499478023, 0.00211804755963, 0.000628816429526, 0.00108770851512, 0.000892831070814, 0.000327152694808, 0.000331330142217, 0.000185212193173, 0.000248039199505, 0.000157429385581, 0.000185225566383, 0.000188516249182, 9.09654627321e-05, 0.000131263703224, 0.000161711475812, 9.04055486899e-05, 6.77932839608e-05, 0.000104185659438, 0.000198002147954, 0.000131042179419, 0.000100098332041, 0.000107236694021, 5.25573523191e-05, 4.47370366601e-05, 5.1870396419e-05],
        "mean": [0.00748507911339, 0.00502008758485, 0.0013498114422, 0.000381611578632, 8.03275033832e-05, 8.04146329756e-05, 7.2361290222e-05, 5.75155536353e-05, 7.23569319234e-05, 7.23874036339e-05, 0.000167436213815, 8.49679126986e-05, 7.42095944588e-05, 9.36314681894e-05, 5.78494109504e-05, 4.15718823206e-05, 5.72685239604e-05, 3.48605717591e-05, 4.84232477902e-05, 2.31627327594e-05, 2.25200637942e-05, 1.88069807336e-05, 1.17457248052e-05, 1.11203453343e-05, 1.0479771845e-05, 1.00695369838e-05, 8.97076643014e-06, 7.38958306101e-06, 7.13892131898e-06, 7.92041646491e-06, 6.51352411296e-06, 5.76465663471e-06, 5.96451673118e-06, 6.48777449896e-06, 6.06467801845e-06, 5.26112444277e-06, 4.33641434938e-06, 3.93287928091e-06, 3.25278574564e-06, 2.72703277915e-06],
        "median": [0.0037146168761, 0.00175573618617, 0.000281731103314, 0.000106412444438, 2.30521418416e-05, 3.63191938959e-05, 3.73476832465e-05, 2.35734369198e-05, 3.34541255143e-05, 4.33850327681e-05, 8.9850211225e-05, 4.39014256699e-05, 4.05104437959e-05, 5.58486681257e-05, 4.01898796554e-05, 2.6890398658e-05, 3.09248789563e-05, 2.14674146264e-05, 2.30630012084e-05, 1.4050478967e-05, 1.39962776302e-05, 1.0373089026e-05, 6.34966409052e-06, 5.37872574569e-06, 5.29989029019e-06, 4.89858575747e-06, 4.10330267187e-06, 3.48045159626e-06, 2.67153473033e-06, 2.96091093333e-06, 2.55543477579e-06, 2.55217332779e-06, 2.24742916544e-06, 2.27649229601e-06, 2.15828686123e-06, 1.87536056728e-06, 1.4117530327e-06, 1.15597129025e-06, 9.1187189355e-07, 6.79724053043e-07],
        "min": [8.12020914765e-24, 1.15747178263e-23, 3.23046776396e-23, 1.46695248649e-23, 1.09368851303e-23, 2.95019558175e-23, 1.09636914127e-23, 1.05197189175e-23, 1.3697657696e-23, 1.14803669066e-23, 4.6935208321e-24, 9.17679682233e-24, 1.40059966025e-23, 1.33608298666e-23, 7.48017079651e-24, 1.01825715995e-23, 1.42801730988e-23, 4.65347194167e-24, 6.50835490356e-24, 1.89384914074e-23, 1.13345901445e-23, 1.07042666154e-23, 1.29955983116e-23, 9.11601351186e-24, 1.01553472208e-23, 4.63007551051e-24, 6.91595775557e-24, 1.12532554297e-23, 1.23656076818e-23, 9.77567635575e-24, 6.60210944443e-24, 8.36320039457e-24, 7.49645209673e-24, 9.31200837035e-24, 9.26941698121e-24, 6.21297619279e-24, 9.37205882903e-24, 7.46631603243e-24, 9.80639065509e-24, 7.039903581e-24],
        "var": [8.28515549074e-05, 0.000154108580318, 1.66340541909e-05, 2.35424658968e-06, 1.40230042689e-07, 2.84881309653e-08, 1.34529578588e-08, 9.07615405055e-09, 1.7700999777e-08, 1.31074768817e-08, 5.10438837864e-08, 1.57370312337e-08, 1.08679536481e-08, 1.36377424909e-08, 3.76801523316e-09, 3.11798920016e-09, 6.92597534879e-09, 2.24474772104e-09, 6.42773434478e-09, 1.30550315003e-09, 7.81666786853e-10, 6.24543250449e-10, 2.38968955735e-10, 3.08502973168e-10, 2.00771038683e-10, 2.10084075136e-10, 1.55954998915e-10, 9.30034868563e-11, 1.25435661857e-10, 1.89471827117e-10, 8.28772675487e-11, 5.64467673991e-11, 7.28523283366e-11, 1.3123940823e-10, 8.82004330682e-11, 5.80364298286e-11, 4.33660156396e-11, 3.11831532818e-11, 2.23440779767e-11, 2.09475839452e-11]
    },
    "mfcc": {
        "mean": [-634.88104248, 91.5585250854, 7.95032262802, 9.53166770935, 14.3026590347, 22.98919487, 15.438949585, 18.2217502594, 12.392821312, 11.3708868027, 4.21309661865, 3.89081168175, 2.91608738899],
        "cov": [[10060.2412109, -1563.27819824, -478.837158203, 289.558227539, 188.075378418, 330.571228027, 130.13331604, 92.5692825317, -21.2709083557, 89.5890350342, 56.6523475647, 83.5683898926, -3.89558386803], [-1563.27819824, 1396.12304688, 12.6136627197, -223.28036499, -109.305809021, -118.082046509, -110.793258667, -108.876937866, -67.9103317261, -56.5377502441, -33.294178009, -22.2947750092, 2.09074306488], [-478.837158203, 12.6136627197, 545.780944824, 242.64453125, 90.1245574951, -1.1714527607, 32.1339492798, -3.13894462585, -13.857673645, -12.0013141632, 5.95259237289, -20.8732833862, -42.5503845215], [289.558227539, -223.28036499, 242.64453125, 319.079345703, 116.244979858, 42.9082374573, 53.58618927, 31.8942642212, 5.09154748917, 12.1394338608, 13.1866178513, -6.66605806351, -25.6565799713], [188.075378418, -109.305809021, 90.1245574951, 116.244979858, 139.520248413, 51.5781555176, 53.8867225647, 28.7923069, 17.489824295, 9.17767715454, 9.29609012604, 6.26263046265, -8.97847270966], [330.571228027, -118.082046509, -1.1714527607, 42.9082374573, 51.5781555176, 102.090072632, 48.5055122375, 31.831911087, 16.2973270416, 11.5139560699, 4.45381975174, 1.71954298019, -0.519768118858], [130.13331604, -110.793258667, 32.1339492798, 53.58618927, 53.8867225647, 48.5055122375, 100.857803345, 58.2904510498, 30.7426948547, 13.6669826508, 5.74177932739, 1.02686798573, -6.34147787094], [92.5692825317, -108.876937866, -3.13894462585, 31.8942642212, 28.7923069, 31.831911087, 58.2904510498, 81.8618850708, 49.4892692566, 25.3173046112, 12.5953359604, 12.808842659, 6.15862846375], [-21.2709083557, -67.9103317261, -13.857673645, 5.09154748917, 17.489824295, 16.2973270416, 30.7426948547, 49.4892692566, 72.0418319702, 40.7972640991, 17.4267654419, 11.8796834946, 7.68789196014], [89.5890350342, -56.5377502441, -12.0013141632, 12.1394338608, 9.17767715454, 11.5139560699, 13.6669826508, 25.3173046112, 40.7972640991, 63.9489517212, 34.1943702698, 15.9362325668, 6.05365085602], [56.6523475647, -33.294178009, 5.95259237289, 13.1866178513, 9.29609012604, 4.45381975174, 5.74177932739, 12.5953359604, 17.4267654419, 34.1943702698, 63.0933036804, 43.3507881165, 15.0839767456], [83.5683898926, -22.2947750092, -20.8732833862, -6.66605806351, 6.26263046265, 1.71954298019, 1.02686798573, 12.808842659, 11.8796834946, 15.9362325668, 43.3507881165, 77.5652770996, 42.234828949], [-3.89558386803, 2.09074306488, -42.5503845215, -25.6565799713, -8.97847270966, -0.519768118858, -6.34147787094, 6.15862846375, 7.68789196014, 6.05365085602, 15.0839767456, 42.234828949, 64.9127044678]],
