{
"lowlevel": {
    "average_loudness": 0.876496851444,
    "barkbands_crest": {
        "dmean": 2.9928612709,
        "dmean2": 4.73227548599,
        "dvar": 10.1262083054,
        "dvar2": 23.0730342865,
        "max": 26.395488739,
        "mean": 11.95616436,
        "median": 11.2280025482,
        "min": 2.44479179382,
        "var": 23.2815723419
    },
    "barkbands_flatness_db": {
        "dmean": 0.0323338396847,
        "dmean2": 0.0480646491051,
        "dvar": 0.00136838748585,
        "dvar2": 0.00283834524453,
        "max": 0.72600209713,
        "mean": 0.146443068981,
        "median": 0.123623639345,
        "min": 0.01872828044,
        "var": 0.00670162914321
    },
    "barkbands_kurtosis": {
        "dmean": 8.24202346802,
        "dmean2": 13.0458879471,
        "dvar": 456.212127686,
        "dvar2": 1163.95654297,
        "max": 675.235656738,
        "mean": 11.3019475937,
        "median": 2.26854753494,
        "min": -1.92629253864,
        "var": 915.753967285
    },
    "barkbands_skewness": {
        "dmean": 0.952816545963,
        "dmean2": 1.40989375114,
        "dvar": 1.51698434353,
        "dvar2": 3.33773565292,
        "max": 19.0326862335,
        "mean": 2.18774962425,
        "median": 1.73121631145,
        "min": -8.01909255981,
        "var": 4.46666240692
    },
    "barkbands_spread": {
        "dmean": 10.1651029587,
        "dmean2": 15.8459224701,
        "dvar": 156.76651001,
        "dvar2": 358.25970459,
        "max": 94.4863052368,
        "mean": 29.2008533478,
        "median": 25.512046814,
        "min": 0.197123959661,
        "var": 408.399200439
    },
    "dissonance": {
        "dmean": 0.0112673537806,
        "dmean2": 0.0190597306937,
        "dvar": 0.000241783462116,
        "dvar2": 0.000700758071616,
        "max": 0.500000119209,
        "mean": 0.480036824942,
        "median": 0.487124592066,
        "min": 0.250327020884,
        "var": 0.00047634713701
    },
    "dynamic_complexity": 5.05974817276,
    "erbbands_crest": {
        "dmean": 2.40792107582,
        "dmean2": 3.89856410027,
        "dvar": 7.78206825256,
        "dvar2": 18.6736793518,
        "max": 32.0713539124,
        "mean": 7.69482564926,
        "median": 6.08657026291,
        "min": 2.47258663177,
        "var": 20.069814682
    },
    "erbbands_flatness_db": {
        "dmean": 0.0181029327214,
        "dmean2": 0.0271890107542,
        "dvar": 0.00041957810754,
        "dvar2": 0.000946900225244,
        "max": 0.486976593733,
        "mean": 0.137789696455,
        "median": 0.118692927063,
        "min": 0.0431770682335,
        "var": 0.00344452960417
    },
    "erbbands_kurtosis": {
        "dmean": 1.44652891159,
        "dmean2": 2.30059099197,
        "dvar": 26.1627140045,
        "dvar2": 50.2854919434,
        "max": 294.534942627,
        "mean": 1.0061095953,
        "median": -0.0932502746582,
        "min": -1.85704052448,
        "var": 42.2217941284
    },
    "erbbands_skewness": {
        "dmean": 0.436479121447,
        "dmean2": 0.673035860062,
        "dvar": 0.317449241877,
        "dvar2": 0.68234795332,
        "max": 12.3869094849,
        "mean": -0.096863783896,
        "median": -0.189239218831,
        "min": -4.76771354675,
        "var": 1.068374753
    },
    "erbbands_spread": {
        "dmean": 13.309264183,
        "dmean2": 20.5166168213,
        "dvar": 269.730651855,
        "dvar2": 626.167419434,
        "max": 168.569213867,
        "mean": 49.253993988,
        "median": 45.6359901428,
        "min": 0.787138581276,
        "var": 651.364318848
    },
    "hfc": {
        "dmean": 8.46505641937,
        "dmean2": 13.5113430023,
        "dvar": 207.062973022,
        "dvar2": 543.70892334,
        "max": 187.14616394,
        "mean": 22.8825778961,
        "median": 17.0761260986,
        "min": 1.06424726739e-16,
        "var": 487.362823486
    },
    "melbands_crest": {
        "dmean": 4.04609775543,
        "dmean2": 6.52680826187,
        "dvar": 16.9832553864,
        "dvar2": 40.5642318726,
        "max": 39.4649772644,
        "mean": 19.8803081512,
        "median": 19.3683338165,
        "min": 1.94089472294,
        "var": 53.2876281738
    },
    "melbands_flatness_db": {
        "dmean": 0.0398014858365,
        "dmean2": 0.0588068701327,
        "dvar": 0.00214155483991,
        "dvar2": 0.00436547352001,
        "max": 0.877859115601,
        "mean": 0.213779777288,
        "median": 0.194794788957,
        "min": 0.00482402648777,
        "var": 0.00968084577471
    },
    "melbands_kurtosis": {
        "dmean": 25.916601181,
        "dmean2": 40.1524963379,
        "dvar": 3438.37792969,
        "dvar2": 7765.27832031,
        "max": 2102.97900391,
        "mean": 42.3680839539,
        "median": 14.2912082672,
        "min": -1.91541492939,
        "var": 11198.6650391
    },
    "melbands_skewness": {
        "dmean": 1.47453594208,
        "dmean2": 2.17857766151,
        "dvar": 3.73957204819,
        "dvar2": 7.99506807327,
        "max": 41.0103149414,
        "mean": 4.33302593231,
        "median": 3.5309112072,
        "min": -5.54540920258,
        "var": 12.5567455292
    },
    "melbands_spread": {
        "dmean": 11.6235160828,
        "dmean2": 18.4880046844,
        "dvar": 316.173278809,
        "dvar2": 732.829162598,
        "max": 225.60736084,
        "mean": 25.8620624542,
        "median": 19.2169284821,
        "min": 0.102561637759,
        "var": 646.391967773
    },
    "pitch_salience": {
        "dmean": 0.0869664773345,
        "dmean2": 0.139043942094,
        "dvar": 0.00911210663617,
        "dvar2": 0.020023914054,
        "max": 0.983042120934,
        "mean": 0.501550137997,
        "median": 0.524954199791,
        "min": 0.0158403832465,
        "var": 0.0229739435017
    },
    "silence_rate_20dB": {
        "dmean": 0,
        "dmean2": 0,
        "dvar": 0,
        "dvar2": 0,
        "max": 1,
        "mean": 1,
        "median": 1,
        "min": 1,
        "var": 0
    },
    "silence_rate_30dB": {
        "dmean": 0.0314093977213,
        "dmean2": 0.0628272220492,
        "dvar": 0.0304253604263,
        "dvar2": 0.0849262773991,
        "max": 1,
        "mean": 0.981076359749,
        "median": 1,
        "min": 0,
        "var": 0.0185645725578
    },
    "silence_rate_60dB": {
        "dmean": 0.0212080534548,
        "dmean2": 0.0424218028784,
        "dvar": 0.0207564607263,
        "dvar2": 0.0494834519923,
        "max": 1,
        "mean": 0.108441822231,
        "median": 0,
        "min": 0,
        "var": 0.0966793447733
    },
    "spectral_centroid": {
        "dmean": 409.917510986,
        "dmean2": 622.754272461,
        "dvar": 277069.8125,
        "dvar2": 587061.4375,
        "max": 11313.3115234,
        "mean": 1799.13171387,
        "median": 1673.42895508,
        "min": 93.3191452026,
        "var": 945597
    },
    "spectral_complexity": {
        "dmean": 4.76671123505,
        "dmean2": 7.58598470688,
        "dvar": 42.2932167053,
        "dvar2": 96.5096969604,
        "max": 61,
        "mean": 19.5805931091,
        "median": 16,
        "min": 0,
        "var": 215.935546875
    },
    "spectral_decrease": {
        "dmean": 3.06117087234e-09,
        "dmean2": 4.51455539618e-09,
        "dvar": 2.20120371062e-17,
        "dvar2": 4.44915404463e-17,
        "max": 6.21411117008e-11,
        "mean": -8.29193425034e-09,
        "median": -7.44452410828e-09,
        "min": -4.13752019313e-08,
        "var": 5.48166669326e-17
    },
    "spectral_energy": {
        "dmean": 0.011782896705,
        "dmean2": 0.0174173824489,
        "dvar": 0.000313647731673,
        "dvar2": 0.000636632088572,
        "max": 0.159609004855,
        "mean": 0.0333711542189,
        "median": 0.0310562588274,
        "min": 1.01500699559e-20,
        "var": 0.000834321719594
    },
    "spectral_energyband_high": {
        "dmean": 0.000874568591826,
        "dmean2": 0.00143300800119,
        "dvar": 2.80215658677e-06,
        "dvar2": 7.32496528144e-06,
        "max": 0.0332605317235,
        "mean": 0.00174069369677,
        "median": 0.000971788656898,
        "min": 6.86181537912e-21,
        "var": 4.81174356537e-06
    },
    "spectral_energyband_low": {
        "dmean": 0.00902485381812,
        "dmean2": 0.0138863036409,
        "dvar": 0.000292156793876,
        "dvar2": 0.000645882682875,
        "max": 0.147016704082,
        "mean": 0.0200606714934,
        "median": 0.0149404946715,
        "min": 4.60837584027e-23,
        "var": 0.000527993484866
    },
    "spectral_energyband_middle_high": {
        "dmean": 0.00151770410594,
        "dmean2": 0.00243412842974,
        "dvar": 7.38604921935e-06,
        "dvar2": 1.81066679943e-05,
        "max": 0.0508681498468,
        "mean": 0.00384482042864,
        "median": 0.00235029868782,
        "min": 1.37650295727e-21,
        "var": 2.12204140553e-05
    },
    "spectral_energyband_middle_low": {
        "dmean": 0.00502480752766,
        "dmean2": 0.00735767651349,
        "dvar": 0.00013110099826,
        "dvar2": 0.00022233526397,
        "max": 0.120580874383,
        "mean": 0.00872962642461,
        "median": 0.00423663947731,
        "min": 3.21916439693e-22,
        "var": 0.00023153705115
    },
    "spectral_entropy": {
        "dmean": 0.186442047358,
        "dmean2": 0.277647227049,
        "dvar": 0.0581088326871,
        "dvar2": 0.120958290994,
        "max": 9.81472396851,
        "mean": 7.84416007996,
        "median": 8.0083360672,
        "min": 3.32429027557,
        "var": 0.278016805649
    },
    "spectral_flux": {
        "dmean": 0.0303580928594,
        "dmean2": 0.0478722639382,
        "dvar": 0.0013343533501,
        "dvar2": 0.00309117138386,
        "max": 0.355407595634,
        "mean": 0.0851254314184,
        "median": 0.0694407895207,
        "min": 6.72383398959e-11,
        "var": 0.00403556413949
    },
    "spectral_kurtosis": {
        "dmean": 1.39858996868,
        "dmean2": 2.35081315041,
        "dvar": 9.8501033783,
        "dvar2": 26.8975849152,
        "max": 76.8984603882,
        "mean": 3.29284071922,
        "median": 2.21728801727,
        "min": -1.22522318363,
        "var": 20.8969516754
    },
    "spectral_rms": {
        "dmean": 0.000927288900129,
        "dmean2": 0.00135399831925,
        "dvar": 1.3954146425e-06,
        "dvar2": 2.6897562293e-06,
        "max": 0.0124786254019,
        "mean": 0.00505302520469,
        "median": 0.00550443353131,
        "min": 3.14682481461e-12,
        "var": 7.02413490217e-06
    },
    "spectral_rolloff": {
        "dmean": 877.969238281,
        "dmean2": 1492.77746582,
        "dvar": 1864239.125,
        "dvar2": 4184438,
        "max": 19509.0820312,
        "mean": 1718.8046875,
        "median": 1055.12695312,
        "min": 21.533203125,
        "var": 4051788.5
    },
    "spectral_skewness": {
        "dmean": 0.201803520322,
        "dmean2": 0.324406981468,
        "dvar": 0.0748881399632,
        "dvar2": 0.18993756175,
        "max": 7.55586624146,
        "mean": 1.24948918819,
        "median": 1.13395893574,
        "min": -0.0483643263578,
        "var": 0.257579773664
    },
    "spectral_spread": {
        "dmean": 678202.5,
        "dmean2": 1017534.1875,
        "dvar": 887392501760,
        "dvar2": 1.94773214822e+12,
        "max": 41798528,
        "mean": 5302674,
        "median": 5254412.5,
        "min": 947775.0625,
        "var": 3.61432272077e+12
    },
    "spectral_strongpeak": {
        "dmean": 0.336935579777,
        "dmean2": 0.543310880661,
        "dvar": 0.48953768611,
        "dvar2": 1.11308181286,
        "max": 8.68701457977,
        "mean": 0.572442233562,
        "median": 0.229843243957,
        "min": 0,
        "var": 0.886729419231
    },
    "zerocrossingrate": {
        "dmean": 0.0160162802786,
        "dmean2": 0.0197513662279,
        "dvar": 0.000302256346913,
        "dvar2": 0.000425817648647,
        "max": 0.51513671875,
        "mean": 0.0686767473817,
        "median": 0.0595703125,
        "min": 0.00146484375,
        "var": 0.00239988300018
    },
    "barkbands": {
        "dmean": [0.000854470185004, 0.00595271168277, 0.00419034948573, 0.00132132077124, 0.0036474193912, 0.000465469231131, 0.000259334919974, 0.000263149966486, 0.000349242123775, 0.000176671805093, 0.000226115153055, 0.000281110871583, 0.00025759843993, 0.000218268833123, 0.000170420491486, 0.000200130685698, 0.000205811214983, 0.000190332706552, 0.000261758483248, 0.000220960384468, 0.000254691869486, 0.000204445037525, 0.000156470603542, 0.000116402421554, 8.61196313053e-05, 6.37432240183e-05, 2.33581567954e-06],
        "dmean2": [0.00141883362085, 0.00960953906178, 0.00713093345985, 0.00216753804125, 0.00530585320666, 0.000760961556807, 0.000448490143754, 0.000416624621721, 0.000482043920783, 0.000291588163236, 0.000383131206036, 0.000443496450316, 0.000397277501179, 0.000353986455593, 0.000273819227004, 0.000326987967128, 0.000346497283317, 0.000313338532578, 0.000447383732535, 0.00036867154995, 0.000434195419075, 0.000337805511663, 0.00025956495665, 0.000190982653294, 0.000134866917506, 0.000101763034763, 3.90301920561e-06],
        "dvar": [3.20449703395e-06, 0.00014638248831, 0.000131032589707, 6.99306201568e-06, 0.000128173473058, 1.15687157631e-06, 7.67920710132e-07, 4.1800916506e-07, 1.40827012274e-06, 1.76097373128e-07, 3.77269060436e-07, 8.59554120325e-07, 6.12027122315e-07, 2.94766806519e-07, 1.68168654113e-07, 1.82554003914e-07, 2.2084375928e-07, 2.12090725427e-07, 4.27029931416e-07, 1.6823892679e-07, 2.83986878458e-07, 1.94320435298e-07, 9.04855284034e-08, 4.13201348692e-08, 2.17056967955e-08, 1.63472151371e-08, 2.82247315797e-11],
        "dvar2": [7.35359253667e-06, 0.000379169650842, 0.000369078014046, 1.78451700776e-05, 0.000216621541767, 3.280705414e-06, 2.57276224147e-06, 9.30278815758e-07, 1.98131306206e-06, 4.7773693268e-07, 9.85699898592e-07, 1.89062780009e-06, 1.14897000003e-06, 7.4714148468e-07, 4.0814836666e-07, 4.59909131223e-07, 6.13973554664e-07, 5.6546673477e-07, 1.17613478778e-06, 4.4157030743e-07, 7.48582749566e-07, 5.20869946286e-07, 2.35939523918e-07, 1.05419083241e-07, 5.25554533226e-08, 4.04830267087e-08, 7.40564692903e-11],
        "max": [0.0549950264394, 0.126401633024, 0.0984495431185, 0.0388383120298, 0.119892559946, 0.0273693669587, 0.020257005468, 0.0140914022923, 0.0360131673515, 0.00985639542341, 0.0184264965355, 0.0238051488996, 0.0252242311835, 0.0108748413622, 0.0118175949901, 0.00787015631795, 0.0113764367998, 0.0111580044031, 0.0235422644764, 0.00769584998488, 0.0100147305056, 0.0116292480379, 0.00586880510673, 0.00273098004982, 0.00228257477283, 0.00290566845797, 0.00013875462173],
        "mean": [0.00269369524904, 0.0117229772732, 0.00471564475447, 0.00174133561086, 0.0044028935954, 0.000857600884046, 0.0004610044125, 0.000536267296411, 0.000600363360718, 0.00028306353488, 0.000319129234413, 0.00052214844618, 0.000487129815156, 0.00038952101022, 0.000279426953057, 0.000329462840455, 0.000343490421074, 0.000352718256181, 0.000415398651967, 0.000409174332162, 0.000426762038842, 0.000372960144887, 0.0002802022791, 0.000201874470804, 0.00014208855282, 8.2224883954e-05, 2.60047795564e-06],
        "median": [0.00123738509137, 0.00814437214285, 0.0016392795369, 0.000736596528441, 0.000726346566807, 0.00024993691477, 8.86584530235e-05, 0.000137629482197, 0.000129598673084, 0.000115116126835, 9.46071668295e-05, 0.000111439869215, 0.000133839857881, 0.000122647616081, 0.000129884676426, 0.000152499516844, 0.000156796610099, 0.000131739347125, 0.000155123198056, 0.000179630602361, 0.000189984784811, 0.000186293051229, 0.000149340790813, 9.65619983617e-05, 5.47632880625e-05, 1.96314376808e-05, 4.60601143004e-07],
        "min": [1.46855933699e-24, 1.08539072182e-23, 1.01436342141e-23, 4.7766600662e-24, 3.82774717192e-23, 2.8590231404e-23, 2.13833307026e-23, 1.76250111789e-23, 2.81962395581e-23, 3.2699120714e-23, 1.45430183969e-23, 5.94374506559e-23, 4.02437075254e-23, 4.02411169062e-23, 3.77385724358e-23, 7.00381067023e-23, 1.22846632954e-22, 1.08331983573e-22, 1.99675828619e-22, 1.75535637312e-22, 3.00562366264e-22, 3.35136890184e-22, 4.55237870669e-22, 6.48149374798e-22, 1.03278164485e-21, 1.52257879234e-21, 2.10339630141e-21],
        "var": [1.29755508169e-05, 0.000219044202822, 0.000101243982499, 8.26810992294e-06, 0.000198633060791, 2.62987509814e-06, 1.54697227117e-06, 1.53261669311e-06, 4.53567281511e-06, 2.87357892148e-07, 5.11863447628e-07, 2.78922948382e-06, 1.67979442267e-06, 5.94207733684e-07, 2.69889397941e-07, 2.94646355314e-07, 2.75610119616e-07, 3.0114770766e-07, 4.78776200907e-07, 3.26290489738e-07, 3.89844416304e-07, 2.79541552572e-07, 1.43534478525e-07, 7.58489164809e-08, 4.05212539079e-08, 2.04602557119e-08, 2.88428343709e-11]
    },
    "erbbands": {
        "dmean": [0.226481959224, 1.18564665318, 3.88453173637, 5.35420560837, 9.65807819366, 13.4203929901, 3.46050691605, 4.46267175674, 4.40803861618, 3.9469640255, 5.76342439651, 7.78565645218, 6.24727535248, 4.87659978867, 9.81704425812, 11.2228536606, 11.9242687225, 9.43224430084, 9.77614212036, 9.13779354095, 9.91377925873, 11.0493564606, 10.6754016876, 11.6037282944, 12.141500473, 9.90037918091, 10.8611688614, 9.76323699951, 7.83339881897, 5.68225336075, 4.32349920273, 2.70756411552, 1.8494938612, 1.0030759573, 0.645469665527, 0.318299740553, 0.107632093132, 0.0161241143942, 0.000319686892908, 2.01465027203e-05],
        "dmean2": [0.362983971834, 1.94738185406, 6.27412986755, 8.91564846039, 14.2643213272, 20.1477794647, 5.53109312057, 7.24144744873, 7.69321012497, 6.34951114655, 8.53475379944, 10.8175258636, 10.0926504135, 8.30518531799, 16.7079792023, 17.5771141052, 18.2793483734, 15.0528793335, 15.9359331131, 14.756819725, 16.296831131, 18.4964752197, 17.4822216034, 19.3782711029, 20.6877727509, 16.4269237518, 18.4870243073, 16.717206955, 12.9963178635, 9.37501335144, 7.15174007416, 4.5058093071, 2.98682308197, 1.57649505138, 1.02826714516, 0.511858105659, 0.172070071101, 0.0258624274284, 0.000510773272254, 3.07860354951e-05],
        "dvar": [0.180993527174, 8.24108409882, 110.365531921, 151.080429077, 817.70111084, 1819.10009766, 52.2697792053, 112.153114319, 256.186889648, 122.352371216, 331.016418457, 684.227355957, 255.256057739, 130.87272644, 711.035827637, 1482.24291992, 1203.21398926, 590.392456055, 576.030700684, 366.751556396, 402.201934814, 684.375244141, 761.37677002, 962.387329102, 687.838317871, 342.48651123, 526.501831055, 416.088348389, 301.241668701, 132.816757202, 64.9486083984, 24.5424938202, 10.0837574005, 2.7348446846, 1.39410400391, 0.409737974405, 0.0468216240406, 0.00111295480747, 4.16665841385e-07, 7.53034634648e-10],
        "dvar2": [0.457040697336, 20.5142192841, 286.545440674, 408.965057373, 1332.38183594, 3813.47290039, 138.656402588, 305.158813477, 878.664855957, 288.506011963, 466.478210449, 1020.07373047, 645.125549316, 389.153839111, 1863.58410645, 3216.47021484, 2338.31103516, 1416.02905273, 1534.80737305, 921.378662109, 1028.42578125, 1896.40612793, 2031.17883301, 2610.86083984, 1877.54675293, 887.082885742, 1401.86499023, 1106.26013184, 814.376831055, 353.362854004, 164.094207764, 64.8881759644, 25.507768631, 6.70542097092, 3.48788285255, 1.04935538769, 0.114953778684, 0.00269925990142, 1.0092356888e-06, 1.7318970702e-09],
        "max": [4.46344232559, 29.1545372009, 93.4791259766, 119.814147949, 308.572418213, 436.114349365, 133.852325439, 201.841995239, 389.415740967, 251.270370483, 646.717590332, 882.22265625, 452.85458374, 261.05859375, 910.574829102, 1172.63696289, 980.817932129, 520.68347168, 827.655029297, 273.619781494, 410.444366455, 660.088684082, 710.186340332, 1262.42248535, 621.282165527, 378.824707031, 386.625183105, 367.288604736, 456.348999023, 292.010650635, 133.162811279, 73.427406311, 49.0600662231, 24.6088008881, 24.6337013245, 16.1638145447, 4.71736001968, 0.538763582706, 0.0108982734382, 0.000362383812899],
        "mean": [0.594231963158, 1.62531113625, 4.51590538025, 7.04491901398, 12.2494869232, 14.0512104034, 5.19126939774, 8.18716335297, 7.93655061722, 9.4330701828, 10.3906259537, 13.5853996277, 10.3505887985, 7.48084878922, 14.9000654221, 21.6704463959, 23.797088623, 18.6622447968, 17.9515361786, 16.1199798584, 17.4412460327, 19.4335384369, 20.0585575104, 20.3009471893, 20.0299701691, 18.8257637024, 18.4796791077, 16.0944042206, 13.8540992737, 10.2966279984, 7.72834634781, 4.70779561996, 3.13685584068, 1.74818634987, 0.943532824516, 0.417009979486, 0.136410042644, 0.0200378205627, 0.000422490295023, 5.58703541174e-05],
        "median": [0.386430591345, 0.841034173965, 1.39235210419, 3.44186449051, 2.41935110092, 2.26153445244, 1.95978140831, 2.38791394234, 1.7093269825, 2.10690355301, 2.95795702934, 3.19821238518, 3.79108572006, 3.74102520943, 4.43999814987, 4.99978876114, 6.80902194977, 6.89856672287, 8.0291595459, 8.35709285736, 9.06993293762, 9.03105258942, 8.14102363586, 7.96439266205, 7.62307786942, 8.21862411499, 8.01153182983, 7.56148576736, 6.91793727875, 5.41031360626, 4.02788686752, 2.38910603523, 1.4367865324, 0.740090370178, 0.309113651514, 0.111858844757, 0.0299650244415, 0.00393007230014, 0.000105425417132, 4.90143756906e-05],
        "min": [4.07594811936e-22, 2.53210426234e-21, 1.45520456794e-20, 2.21974822107e-20, 1.0066865603e-19, 1.07352495099e-19, 2.53853328939e-19, 1.89385495711e-19, 4.42762795132e-19, 7.79917063315e-20, 6.2455967128e-19, 5.13844855012e-19, 1.24794226455e-18, 1.40372467232e-18, 1.12649054053e-18, 2.90277425882e-18, 2.04215135449e-18, 2.89262247796e-18, 2.32328874479e-18, 5.94036448183e-18, 3.63707303514e-18, 7.10134638595e-18, 6.98676698186e-18, 8.35262001702e-18, 1.19371939666e-17, 8.45574131526e-18, 1.09558062084e-17, 1.30654550873e-17, 1.17574046061e-17, 1.32943682228e-17, 1.17621923275e-17, 1.37059038124e-17, 1.15114350064e-17, 8.4395649712e-18, 7.73942854739e-18, 5.95041555345e-18, 2.87749789405e-18, 9.87845660688e-19, 3.02806808169e-19, 3.2478655447e-20],
        "var": [0.451361954212, 8.77107429504, 96.9520111084, 148.294891357, 1307.04260254, 2185.25830078, 78.5636672974, 254.277145386, 482.755004883, 555.819641113, 997.096374512, 2197.09350586, 459.485473633, 133.248535156, 1041.18347168, 4833.45361328, 3536.33032227, 1270.29846191, 925.070129395, 622.651000977, 624.508666992, 856.584472656, 1037.55786133, 1109.95666504, 944.780761719, 699.612304688, 751.846008301, 542.890808105, 400.693572998, 198.000335693, 115.637329102, 41.8777236938, 18.6135787964, 5.70510149002, 2.04970002174, 0.497346013784, 0.0584970898926, 0.00138007651549, 5.40699886642e-07, 2.31817209873e-09]
    },
    "gfcc": {
        "mean": [-29.1052894592, 63.6738357544, -106.213272095, 55.5132904053, -47.6699371338, 24.3404750824, -32.0779647827, 9.03628158569, -23.2239665985, 5.07476377487, -17.6370620728, 2.00336313248, -11.56661129],
        "cov": [[21587.96875, -1110.93310547, 96.3535232544, 373.220916748, -575.571899414, 757.420715332, -373.745178223, 374.069763184, -517.188415527, 333.629150391, -296.613983154, 317.572814941, -229.009918213], [-1110.93310547, 2721.23754883, -534.70098877, -644.197021484, 140.850280762, -504.167053223, 259.487762451, -336.067779541, 419.419464111, -139.019577026, 290.222320557, -233.86328125, 201.958786011], [96.3535232544, -534.70098877, 1335.4708252, 611.253662109, 267.134002686, 352.60055542, -17.9236049652, 253.887878418, -182.995727539, 60.0901145935, -119.174827576, 83.7483825684, -0.77419346571], [373.220916748, -644.197021484, 611.253662109, 941.571716309, 297.424224854, 299.125305176, 90.039352417, 205.896606445, -101.869369507, -21.8187389374, -69.1912384033, 61.8020248413, 2.67817568779], [-575.571899414, 140.850280762, 267.134002686, 297.424224854, 463.013763428, 95.240234375, 155.699264526, 98.0294570923, 40.4346961975, -6.63410139084, 50.7155380249, 14.5982074738, 44.5153617859], [757.420715332, -504.167053223, 352.60055542, 299.125305176, 95.240234375, 399.351715088, 40.9225463867, 167.113647461, -110.389671326, 39.6508483887, -63.7618713379, 60.32396698, -39.2217407227], [-373.745178223, 259.487762451, -17.9236049652, 90.039352417, 155.699264526, 40.9225463867, 243.856079102, 80.6861801147, 88.0031204224, -20.4821834564, 52.508731842, -21.9706420898, 31.3450889587], [374.069763184, -336.067779541, 253.887878418, 205.896606445, 98.0294570923, 167.113647461, 80.6861801147, 275.345062256, 30.1387634277, 78.4449386597, -22.9822406769, 45.9762763977, -12.8452138901], [-517.188415527, 419.419464111, -182.995727539, -101.869369507, 40.4346961975, -110.389671326, 88.0031204224, 30.1387634277, 259.173950195, 52.2845039368, 101.284049988, -41.7534446716, 36.7574157715], [333.629150391, -139.019577026, 60.0901145935, -21.8187389374, -6.63410139084, 39.6508483887, -20.4821834564, 78.4449386597, 52.2845039368, 158.775039673, 50.1655731201, 40.9507713318, -16.5630493164], [-296.613983154, 290.222320557, -119.174827576, -69.1912384033, 50.7155380249, -63.7618713379, 52.508731842, -22.9822406769, 101.284049988, 50.1655731201, 153.136016846, 27.657793045, 38.7567520142], [317.572814941, -233.86328125, 83.7483825684, 61.8020248413, 14.5982074738, 60.32396698, -21.9706420898, 45.9762763977, -41.7534446716, 40.9507713318, 27.657793045, 115.955841064, 19.1645717621], [-229.009918213, 201.958786011, -0.77419346571, 2.67817568779, 44.5153617859, -39.2217407227, 31.3450889587, -12.8452138901, 36.7574157715, -16.5630493164, 38.7567520142, 19.1645717621, 94.4353179932]],
        "icov": [[7.07282742951e-05, -0.000145152589539, 0.000116679169878, -0.000121538061649, 0.000102569581941, -0.000114573500468, 0.000123726917082, -0.000160596740898, 0.000203503601369, -0.000268864125246, 0.000268023955869, -0.00029271634412, 0.000150535750436], [-0.000145152589539, 0.00169212080073, -0.000709507497959, 0.00105311535299, -0.00048951554345, 0.000429694424383, -0.00107319827657, 0.00134693516884, -0.00139061384834, 0.00155979662668, -0.00225404975936, 0.00265500112437, -0.00185668072663], [0.000116679169878, -0.000709507497959, 0.00185306626372, -0.00096478726482, -0.000354312243871, -0.000592642463744, 0.00113907991908, -0.00133018230554, 0.00149291439448, -0.00157042988576, 0.00155214779079, -0.000733406923246, -0.000139992785989], [-0.000121538061649, 0.00105311535299, -0.00096478726482, 0.00268516642973, -0.00109318760224, -0.00032260795706, -0.000714593974408, 0.000302875327179, -0.000896063924301, 0.00198438740335, -0.00127544871066, 0.00121820403729, -0.000998220755719], [0.000102569581941, -0.00048951554345, -0.000354312243871, -0.00109318760224, 0.00400873506442, -0.000255629653111, -0.00130490656011, -0.000471658306196, 0.000324395048665, -8.89588191058e-05, -0.000787688943092, -0.000522872782312, -1.56326077558e-05], [-0.000114573500468, 0.000429694424383, -0.000592642463744, -0.00032260795706, -0.000255629653111, 0.00530486088246, -0.00166348228231, -0.00105396192521, 0.00138420483563, -0.000557708204724, 0.000161311443662, -0.000337266916176, 0.000905695313122], [0.000123726917082, -0.00107319827657, 0.00113907991908, -0.000714593974408, -0.00130490656011, -0.00166348228231, 0.00899626221508, -0.00413209619001, -4.89608974021e-05, 0.00220275716856, -0.00202078139409, 0.00111226725858, 9.91642082226e-06], [-0.000160596740898, 0.00134693516884, -0.00133018230554, 0.000302875327179, -0.000471658306196, -0.00105396192521, -0.00413209619001, 0.0101613933221, -0.00435986137018, -0.00235368660651, 0.00293215829879, -0.00163049786352, -0.000339499383699], [0.000203503601369, -0.00139061384834, 0.00149291439448, -0.000896063924301, 0.000324395048665, 0.00138420483563, -4.89608974021e-05, -0.00435986137018, 0.0107285007834, -0.00424819905311, -0.00233465852216, 0.00312203448266, -0.00124609551858], [-0.000268864125246, 0.00155979662668, -0.00157042988576, 0.00198438740335, -8.89588191058e-05, -0.000557708204724, 0.00220275716856, -0.00235368660651, -0.00424819905311, 0.0145931905136, -0.00766111817211, 0.000428685510997, 0.00197229185142], [0.000268023955869, -0.00225404975936, 0.00155214779079, -0.00127544871066, -0.000787688943092, 0.000161311443662, -0.00202078139409, 0.00293215829879, -0.00233465852216, -0.00766111817211, 0.0190829969943, -0.0100712571293, 0.000804366951343], [-0.00029271634412, 0.00265500112437, -0.000733406923246, 0.00121820403729, -0.000522872782312, -0.000337266916176, 0.00111226725858, -0.00163049786352, 0.00312203448266, 0.000428685510997, -0.0100712571293, 0.0204686131328, -0.00807353854179], [0.000150535750436, -0.00185668072663, -0.000139992785989, -0.000998220755719, -1.56326077558e-05, 0.000905695313122, 9.91642082226e-06, -0.000339499383699, -0.00124609551858, 0.00197229185142, 0.000804366951343, -0.00807353854179, 0.01742548123]]
    },
    "melbands": {
        "dmean": [0.00175397109706, 0.00173948216252, 0.000929982052185, 0.000999750569463, 0.000173002146767, 9.98159957817e-05, 5.9313744714e-05, 4.79403461213e-05, 5.11767575517e-05, 5.02401962876e-05, 3.09783863486e-05, 1.93748383026e-05, 3.19367100019e-05, 2.3851842343e-05, 3.96825016651e-05, 2.49197109952e-05, 1.84363307199e-05, 1.76346729859e-05, 1.44610230564e-05, 1.524599611e-05, 1.14217173177e-05, 1.24800280901e-05, 1.11965055112e-05, 9.0598296083e-06, 9.96916060103e-06, 1.11137233034e-05, 7.46650584915e-06, 6.87878764438e-06, 8.0028330558e-06, 5.9295543906e-06, 5.81501126362e-06, 4.77621551909e-06, 3.89856222682e-06, 3.16394834954e-06, 2.73939053841e-06, 2.07458674595e-06, 1.57948420565e-06, 1.32307570766e-06, 1.15569457648e-06, 7.93464380422e-07],
        "dmean2": [0.00282076140866, 0.00270050857216, 0.00150126568042, 0.00144559179898, 0.000280795822619, 0.000164133016369, 0.000103125123132, 7.70690967329e-05, 7.35366338631e-05, 6.99689844623e-05, 5.06616961502e-05, 3.29970025632e-05, 5.42571433471e-05, 3.9977257984e-05, 5.97896614636e-05, 3.8164525904e-05, 2.98255599773e-05, 2.90426323772e-05, 2.28268418141e-05, 2.49956465268e-05, 1.90061655303e-05, 2.10852704186e-05, 1.85639419215e-05, 1.48632607306e-05, 1.67126054293e-05, 1.92593415704e-05, 1.26355862449e-05, 1.14562380986e-05, 1.38211516969e-05, 9.96281960397e-06, 1.00137822301e-05, 8.03894454293e-06, 6.50129459245e-06, 5.32298690814e-06, 4.51049845651e-06, 3.5071552702e-06, 2.64136019723e-06, 2.15016507354e-06, 1.85406645414e-06, 1.25674432638e-06],
        "dvar": [1.07094674604e-05, 1.92105362657e-05, 3.53190239366e-06, 1.00818560895e-05, 1.69191110899e-07, 5.56385053585e-08, 4.25961061978e-08, 1.80051209497e-08, 3.67429286996e-08, 2.97237914282e-08, 6.2922120847e-09, 2.05658889918e-09, 7.9724058466e-09, 3.84957754562e-09, 2.69063349378e-08, 8.70415384213e-09, 2.59362398225e-09, 1.98297467335e-09, 1.35011657409e-09, 1.2432965768e-09, 5.40555711304e-10, 8.67256377823e-10, 8.00152555325e-10, 4.09284661718e-10, 8.03428046314e-10, 6.77584155451e-10, 2.20560736341e-10, 1.79730771932e-10, 3.03276959102e-10, 1.47282214202e-10, 1.43231121408e-10, 1.2405419747e-10, 6.13139469752e-11, 4.29392528478e-11, 2.70075385667e-11, 1.53983163026e-11, 8.0251178966e-12, 5.19016123482e-12, 3.84598646333e-12, 1.7227474872e-12],
        "dvar2": [2.77415274468e-05, 4.40259827883e-05, 9.27701148612e-06, 1.7800475689e-05, 4.23481509415e-07, 1.59431792213e-07, 1.44681308711e-07, 4.13320861981e-08, 4.61582594369e-08, 4.49371597711e-08, 1.62219677691e-08, 6.1617901892e-09, 2.09640855786e-08, 9.66292112992e-09, 5.49030403363e-08, 1.52545478471e-08, 6.48549303151e-09, 5.2143827034e-09, 2.96708613234e-09, 3.1915845522e-09, 1.42513434387e-09, 2.43356845786e-09, 2.16904583183e-09, 1.0722978061e-09, 2.20109130922e-09, 1.87458293333e-09, 5.93743998412e-10, 4.60999433072e-10, 8.2789314293e-10, 3.7827299626e-10, 3.86913751038e-10, 3.41046246799e-10, 1.61448521219e-10, 1.15116902122e-10, 6.65334176642e-11, 4.22682167045e-11, 2.0806316739e-11, 1.31065757206e-11, 9.71805188404e-12, 4.22530370067e-12],
        "max": [0.0345131680369, 0.0393183268607, 0.0173622444272, 0.0340558663011, 0.00433054054156, 0.00467816693708, 0.00501161115244, 0.0030582989566, 0.00713751884177, 0.00608972646296, 0.00221167434938, 0.00106325058732, 0.00249487813562, 0.00206350185908, 0.00394756672904, 0.00344014028087, 0.00117864913773, 0.00137501978315, 0.000825853727292, 0.000776110857259, 0.000465841789264, 0.000806779367849, 0.000800066743977, 0.000466376222903, 0.0011881130049, 0.000683898513671, 0.000361662154319, 0.000326732697431, 0.000245769071626, 0.000266881048447, 0.000203567557037, 0.000303201231873, 0.000176130488398, 0.000157290851348, 9.25244021346e-05, 6.25572138233e-05, 4.99545640196e-05, 3.63516410289e-05, 2.83605204459e-05, 2.08173569263e-05],
        "mean": [0.00414689537138, 0.00231256172992, 0.00128269277047, 0.00115088745952, 0.00022285922023, 0.000181883835467, 0.000110704313556, 0.000110456101538, 8.75713885762e-05, 8.65548790898e-05, 5.00908572576e-05, 2.84748402919e-05, 4.46184567409e-05, 4.20370852225e-05, 7.53675267333e-05, 4.57444511994e-05, 3.3763331885e-05, 3.03423967125e-05, 2.29810248129e-05, 2.39853579842e-05, 1.90445734916e-05, 2.00710164791e-05, 1.93660671357e-05, 1.63808781508e-05, 1.63915719895e-05, 1.60120798682e-05, 1.28345564008e-05, 1.24589823827e-05, 1.23167819766e-05, 9.99893836706e-06, 9.00495979295e-06, 8.01483383839e-06, 6.72311216476e-06, 5.39894017493e-06, 4.73938644063e-06, 3.44463637703e-06, 2.63553693003e-06, 2.22903213398e-06, 1.86011050118e-06, 1.34357674142e-06],
        "median": [0.00294584687799, 0.000937622156925, 0.000616857490968, 0.000173097170773, 7.71701015765e-05, 5.13370941917e-05, 2.26433148782e-05, 2.32945712924e-05, 2.23472197831e-05, 1.92451989278e-05, 1.80253609869e-05, 1.38410368891e-05, 1.34137981149e-05, 1.30726384668e-05, 1.24415955725e-05, 1.25060096252e-05, 1.13122587209e-05, 1.17142635645e-05, 9.47784701566e-06, 1.0720175851e-05, 9.72147608991e-06, 9.2154068625e-06, 7.56006284064e-06, 6.39728796159e-06, 6.25873462923e-06, 5.40975679542e-06, 5.31296700501e-06, 5.30656370756e-06, 5.01413023812e-06, 4.5432270781e-06, 4.15088697991e-06, 3.84191480407e-06, 3.24741495206e-06, 2.74800208899e-06, 2.35439074459e-06, 1.71476006017e-06, 1.26122165511e-06, 1.02094122667e-06, 7.52536550408e-07, 5.58330896183e-07],
        "min": [3.4107111212e-24, 6.30409869925e-24, 6.48863022549e-24, 6.81616132903e-24, 9.25705553083e-24, 5.12283116407e-24, 6.89313916502e-24, 4.65576338538e-25, 5.96391268906e-24, 3.26885085626e-24, 6.07376590885e-24, 5.65552921184e-24, 2.48223938791e-24, 5.08998141825e-24, 6.02914280846e-24, 3.77925786422e-24, 4.27394464928e-24, 3.38442785356e-24, 4.13524594163e-24, 4.87609125013e-24, 3.81602785431e-24, 7.01011303777e-24, 7.73949777504e-24, 5.065306638e-24, 6.0909374386e-24, 7.73165728651e-24, 7.69365154582e-24, 4.44282754174e-24, 6.38050697767e-24, 7.21315794617e-24, 6.94968234813e-24, 7.53488618889e-24, 5.15390636728e-24, 7.50491026335e-24, 5.96747676263e-24, 7.8316745941e-24, 7.97873246633e-24, 8.00121815757e-24, 7.34729900993e-24, 6.64997594643e-24],
        "var": [2.22702929022e-05, 2.07631383091e-05, 3.94565768147e-06, 1.48005537994e-05, 1.86227907761e-07, 1.25339070678e-07, 9.11800839276e-08, 7.98288795067e-08, 1.11861801599e-07, 9.41457400927e-08, 1.07596447307e-08, 2.01067074102e-09, 1.03949071573e-08, 9.61447366166e-09, 8.40886045239e-08, 2.37153088278e-08, 4.90537210851e-09, 3.34322125539e-09, 2.40823139208e-09, 1.95662575031e-09, 7.55026263732e-10, 9.75632685751e-10, 1.05608199963e-09, 6.22767781788e-10, 8.31157198622e-10, 7.53443751833e-10, 3.51434159551e-10, 3.45753564668e-10, 3.79343112478e-10, 2.17415890846e-10, 1.76879344504e-10, 1.45596409928e-10, 9.49291548147e-11, 5.71886878131e-11, 4.74962465191e-11, 2.30604355056e-11, 1.4062485551e-11, 9.63980457958e-12, 7.00677319984e-12, 3.47132197119e-12]
    },
    "mfcc": {
        "mean": [-666.603149414, 85.5731277466, 8.82049751282, 34.0419502258, 12.2918176651, 18.2481536865, 6.5238366127, 7.63518095016, 3.33816885948, 3.0524725914, 0.754047691822, 0.988171458244, -1.23554968834],
        "cov": [[16059.1728516, -534.90020752, -39.6534729004, 172.440002441, -151.148986816, 267.409515381, 139.005004883, 213.169464111, -3.22042679787, -11.2496385574, -23.5616645813, 42.5559272766, -12.2325325012], [-534.90020752, 2317.32104492, -331.742889404, -307.602233887, -193.422515869, -177.640197754, -213.561935425, -207.269821167, -37.5495605469, 45.6641273499, 49.7085456848, 0.384910732508, 38.3048057556], [-39.6534729004, -331.742889404, 796.244506836, 302.828186035, 257.842407227, 154.6456604, 185.889480591, 114.054595947, 92.0900192261, 13.7940940857, -23.736497879, 0.719912707806, -32.6193885803], [172.440002441, -307.602233887, 302.828186035, 616.888244629, 287.194366455, 161.4012146, 194.578277588, 171.91178894, 97.4366378784, 47.226020813, -1.22850286961, 26.295671463, -8.9623670578], [-151.148986816, -193.422515869, 257.842407227, 287.194366455, 350.85546875, 149.678588867, 158.557739258, 113.696342468, 75.5961990356, 25.6487903595, 12.6094522476, 32.0066223145, 5.3656039238], [267.409515381, -177.640197754, 154.6456604, 161.4012146, 149.678588867, 214.531021118, 148.621078491, 96.9339981079, 35.5811843872, 1.94217205048, -1.35487830639, 16.1926288605, -9.00754451752], [139.005004883, -213.561935425, 185.889480591, 194.578277588, 158.557739258, 148.621078491, 270.675628662, 158.619613647, 73.1517181396, 14.3664169312, 6.65968322754, 29.0501689911, -8.38952827454], [213.169464111, -207.269821167, 114.054595947, 171.91178894, 113.696342468, 96.9339981079, 158.619613647, 213.613937378, 98.6215133667, 38.0152626038, 17.3707237244, 22.435798645, -3.5758395195], [-3.22042679787, -37.5495605469, 92.0900192261, 97.4366378784, 75.5961990356, 35.5811843872, 73.1517181396, 98.6215133667, 142.661193848, 80.2909164429, 36.8036994934, 23.0316314697, -1.77633059025], [-11.2496385574, 45.6641273499, 13.7940940857, 47.226020813, 25.6487903595, 1.94217205048, 14.3664169312, 38.0152626038, 80.2909164429, 121.105812073, 73.7300262451, 43.6667823792, 10.0734052658], [-23.5616645813, 49.7085456848, -23.736497879, -1.22850286961, 12.6094522476, -1.35487830639, 6.65968322754, 17.3707237244, 36.8036994934, 73.7300262451, 108.51499176, 67.4522705078, 27.0070972443], [42.5559272766, 0.384910732508, 0.719912707806, 26.295671463, 32.0066223145, 16.1926288605, 29.0501689911, 22.435798645, 23.0316314697, 43.6667823792, 67.4522705078, 104.897727966, 60.737121582], [-12.2325325012, 38.3048057556, -32.6193885803, -8.9623670578, 5.3656039238, -9.00754451752, -8.38952827454, -3.5758395195, -1.77633059025, 10.0734052658, 27.0070972443, 60.737121582, 99.6840133667]],
