{
"lowlevel": {
    "average_loudness": 0.478456497192,
    "barkbands_crest": {
        "dmean": 2.9888112545,
        "dmean2": 4.95796728134,
        "dvar": 7.67546081543,
        "dvar2": 20.7168006897,
        "max": 26.512720108,
        "mean": 14.3795433044,
        "median": 14.1857538223,
        "min": 2.19032907486,
        "var": 23.3719596863
    },
    "barkbands_flatness_db": {
        "dmean": 0.0281876847148,
        "dmean2": 0.0454041995108,
        "dvar": 0.000719403440598,
        "dvar2": 0.00178538588807,
        "max": 0.682756841183,
        "mean": 0.198570266366,
        "median": 0.172713324428,
        "min": 0.0118180690333,
        "var": 0.0100220935419
    },
    "barkbands_kurtosis": {
        "dmean": 8.2583322525,
        "dmean2": 13.531917572,
        "dvar": 264.162445068,
        "dvar2": 676.207397461,
        "max": 423.560760498,
        "mean": 15.9129476547,
        "median": 6.61395454407,
        "min": -1.84624123573,
        "var": 803.866271973
    },
    "barkbands_skewness": {
        "dmean": 0.841012120247,
        "dmean2": 1.36251091957,
        "dvar": 0.781248211861,
        "dvar2": 2.02772140503,
        "max": 17.3002281189,
        "mean": 2.81761455536,
        "median": 2.45436263084,
        "min": -5.01157093048,
        "var": 4.32683420181
    },
    "barkbands_spread": {
        "dmean": 4.31575775146,
        "dmean2": 7.06874084473,
        "dvar": 30.8885250092,
        "dvar2": 79.1427688599,
        "max": 102.467926025,
        "mean": 14.1360826492,
        "median": 12.5129947662,
        "min": 0.247432082891,
        "var": 106.214942932
    },
    "dissonance": {
        "dmean": 0.0211340282112,
        "dmean2": 0.0362445339561,
        "dvar": 0.000456953421235,
        "dvar2": 0.00129210751038,
        "max": 0.500000178814,
        "mean": 0.462143152952,
        "median": 0.471568673849,
        "min": 0.186047673225,
        "var": 0.00118417199701
    },
    "dynamic_complexity": 6.91013669968,
    "erbbands_crest": {
        "dmean": 2.64634346962,
        "dmean2": 4.32892227173,
        "dvar": 6.40112304688,
        "dvar2": 16.1550235748,
        "max": 33.2666854858,
        "mean": 10.1316289902,
        "median": 8.49502754211,
        "min": 2.35265374184,
        "var": 32.877368927
    },
    "erbbands_flatness_db": {
        "dmean": 0.0159762650728,
        "dmean2": 0.0248110257089,
        "dvar": 0.000235422499827,
        "dvar2": 0.000545680173673,
        "max": 0.502942442894,
        "mean": 0.151982858777,
        "median": 0.137141689658,
        "min": 0.0372237302363,
        "var": 0.00427971733734
    },
    "erbbands_kurtosis": {
        "dmean": 1.18855810165,
        "dmean2": 1.93147957325,
        "dvar": 4.2022023201,
        "dvar2": 10.6880683899,
        "max": 47.6603813171,
        "mean": 1.63731896877,
        "median": 0.464941263199,
        "min": -1.80504488945,
        "var": 14.4198513031
    },
    "erbbands_skewness": {
        "dmean": 0.318307578564,
        "dmean2": 0.503900110722,
        "dvar": 0.0936804562807,
        "dvar2": 0.228131234646,
        "max": 5.01688623428,
        "mean": 0.26459890604,
        "median": 0.229164004326,
        "min": -3.72205662727,
        "var": 0.543161451817
    },
    "erbbands_spread": {
        "dmean": 6.91732692719,
        "dmean2": 11.0830068588,
        "dvar": 51.0286560059,
        "dvar2": 135.400802612,
        "max": 147.551376343,
        "mean": 33.0967788696,
        "median": 31.4503517151,
        "min": 0.934653162956,
        "var": 310.391937256
    },
    "hfc": {
        "dmean": 4.81499433517,
        "dmean2": 7.71980285645,
        "dvar": 88.5989227295,
        "dvar2": 222.006866455,
        "max": 317.038238525,
        "mean": 21.1419315338,
        "median": 13.362994194,
        "min": 1.17891647021e-16,
        "var": 514.070678711
    },
    "melbands_crest": {
        "dmean": 3.94592022896,
        "dmean2": 6.48360919952,
        "dvar": 14.1266937256,
        "dvar2": 37.5178184509,
        "max": 39.8527030945,
        "mean": 23.3451747894,
        "median": 23.4477577209,
        "min": 1.82605028152,
        "var": 63.8279457092
    },
    "melbands_flatness_db": {
        "dmean": 0.0323554873466,
        "dmean2": 0.051948774606,
        "dvar": 0.000929455563892,
        "dvar2": 0.00233092391863,
        "max": 0.79651427269,
        "mean": 0.295145601034,
        "median": 0.270886480808,
        "min": 0.00355897960253,
        "var": 0.0121937207878
    },
    "melbands_kurtosis": {
        "dmean": 21.4078483582,
        "dmean2": 35.281879425,
        "dvar": 2721.2253418,
        "dvar2": 7153.69140625,
        "max": 2120.88720703,
        "mean": 41.4034957886,
        "median": 16.6515522003,
        "min": -1.86261582375,
        "var": 7623.13525391
    },
    "melbands_skewness": {
        "dmean": 1.23704755306,
        "dmean2": 2.01039242744,
        "dvar": 1.99760842323,
        "dvar2": 5.14310216904,
        "max": 32.7039146423,
        "mean": 4.33509922028,
        "median": 3.64646244049,
        "min": -2.83818483353,
        "var": 10.6723566055
    },
    "melbands_spread": {
        "dmean": 4.49014043808,
        "dmean2": 7.41252470016,
        "dvar": 35.1675682068,
        "dvar2": 85.5095825195,
        "max": 155.232284546,
        "mean": 12.9403076172,
        "median": 9.62949562073,
        "min": 0.038848567754,
        "var": 137.36340332
    },
    "pitch_salience": {
        "dmean": 0.0804992243648,
        "dmean2": 0.13238991797,
        "dvar": 0.00555431144312,
        "dvar2": 0.0148541023955,
        "max": 0.948118984699,
        "mean": 0.384129822254,
        "median": 0.394981354475,
        "min": 0.0200792569667,
        "var": 0.0225055478513
    },
    "silence_rate_20dB": {
        "dmean": 0.015486725606,
        "dmean2": 0.0309765655547,
        "dvar": 0.0152483731508,
        "dvar2": 0.0392640791833,
        "max": 1,
        "mean": 0.987933635712,
        "median": 1,
        "min": 0,
        "var": 0.011920354329
    },
    "silence_rate_30dB": {
        "dmean": 0.0641592890024,
        "dmean2": 0.12833148241,
        "dvar": 0.0600413940847,
        "dvar2": 0.137614667416,
        "max": 1,
        "mean": 0.720663666725,
        "median": 1,
        "min": 0,
        "var": 0.201306387782
    },
    "silence_rate_60dB": {
        "dmean": 0.00543041015044,
        "dmean2": 0.0108619127423,
        "dvar": 0.00540112471208,
        "dvar2": 0.0119487801567,
        "max": 1,
        "mean": 0.119658119977,
        "median": 0,
        "min": 0,
        "var": 0.105353243649
    },
    "spectral_centroid": {
        "dmean": 178.754241943,
        "dmean2": 287.809020996,
        "dvar": 48806.75,
        "dvar2": 116377.492188,
        "max": 10775.1455078,
        "mean": 1121.10693359,
        "median": 1113.94934082,
        "min": 84.0837020874,
        "var": 304970.5625
    },
    "spectral_complexity": {
        "dmean": 2.62972640991,
        "dmean2": 4.34235143661,
        "dvar": 9.53072071075,
        "dvar2": 23.3051376343,
        "max": 57,
        "mean": 17.7378578186,
        "median": 17,
        "min": 0,
        "var": 159.189788818
    },
    "spectral_decrease": {
        "dmean": 7.49461648297e-09,
        "dmean2": 1.22753389675e-08,
        "dvar": 1.54763825013e-16,
        "dvar2": 4.10714497072e-16,
        "max": 6.33402307708e-29,
        "mean": -1.99434051495e-08,
        "median": -1.08185274073e-08,
        "min": -1.57282855184e-07,
        "var": 5.35172462613e-16
    },
    "spectral_energy": {
        "dmean": 0.0284865610301,
        "dmean2": 0.0466276742518,
        "dvar": 0.00221781036817,
        "dvar2": 0.00588040053844,
        "max": 0.597780704498,
        "mean": 0.0771884992719,
        "median": 0.0425169877708,
        "min": 1.09359634315e-20,
        "var": 0.00786056369543
    },
    "spectral_energyband_high": {
        "dmean": 0.0002223012998,
        "dmean2": 0.000347467022948,
        "dvar": 4.69254899826e-07,
        "dvar2": 1.20827894534e-06,
        "max": 0.0232662856579,
        "mean": 0.000675664399751,
        "median": 0.000236080784816,
        "min": 8.0855402381e-21,
        "var": 1.45333069668e-06
    },
    "spectral_energyband_low": {
        "dmean": 0.0276512950659,
        "dmean2": 0.0454600378871,
        "dvar": 0.00225644628517,
        "dvar2": 0.00603620521724,
        "max": 0.575785815716,
        "mean": 0.0608445517719,
        "median": 0.024922972545,
        "min": 6.42487574931e-23,
        "var": 0.00640661036596
    },
    "spectral_energyband_middle_high": {
        "dmean": 0.00231157033704,
        "dmean2": 0.00385385286063,
        "dvar": 2.49933946179e-05,
        "dvar2": 6.87654537614e-05,
        "max": 0.108350344002,
        "mean": 0.00653186487034,
        "median": 0.00384069886059,
        "min": 1.45357908533e-21,
        "var": 8.14661325421e-05
    },
    "spectral_energyband_middle_low": {
        "dmean": 0.00321711716242,
        "dmean2": 0.00516756996512,
        "dvar": 4.34730209236e-05,
        "dvar2": 0.000114183931146,
        "max": 0.221565470099,
        "mean": 0.00881755724549,
        "median": 0.00559060508385,
        "min": 2.71947768524e-22,
        "var": 0.000114080641652
    },
    "spectral_entropy": {
        "dmean": 0.135774835944,
        "dmean2": 0.212271034718,
        "dvar": 0.0210615061224,
        "dvar2": 0.0506745055318,
        "max": 9.80178356171,
        "mean": 7.49401330948,
        "median": 7.68339061737,
        "min": 4.6127371788,
        "var": 0.378946721554
    },
    "spectral_flux": {
        "dmean": 0.0344424061477,
        "dmean2": 0.057299874723,
        "dvar": 0.00216246186756,
        "dvar2": 0.00568730849773,
        "max": 0.568087220192,
        "mean": 0.105108395219,
        "median": 0.0908279269934,
        "min": 6.61394411461e-11,
        "var": 0.00698708835989
    },
    "spectral_kurtosis": {
        "dmean": 2.56114339828,
        "dmean2": 4.35147285461,
        "dvar": 37.687297821,
        "dvar2": 107.612213135,
        "max": 217.464233398,
        "mean": 8.12818431854,
        "median": 4.40910816193,
        "min": -1.17183673382,
        "var": 189.040390015
    },
    "spectral_rms": {
        "dmean": 0.00136064703111,
        "dmean2": 0.00220278743654,
        "dvar": 2.94409619528e-06,
        "dvar2": 7.74023192207e-06,
        "max": 0.0241495482624,
        "mean": 0.00723893428221,
        "median": 0.00644049607217,
        "min": 3.26637913765e-12,
        "var": 2.29035576922e-05
    },
    "spectral_rolloff": {
        "dmean": 241.291610718,
        "dmean2": 419.604156494,
        "dvar": 264417.09375,
        "dvar2": 654479.0625,
        "max": 18755.4199219,
        "mean": 571.868591309,
        "median": 322.998046875,
        "min": 21.533203125,
        "var": 687167.0625
    },
    "spectral_skewness": {
        "dmean": 0.245831042528,
        "dmean2": 0.411867886782,
        "dvar": 0.117917329073,
        "dvar2": 0.333548367023,
        "max": 12.4201021194,
        "mean": 1.97374093533,
        "median": 1.67502868176,
        "min": 0.0380741581321,
        "var": 0.959761619568
    },
    "spectral_spread": {
        "dmean": 434540.59375,
        "dmean2": 679737.25,
        "dvar": 351816450048,
        "dvar2": 835843588096,
        "max": 39949140,
        "mean": 4399044.5,
        "median": 4438148.5,
        "min": 395174.90625,
        "var": 2.93680211558e+12
    },
    "spectral_strongpeak": {
        "dmean": 0.315885663033,
        "dmean2": 0.550315976143,
        "dvar": 0.549297809601,
        "dvar2": 1.48636043072,
        "max": 13.5220031738,
        "mean": 0.541702151299,
        "median": 0.298406481743,
        "min": 0,
        "var": 0.808712244034
    },
    "zerocrossingrate": {
        "dmean": 0.00673458864912,
        "dmean2": 0.00875355768949,
        "dvar": 9.19574013096e-05,
        "dvar2": 0.000117837691505,
        "max": 0.8125,
        "mean": 0.0323986038566,
        "median": 0.02783203125,
        "min": 0,
        "var": 0.00095986656379
    },
    "barkbands": {
        "dmean": [0.00573664205149, 0.0240106210113, 0.00313959177583, 0.00129190424923, 0.00109023135155, 0.000412908266298, 0.00067874963861, 0.000728297862224, 0.000927615503315, 0.000685510807671, 0.000758581387345, 0.0010728900088, 0.000368350505596, 0.000273792131338, 0.000237502215896, 0.000122949160868, 0.000100012272014, 9.60860415944e-05, 8.48023191793e-05, 9.06536515686e-05, 5.68846735405e-05, 4.62815005449e-05, 3.19748141919e-05, 3.8909362047e-05, 3.93156115024e-05, 3.1959865737e-05, 9.95388563751e-06],
        "dmean2": [0.00940694939345, 0.0397284068167, 0.00538568710908, 0.0022324018646, 0.00174235622399, 0.000661636877339, 0.00111137155909, 0.00119254318997, 0.00143554375973, 0.00112296664156, 0.00125875941012, 0.00180481676944, 0.000628699082881, 0.000464500306407, 0.000403349753469, 0.000212227852899, 0.000167602338479, 0.00016220418911, 0.000141069715028, 0.000152006934513, 9.55531722866e-05, 7.58717724239e-05, 5.19309433002e-05, 6.33904928691e-05, 6.09700837231e-05, 4.96942084283e-05, 1.646633973e-05],
        "dvar": [0.000147570914123, 0.00176995235961, 0.000120449840324, 1.88491831068e-05, 5.51706534679e-06, 6.71549912568e-07, 2.94864116768e-06, 4.90727688884e-06, 8.20650620881e-06, 7.50093659008e-06, 3.02579042e-06, 1.29671980176e-05, 8.70945825682e-07, 3.37583827559e-07, 3.31421716737e-07, 6.29871976798e-08, 3.40242287677e-08, 3.64906576067e-08, 3.56055274153e-08, 3.32307514839e-08, 2.20207851953e-08, 1.60679434202e-08, 5.83296522194e-09, 1.42306273432e-08, 2.41065940543e-08, 1.74476912917e-08, 3.82415032973e-09],
        "dvar2": [0.000365380197763, 0.00482187140733, 0.000337940437021, 5.45636539755e-05, 1.4358347471e-05, 1.60236356805e-06, 7.83123778092e-06, 1.18990365081e-05, 2.0638015485e-05, 1.98491288756e-05, 8.15357998363e-06, 3.59236182703e-05, 2.37999893216e-06, 9.31703993956e-07, 9.67515802586e-07, 1.82674810389e-07, 9.43088522831e-08, 8.90051197189e-08, 8.78148753714e-08, 9.19839706626e-08, 6.17361521904e-08, 4.25981845353e-08, 1.48320911109e-08, 3.63675702886e-08, 6.15148749716e-08, 4.16221439536e-08, 1.02897868004e-08],
        "max": [0.487319052219, 0.490730673075, 0.309108555317, 0.174416139722, 0.0463626496494, 0.0220945812762, 0.0401204265654, 0.10888300091, 0.0856857076287, 0.0955583378673, 0.0343344807625, 0.0936388671398, 0.0287160631269, 0.00991174951196, 0.0173278879374, 0.00441862735897, 0.0040296362713, 0.0111136641353, 0.00754073774442, 0.00443321606144, 0.00439768796787, 0.00421087956056, 0.0017064466374, 0.00467863446102, 0.00868462398648, 0.00685436651111, 0.00369716063142],
        "mean": [0.0101954052225, 0.0467758662999, 0.00428948132321, 0.00173555873334, 0.00196600798517, 0.000794488354586, 0.00119174597785, 0.00120314606465, 0.00172296061646, 0.00116086460184, 0.00127499981318, 0.00174043711741, 0.000621577724814, 0.000457652000478, 0.000430402578786, 0.000228053526371, 0.00020331540145, 0.000211948048673, 0.000195444503333, 0.000206972166779, 0.000134537054691, 0.000107543964987, 7.85200390965e-05, 9.09803857212e-05, 9.26037610043e-05, 6.42737359158e-05, 1.38044342748e-05],
        "median": [0.00253619370051, 0.0161907710135, 0.00168200931512, 0.000708947831299, 0.000916453776881, 0.000278080726275, 0.000294036290143, 0.000311092764605, 0.000419577525463, 0.000304716231767, 0.000323457177728, 0.000361715792678, 0.000203014700674, 0.000178696980583, 0.00019926558889, 0.000120127697301, 0.00010413111886, 0.000110446606413, 9.28810113692e-05, 8.71707452461e-05, 4.9950540415e-05, 3.62160208169e-05, 2.50386856351e-05, 2.58099335042e-05, 2.0483870685e-05, 1.01527311926e-05, 6.09840412835e-07],
        "min": [9.03533907367e-24, 1.81829141215e-23, 1.91278495791e-23, 2.33899277882e-23, 4.02800708577e-23, 2.74569506722e-23, 2.63878516635e-23, 4.96618232095e-23, 4.46778694301e-23, 3.93939970454e-23, 5.97460909074e-23, 8.9839878575e-23, 8.43297103956e-23, 5.37550772963e-23, 9.24190309056e-23, 1.78340271333e-22, 1.84210784863e-22, 1.24554901778e-22, 2.28900272636e-22, 3.18539408199e-22, 3.46013148987e-22, 5.44306552512e-22, 7.28993809362e-22, 8.19931271135e-22, 1.2908732041e-21, 1.86158511468e-21, 2.28104181979e-21],
        "var": [0.000378396303859, 0.00436431542039, 0.000103187310742, 1.59315568453e-05, 1.11089611892e-05, 2.01656735044e-06, 7.04525382389e-06, 1.3007896996e-05, 1.78094815055e-05, 1.62807900779e-05, 7.06511173121e-06, 2.46561612585e-05, 1.88591070582e-06, 5.77215985231e-07, 5.74453338231e-07, 1.03456933687e-07, 8.18506862288e-08, 1.44965866866e-07, 9.86734889352e-08, 1.01232679128e-07, 5.05565509457e-08, 3.59915510728e-08, 1.81214137029e-08, 3.43377735135e-08, 5.33910942124e-08, 3.65860266527e-08, 4.06600042524e-09]
    },
    "erbbands": {
        "dmean": [1.20013070107, 3.8939871788, 3.8773329258, 3.79002857208, 3.96953082085, 3.93383145332, 2.81077575684, 3.74272298813, 5.27058172226, 14.5806560516, 17.0818061829, 19.5232276917, 18.7427539825, 27.6839084625, 32.8532295227, 40.0539550781, 16.3982448578, 15.449842453, 11.070397377, 10.4920463562, 6.21449565887, 4.95114088058, 5.03016138077, 4.15161466599, 4.48682880402, 4.33186435699, 2.91989088058, 1.86834084988, 1.7579138279, 1.1700206995, 0.959766507149, 0.851155459881, 0.665898084641, 0.462546914816, 0.295201092958, 0.153897896409, 0.05769982934, 0.0155893815681, 0.00153564673383, 4.44286015409e-05],
        "dmean2": [1.98044228554, 6.53964090347, 6.59848165512, 6.50643825531, 6.38025426865, 6.32063531876, 4.53879308701, 5.97732973099, 8.73354625702, 23.7415390015, 27.9371566772, 30.990480423, 29.7218074799, 45.0275421143, 55.1806030273, 67.2036514282, 27.9749507904, 26.2554912567, 18.6761054993, 17.9267120361, 10.6489667892, 8.30857944489, 8.50846290588, 6.8777885437, 7.5201792717, 7.27519655228, 4.86212348938, 3.15571475029, 2.9084444046, 1.90207028389, 1.56053316593, 1.3979126215, 1.08940660954, 0.731406986713, 0.46348798275, 0.245824366808, 0.0900356471539, 0.0248759128153, 0.00254374765791, 7.18783267075e-05],
        "dvar": [4.41285943985, 57.3935165405, 145.113693237, 179.910812378, 84.4136886597, 111.80091095, 32.4146156311, 63.5530967712, 176.531494141, 1285.24401855, 3227.97973633, 5683.95019531, 2142.21289062, 9943.58789062, 6849.72265625, 19697.1914062, 1677.7121582, 1215.63781738, 1094.17089844, 436.300689697, 141.083175659, 85.9105606079, 87.8344039917, 75.0387115479, 94.7829742432, 77.2230834961, 53.5815887451, 26.7793388367, 21.8294200897, 9.64367198944, 5.28981971741, 5.60871601105, 4.49751806259, 2.46330475807, 1.61455047131, 0.521949648857, 0.0678937584162, 0.00643454166129, 8.75415717019e-05, 1.74839858147e-08],
        "dvar2": [11.7981863022, 154.764434814, 394.808502197, 508.463134766, 226.32699585, 291.279541016, 80.8891143799, 148.530258179, 449.284729004, 3415.80859375, 7839.10791016, 15111.1435547, 5043.50244141, 26223.0175781, 19113.5039062, 53158.0039062, 4558.34472656, 3358.71972656, 3164.47119141, 1246.9798584, 403.904693604, 236.505966187, 231.661224365, 183.022323608, 242.706726074, 215.972518921, 149.917358398, 73.8039169312, 58.3182373047, 25.0829601288, 13.4956769943, 14.061126709, 11.869436264, 6.10096788406, 4.24424505234, 1.3763178587, 0.166016638279, 0.0161848198622, 0.000231717174756, 4.48514008156e-08],
        "max": [27.3345279694, 128.197784424, 261.278533936, 407.276153564, 341.767303467, 268.402282715, 154.67098999, 236.265777588, 557.923339844, 1050.61022949, 3002.39526367, 2498.1809082, 1492.70812988, 3569.64672852, 2351.88061523, 4736.54052734, 1361.6171875, 931.875549316, 1090.20983887, 451.798309326, 261.548919678, 261.119689941, 362.059326172, 383.832305908, 321.204284668, 215.127502441, 215.229385376, 171.923736572, 169.614639282, 84.7172241211, 51.4489212036, 83.7048492432, 76.5338439941, 62.1123733521, 77.1405792236, 45.6300468445, 11.0441131592, 3.93360805511, 0.588452517986, 0.00777112087235],
        "mean": [2.29173135757, 6.73737812042, 5.96324729919, 5.57839345932, 6.80436134338, 6.34213638306, 5.09332609177, 7.0219168663, 9.19160652161, 26.6052703857, 29.4107284546, 35.6813774109, 36.5041732788, 51.1873207092, 59.1369514465, 65.8874893188, 30.2992401123, 27.8819408417, 20.8512859344, 19.8994255066, 12.7146520615, 10.8524389267, 11.493062973, 10.2090768814, 10.4122304916, 9.99844837189, 6.80238246918, 4.37349748611, 3.99155473709, 2.7316327095, 2.27618455887, 1.96724128723, 1.47088873386, 1.05651092529, 0.645275652409, 0.312515109777, 0.110729262233, 0.027261538431, 0.00216752407141, 0.000120138356579],
        "median": [0.712470412254, 2.40935015678, 2.64309167862, 2.59825801849, 3.07135152817, 2.49653410912, 1.90186095238, 2.41623210907, 3.49016952515, 6.84140729904, 7.72773122787, 9.35516262054, 12.423614502, 17.6017913818, 19.5265274048, 15.9682407379, 11.9040288925, 11.172747612, 8.91588020325, 9.39439201355, 7.08049249649, 5.98028707504, 6.32568216324, 5.36076545715, 4.81101083755, 4.18533420563, 2.77058148384, 1.50923585892, 1.35070288181, 0.892710924149, 0.741375803947, 0.581964731216, 0.398814439774, 0.24594694376, 0.132926389575, 0.0558919720352, 0.0161248259246, 0.0028638150543, 0.000135146881803, 5.73305951548e-05],
        "min": [4.4578209161e-22, 4.71233808979e-21, 1.4805518376e-20, 6.90599134748e-20, 1.06024889603e-19, 1.60458614873e-19, 9.86735804026e-20, 2.8772441047e-19, 2.86862022982e-19, 4.41733317161e-19, 1.41809941701e-18, 1.33788285332e-18, 9.46686911166e-19, 1.67940236039e-18, 2.26725263497e-18, 4.34476409948e-18, 3.35648179083e-18, 3.59736877932e-18, 4.56498439396e-18, 8.00866756497e-18, 8.45613670759e-18, 1.01717159155e-17, 7.80884223567e-18, 9.75268772385e-18, 1.30659472597e-17, 1.51316132911e-17, 1.29550314386e-17, 1.48134531577e-17, 1.50285002646e-17, 2.03789939798e-17, 1.96701812586e-17, 1.38514288704e-17, 1.36675433115e-17, 1.06677761288e-17, 9.83872360654e-18, 6.32340039064e-18, 3.73036081026e-18, 1.37173553008e-18, 3.37831289665e-19, 3.24657662928e-20],
        "var": [11.6559448242, 107.186851501, 146.192474365, 158.324325562, 152.552154541, 180.138275146, 79.5260696411, 180.164505005, 337.313812256, 3460.64306641, 8528.2265625, 9995.19140625, 5911.10009766, 22001.1621094, 14296.1708984, 36635.21875, 3650.64282227, 2510.68969727, 1935.66918945, 928.192871094, 282.833618164, 221.985549927, 313.417266846, 296.969726562, 274.046844482, 230.063217163, 121.856193542, 60.0468025208, 50.5934143066, 22.3050441742, 15.6405334473, 14.83477211, 9.39683055878, 6.30338096619, 2.94651412964, 0.822556257248, 0.124735213816, 0.00994022376835, 9.68512249528e-05, 3.4918119951e-08]
    },
    "gfcc": {
        "mean": [-44.1378097534, 109.422775269, -96.6091079712, 27.6184978485, -36.401348114, 28.4897193909, -12.613861084, 18.0285339355, -16.3926792145, 6.64624738693, -9.86365318298, 0.701562106609, -7.81656217575],
        "cov": [[30436.9296875, -4744.37158203, -967.045349121, 648.245422363, -266.388183594, 1188.89697266, -1380.36523438, 1220.67211914, -1091.97021484, 766.147644043, -620.711242676, 646.714538574, -391.674438477], [-4744.37158203, 2272.67651367, 14.2731542587, -353.401916504, 153.628814697, -397.675292969, 331.926025391, -322.106109619, 280.600250244, -287.248596191, 219.848449707, -172.255249023, 153.11605835], [-967.045349121, 14.2731542587, 678.290161133, 26.5377388, 87.0125732422, -54.007598877, 26.6287994385, -28.5968208313, 39.7547111511, 42.2951011658, -9.83738899231, -0.461717069149, -6.8961930275], [648.245422363, -353.401916504, 26.5377388, 375.3097229, 32.8651809692, 80.0091781616, -27.0224609375, 29.7183322906, -2.32524728775, 43.0185661316, -12.3982410431, -2.81323361397, 9.87763595581], [-266.388183594, 153.628814697, 87.0125732422, 32.8651809692, 229.362030029, 4.34067630768, 47.828792572, -27.1464881897, 44.5893135071, -13.3900279999, 12.9201316833, -21.102689743, 32.5985221863], [1188.89697266, -397.675292969, -54.007598877, 80.0091781616, 4.34067630768, 224.7578125, -14.8825340271, 60.2558135986, -67.149230957, 39.1255187988, -36.4282531738, 32.2769050598, -14.0876750946], [-1380.36523438, 331.926025391, 26.6287994385, -27.0224609375, 47.828792572, -14.8825340271, 255.494247437, -36.8618507385, 114.075111389, -43.3639144897, 62.3168869019, -36.7423324585, 40.8488883972], [1220.67211914, -322.106109619, -28.5968208313, 29.7183322906, -27.1464881897, 60.2558135986, -36.8618507385, 145.859146118, -26.7350063324, 53.7538261414, -39.0526313782, 25.7449741364, -27.8187217712], [-1091.97021484, 280.600250244, 39.7547111511, -2.32524728775, 44.5893135071, -67.149230957, 114.075111389, -26.7350063324, 186.584396362, 19.529132843, 65.4476852417, -42.2377204895, 38.2936897278], [766.147644043, -287.248596191, 42.2951011658, 43.0185661316, -13.3900279999, 39.1255187988, -43.3639144897, 53.7538261414, 19.529132843, 123.523857117, -3.25521731377, 27.3440494537, -18.8430519104], [-620.711242676, 219.848449707, -9.83738899231, -12.3982410431, 12.9201316833, -36.4282531738, 62.3168869019, -39.0526313782, 65.4476852417, -3.25521731377, 105.694076538, 7.12747240067, 30.6539268494], [646.714538574, -172.255249023, -0.461717069149, -2.81323361397, -21.102689743, 32.2769050598, -36.7423324585, 25.7449741364, -42.2377204895, 27.3440494537, 7.12747240067, 85.1711807251, 6.30722808838], [-391.674438477, 153.11605835, -6.8961930275, 9.87763595581, 32.5985221863, -14.0876750946, 40.8488883972, -27.8187217712, 38.2936897278, -18.8430519104, 30.6539268494, 6.30722808838, 78.6736450195]],
        "icov": [[9.48507731664e-05, -8.04925948614e-05, 0.000117816416605, -9.42809565458e-05, -0.000101051846286, -0.000206589378649, 0.000244554132223, -0.000491180981044, 0.000262565357843, -0.000373020477127, 0.000159129922395, -0.00034931715345, 0.000104112383269], [-8.04925948614e-05, 0.00198166281916, -9.51609690674e-05, 0.00122878956608, -0.000427341292379, 0.00151915266179, -0.000528315373231, 0.00155554059893, -0.00102698244154, 0.00274337409064, -0.00202399445698, 0.00216049235314, -0.00137430604082], [0.000117816416605, -9.51609690674e-05, 0.00191350968089, -0.000291887292406, -0.000855254998896, 0.000502431532368, -0.000214444138692, 5.50049662706e-05, 0.000351263413904, -0.00154398404993, 0.00106789078563, -0.00106759706978, 0.00067999312887], [-9.42809565458e-05, 0.00122878956608, -0.000291887292406, 0.0039189895615, -0.000488030607812, -0.000167438818607, 0.000126355371322, 0.000892391544767, -0.000760940194596, 0.00103601871524, -0.0015270516742, 0.00261864787899, -0.00195274373982], [-0.000101051846286, -0.000427341292379, -0.000855254998896, -0.000488030607812, 0.00553570035845, -0.00103701965418, -0.000208665747778, 0.000585101894103, -0.000964715087321, 0.000445097830379, 0.000459096685518, 0.000832680263557, -0.00151872762945], [-0.000206589378649, 0.00151915266179, 0.000502431532368, -0.000167438818607, -0.00103701965418, 0.00846625398844, -0.00298187928274, 0.000768392405007, 0.00225752289407, -0.00024798681261, -0.000368977867765, 0.00097667996306, -0.0012471472146], [0.000244554132223, -0.000528315373231, -0.000214444138692, 0.000126355371322, -0.000208665747778, -0.00298187928274, 0.00792191457003, -0.00203398289159, -0.00365997687913, 0.00246046553366, -0.00150777376257, -0.000284087640466, -8.78290084074e-05], [-0.000491180981044, 0.00155554059893, 5.50049662706e-05, 0.000892391544767, 0.000585101894103, 0.000768392405007, -0.00203398289159, 0.0135877253488, -0.0026120734401, 4.23659621447e-05, 0.00178941665217, 0.000261047243839, 0.000739242997952], [0.000262565357843, -0.00102698244154, 0.000351263413904, -0.000760940194596, -0.000964715087321, 0.00225752289407, -0.00365997687913, -0.0026120734401, 0.0151855740696, -0.00894831679761, -0.00330780749209, 0.00495660956949, -0.00343026127666], [-0.000373020477127, 0.00274337409064, -0.00154398404993, 0.00103601871524, 0.000445097830379, -0.00024798681261, 0.00246046553366, 4.23659621447e-05, -0.00894831679761, 0.0196991935372, -0.00376682123169, -0.000910315313376, 0.00166124757379], [0.000159129922395, -0.00202399445698, 0.00106789078563, -0.0015270516742, 0.000459096685518, -0.000368977867765, -0.00150777376257, 0.00178941665217, -0.00330780749209, -0.00376682123169, 0.018257452175, -0.00827517267317, 0.000433537876233], [-0.00034931715345, 0.00216049235314, -0.00106759706978, 0.00261864787899, 0.000832680263557, 0.00097667996306, -0.000284087640466, 0.000261047243839, 0.00495660956949, -0.000910315313376, -0.00827517267317, 0.0224769786, -0.00750482920557], [0.000104112383269, -0.00137430604082, 0.00067999312887, -0.00195274373982, -0.00151872762945, -0.0012471472146, -8.78290084074e-05, 0.000739242997952, -0.00343026127666, 0.00166124757379, 0.000433537876233, -0.00750482920557, 0.0194217655808]]
    },
    "melbands": {
        "dmean": [0.00830089952797, 0.00277182320133, 0.000633437710349, 0.00027289238642, 0.000108186672151, 8.16002939246e-05, 9.71985573415e-05, 0.000154696026584, 0.000133389112307, 0.000134047397296, 9.55314026214e-05, 0.000114705959277, 0.000119276359328, 0.000128571758978, 6.03563494224e-05, 3.59151235898e-05, 2.78893567156e-05, 1.87217847269e-05, 1.55928119057e-05, 1.11779863801e-05, 7.67656456446e-06, 5.82231996304e-06, 5.21824904354e-06, 5.47149147678e-06, 3.57706085197e-06, 3.7297131712e-06, 3.55134420715e-06, 3.02207649838e-06, 2.20598167289e-06, 1.47215587276e-06, 1.120715865e-06, 1.10664871045e-06, 9.39187600579e-07, 6.2528528133e-07, 5.98861277012e-07, 6.00998191658e-07, 5.57920600386e-07, 5.02296529703e-07, 4.61504527038e-07, 4.05155276439e-07],
        "dmean2": [0.0137026701123, 0.00469077425078, 0.0010666588787, 0.000437401351519, 0.000173716500285, 0.000130300133605, 0.000160273179063, 0.000252128287684, 0.000217027933104, 0.000210635975236, 0.000151329339133, 0.000186351724551, 0.000199050744413, 0.000216394124436, 0.000103609476355, 6.06931971561e-05, 4.74858061352e-05, 3.16132500302e-05, 2.65145645244e-05, 1.92174629774e-05, 1.31211309053e-05, 9.81648008747e-06, 8.80420702742e-06, 9.27348628466e-06, 5.96872541792e-06, 6.24133781457e-06, 6.00654584559e-06, 5.10240761287e-06, 3.67794996237e-06, 2.48003743764e-06, 1.89251545635e-06, 1.84677514881e-06, 1.56172018251e-06, 1.02039530248e-06, 9.77260469881e-07, 9.94237666418e-07, 9.27026746922e-07, 8.30177100397e-07, 7.51133939048e-07, 6.42968984721e-07],
        "dvar": [0.000205890552024, 4.32246743003e-05, 4.44192573923e-06, 3.74359103716e-07, 4.91473564068e-08, 2.89849388935e-08, 5.70115936682e-08, 1.26484081875e-07, 1.99591653427e-07, 2.07066733537e-07, 5.68999141137e-08, 1.92532013443e-07, 7.76672948177e-08, 1.96541847686e-07, 3.53698688116e-08, 6.58376908547e-09, 3.8150109738e-09, 2.96793922772e-09, 9.33301658179e-10, 5.69464475575e-10, 2.01571384584e-10, 1.3087680939e-10, 9.36699537379e-11, 1.34188840595e-10, 5.85316239921e-11, 6.77220293732e-11, 5.6064434345e-11, 3.83838030804e-11, 2.58563066791e-11, 1.46122107469e-11, 8.43578679133e-12, 8.23472887101e-12, 6.92589605458e-12, 2.36516904152e-12, 2.03488918424e-12, 2.40005519798e-12, 2.52669976955e-12, 2.29466294056e-12, 2.36484508191e-12, 1.85100220741e-12],
        "dvar2": [0.000553326506633, 0.000114162598038, 1.23916561279e-05, 9.81639459496e-07, 1.23886422898e-07, 6.87408743261e-08, 1.48267616851e-07, 3.31106292606e-07, 4.84645340748e-07, 5.44087868093e-07, 1.35599648843e-07, 5.09702317686e-07, 2.12901809959e-07, 5.45576199329e-07, 1.007985162e-07, 1.77965571169e-08, 1.0563899977e-08, 8.5267357619e-09, 2.66753130695e-09, 1.63626412419e-09, 5.67369151661e-10, 3.62490176764e-10, 2.49778808747e-10, 3.37834538122e-10, 1.44934328428e-10, 1.7095999616e-10, 1.5453845148e-10, 1.07725925402e-10, 7.18415951728e-11, 4.11583718496e-11, 2.32176552289e-11, 2.22273501688e-11, 1.86908873795e-11, 6.03792016385e-12, 5.30670386106e-12, 6.01792097057e-12, 6.59766642361e-12, 6.08857712511e-12, 6.21846367801e-12, 4.53837705264e-12],
        "max": [0.178199768066, 0.121421843767, 0.0704795718193, 0.0118555147201, 0.00454365508631, 0.00497085368261, 0.00810791831464, 0.00963159650564, 0.0229164958, 0.0140910102054, 0.00745461788028, 0.0158204305917, 0.00543568795547, 0.0118943955749, 0.0065747606568, 0.00232476182282, 0.0015030298382, 0.00176698423456, 0.000814724888187, 0.000376611424144, 0.000291799544357, 0.000345401058439, 0.000221039314056, 0.000686111918185, 0.000277077575447, 0.000299634266412, 0.000208416560781, 0.000132650515297, 0.000130064072437, 0.000114553797175, 8.45216927701e-05, 9.64276841842e-05, 7.9430785263e-05, 3.90068489651e-05, 3.20927101711e-05, 6.27410627203e-05, 4.90628226544e-05, 4.23844285251e-05, 7.15987480362e-05, 5.92666001467e-05],
        "mean": [0.0166081637144, 0.00496277213097, 0.0010327079799, 0.00047644393635, 0.000196203094674, 0.000153296161443, 0.000172363477759, 0.000282460969174, 0.000226392090553, 0.0002419083321, 0.000181785741006, 0.000204185489565, 0.000203239527764, 0.000209495570743, 9.51105321292e-05, 6.29854985164e-05, 4.77855355712e-05, 3.23298991134e-05, 2.8980197385e-05, 2.02523078769e-05, 1.42367434819e-05, 1.12364323286e-05, 1.03295878944e-05, 1.08781541712e-05, 7.79037691245e-06, 7.80185200711e-06, 7.37543814466e-06, 6.32858518657e-06, 4.55049939774e-06, 3.10603377329e-06, 2.33954028772e-06, 2.3323420919e-06, 1.91553817785e-06, 1.35255697842e-06, 1.29963530071e-06, 1.28621570639e-06, 1.16025830721e-06, 1.04003504475e-06, 9.40936786265e-07, 8.76674789652e-07],
        "median": [0.00576694356278, 0.00220544706099, 0.000530565506779, 0.000213471605093, 7.82524439273e-05, 5.23538001289e-05, 5.93850927544e-05, 7.8444078099e-05, 5.18147826369e-05, 5.82576794841e-05, 5.92247088207e-05, 6.45370892016e-05, 5.93339027546e-05, 4.06497674703e-05, 2.74341418844e-05, 2.26337542699e-05, 1.78627760761e-05, 1.1777266991e-05, 1.39802086778e-05, 9.29790985538e-06, 7.09677851773e-06, 5.56725035494e-06, 5.10683594257e-06, 5.34372065886e-06, 3.82761527362e-06, 3.44691693499e-06, 3.07816617351e-06, 2.58386421592e-06, 1.78514801519e-06, 1.12586621981e-06, 7.51660650167e-07, 7.88211764302e-07, 6.14326438608e-07, 4.15425461142e-07, 4.18512854594e-07, 3.95918590357e-07, 3.22810052467e-07, 2.79268959957e-07, 2.4122093123e-07, 1.94214507587e-07],
        "min": [4.33081284307e-24, 9.87473835278e-24, 1.41732051377e-23, 9.99762473801e-24, 3.54435401931e-24, 6.46906923605e-24, 4.5413846678e-24, 5.30246189194e-24, 1.17754213955e-23, 7.15255291826e-24, 4.67164138047e-24, 6.00814451445e-24, 6.8445264006e-24, 1.14338596119e-23, 8.30926360789e-24, 8.35842541951e-24, 4.18104247262e-24, 7.17272251389e-24, 7.39208422125e-24, 1.21479428142e-23, 8.96017640662e-24, 9.24774854987e-24, 9.5938802047e-24, 5.44489388382e-24, 7.62277712665e-24, 8.55868880435e-24, 1.10844423514e-23, 9.52278253789e-24, 8.50920671521e-24, 8.00704626194e-24, 8.77612647996e-24, 6.33280179772e-24, 9.56753619477e-24, 1.26593842161e-23, 1.20126997118e-23, 8.32766536623e-24, 8.99838251798e-24, 1.01189373457e-23, 8.24185859899e-24, 8.94180068069e-24],
        "var": [0.000549092539586, 6.29530914011e-05, 4.30865702583e-06, 7.15094074621e-07, 1.09984384267e-07, 8.25254673487e-08, 1.19127932408e-07, 3.44220836723e-07, 5.22662730873e-07, 3.95991435198e-07, 1.54582707523e-07, 4.19174256194e-07, 1.71781394442e-07, 3.83022381811e-07, 5.45501421811e-08, 1.5157505473e-08, 7.6210904254e-09, 5.26926635658e-09, 1.85958071164e-09, 1.03609543167e-09, 3.90174198506e-10, 2.86526635751e-10, 2.24813057059e-10, 4.74995986988e-10, 1.86896526033e-10, 1.65243013717e-10, 1.51952700422e-10, 9.66396684898e-11, 5.61645625841e-11, 2.89367904638e-11, 1.86186205342e-11, 1.77645780031e-11, 1.27824426391e-11, 5.72403322657e-12, 5.3063404365e-12, 6.03510210556e-12, 5.56182790795e-12, 4.6668884035e-12, 4.64143697435e-12, 4.6433104757e-12]
    },
    "mfcc": {
        "mean": [-685.547851562, 136.226760864, 10.022441864, 18.314201355, 9.68399906158, 15.1264314651, 18.9332561493, 14.8154945374, 10.5315608978, 10.8720397949, 5.31470680237, 5.76170682907, 5.4876241684],
        "cov": [[21637.3671875, -925.118347168, -1641.99108887, 31.2942314148, -142.957000732, 156.233627319, 173.732269287, 12.4980678558, -137.399871826, -19.8124351501, -106.819915771, -69.3422851562, -78.9974822998], [-925.118347168, 1692.38879395, -9.67997360229, -41.6875610352, -4.99553060532, -81.9971618652, -22.9277820587, 12.1480855942, -27.4447536469, -69.754119873, -13.9250898361, -0.968438088894, -28.5270385742], [-1641.99108887, -9.67997360229, 604.379699707, 38.3360290527, 43.2312660217, 16.9936599731, -5.10491228104, -16.2464313507, 32.9794769287, 12.6496038437, 48.1808052063, 29.2287883759, 26.19140625], [31.2942314148, -41.6875610352, 38.3360290527, 265.800140381, 72.8520278931, 21.9252510071, -3.2364397049, -7.14957666397, 13.3054494858, 16.3807430267, -2.18586397171, 6.23942661285, 23.1628780365], [-142.957000732, -4.99553060532, 43.2312660217, 72.8520278931, 162.169570923, 51.366859436, 5.68572330475, -17.2852706909, 8.11357307434, 11.4297761917, -6.53037214279, -14.1473026276, 7.69678544998], [156.233627319, -81.9971618652, 16.9936599731, 21.9252510071, 51.366859436, 137.768768311, 53.2244644165, 17.6633319855, 19.4432296753, 17.7005233765, 2.05647373199, 1.9272364378, 20.3248958588], [173.732269287, -22.9277820587, -5.10491228104, -3.2364397049, 5.68572330475, 53.2244644165, 110.167602539, 53.9446411133, 18.6722259521, 4.74552869797, -7.15709066391, -4.80240106583, 7.7308921814], [12.4980678558, 12.1480855942, -16.2464313507, -7.14957666397, -17.2852706909, 17.6633319855, 53.9446411133, 90.0186462402, 26.253030777, -0.058769967407, -3.54660558701, 2.27881669998, 5.97215127945], [-137.399871826, -27.4447536469, 32.9794769287, 13.3054494858, 8.11357307434, 19.4432296753, 18.6722259521, 26.253030777, 86.0779266357, 51.7800521851, 18.2079696655, -0.93622648716, 13.4911441803], [-19.8124351501, -69.754119873, 12.6496038437, 16.3807430267, 11.4297761917, 17.7005233765, 4.74552869797, -0.058769967407, 51.7800521851, 98.2007904053, 41.3967857361, 0.251440048218, 11.9649391174], [-106.819915771, -13.9250898361, 48.1808052063, -2.18586397171, -6.53037214279, 2.05647373199, -7.15709066391, -3.54660558701, 18.2079696655, 41.3967857361, 78.3584899902, 36.3433647156, 6.30864858627], [-69.3422851562, -0.968438088894, 29.2287883759, 6.23942661285, -14.1473026276, 1.9272364378, -4.80240106583, 2.27881669998, -0.93622648716, 0.251440048218, 36.3433647156, 83.8687515259, 35.4690055847], [-78.9974822998, -28.5270385742, 26.19140625, 23.1628780365, 7.69678544998, 20.3248958588, 7.7308921814, 5.97215127945, 13.4911441803, 11.9649391174, 6.30864858627, 35.4690055847, 87.1231231689]],
