{
"lowlevel": {
    "average_loudness": 0.692044913769,
    "barkbands_crest": {
        "dmean": 3.42845439911,
        "dmean2": 5.52684593201,
        "dvar": 12.492682457,
        "dvar2": 29.6054382324,
        "max": 26.8066883087,
        "mean": 14.2067728043,
        "median": 14.5274267197,
        "min": 1.84600448608,
        "var": 48.0362625122
    },
    "barkbands_flatness_db": {
        "dmean": 0.0362054631114,
        "dmean2": 0.0540705062449,
        "dvar": 0.00175170355942,
        "dvar2": 0.00392190506682,
        "max": 0.640395343304,
        "mean": 0.145924836397,
        "median": 0.124899595976,
        "min": 0.00865331385285,
        "var": 0.0100150397047
    },
    "barkbands_kurtosis": {
        "dmean": 15.135392189,
        "dmean2": 22.2937259674,
        "dvar": 2706.30737305,
        "dvar2": 5610.92041016,
        "max": 2580.58349609,
        "mean": 23.0974369049,
        "median": 4.59678554535,
        "min": -1.90979611874,
        "var": 4833.85205078
    },
    "barkbands_skewness": {
        "dmean": 1.23408949375,
        "dmean2": 1.8257843256,
        "dvar": 3.04065036774,
        "dvar2": 6.48150539398,
        "max": 39.2942428589,
        "mean": 3.03923201561,
        "median": 2.29938006401,
        "min": -2.67307853699,
        "var": 10.6204023361
    },
    "barkbands_spread": {
        "dmean": 10.37931633,
        "dmean2": 16.4767436981,
        "dvar": 143.073654175,
        "dvar2": 348.994934082,
        "max": 117.472648621,
        "mean": 29.4485492706,
        "median": 24.9024467468,
        "min": 0.0405518561602,
        "var": 494.342102051
    },
    "dissonance": {
        "dmean": 0.0130325173959,
        "dmean2": 0.0220948681235,
        "dvar": 0.000300009734929,
        "dvar2": 0.000857818638906,
        "max": 0.500000059605,
        "mean": 0.479507654905,
        "median": 0.485447227955,
        "min": 0.145217165351,
        "var": 0.000569341762457
    },
    "dynamic_complexity": 5.35825490952,
    "erbbands_crest": {
        "dmean": 2.53065705299,
        "dmean2": 4.06201219559,
        "dvar": 8.43960475922,
        "dvar2": 19.2103157043,
        "max": 33.0055961609,
        "mean": 7.08130455017,
        "median": 5.57368946075,
        "min": 2.14305210114,
        "var": 18.9346427917
    },
    "erbbands_flatness_db": {
        "dmean": 0.0161877386272,
        "dmean2": 0.0242627561092,
        "dvar": 0.000282542110654,
        "dvar2": 0.000614123011474,
        "max": 0.390862435102,
        "mean": 0.108241245151,
        "median": 0.0959506481886,
        "min": 0.0291030406952,
        "var": 0.002369731199
    },
    "erbbands_kurtosis": {
        "dmean": 1.01556360722,
        "dmean2": 1.62354183197,
        "dvar": 11.1300258636,
        "dvar2": 23.5225486755,
        "max": 244.500198364,
        "mean": 0.261080116034,
        "median": -0.348145723343,
        "min": -1.87995767593,
        "var": 14.329782486
    },
    "erbbands_skewness": {
        "dmean": 0.398578882217,
        "dmean2": 0.595211029053,
        "dvar": 0.230672881007,
        "dvar2": 0.479411363602,
        "max": 13.6201648712,
        "mean": 0.017714176327,
        "median": -0.0371725745499,
        "min": -3.4695045948,
        "var": 0.710478246212
    },
    "erbbands_spread": {
        "dmean": 13.2860431671,
        "dmean2": 20.0708637238,
        "dvar": 225.227340698,
        "dvar2": 504.073242188,
        "max": 185.671340942,
        "mean": 57.3272705078,
        "median": 51.9686088562,
        "min": 1.78235316277,
        "var": 818.476989746
    },
    "hfc": {
        "dmean": 7.89028787613,
        "dmean2": 11.9639167786,
        "dvar": 143.321044922,
        "dvar2": 362.11239624,
        "max": 144.702133179,
        "mean": 21.9528923035,
        "median": 15.1472110748,
        "min": 1.07214353352e-16,
        "var": 433.176208496
    },
    "melbands_crest": {
        "dmean": 4.61446428299,
        "dmean2": 7.47849607468,
        "dvar": 22.1159229279,
        "dvar2": 54.9938964844,
        "max": 39.4077568054,
        "mean": 22.2156524658,
        "median": 23.821598053,
        "min": 1.52595460415,
        "var": 85.7101135254
    },
    "melbands_flatness_db": {
        "dmean": 0.0449570417404,
        "dmean2": 0.0675078853965,
        "dvar": 0.00277754059061,
        "dvar2": 0.00638100411743,
        "max": 0.809427082539,
        "mean": 0.221486866474,
        "median": 0.209473595023,
        "min": 0.00265464303084,
        "var": 0.0167787224054
    },
    "melbands_kurtosis": {
        "dmean": 46.4653549194,
        "dmean2": 68.3291091919,
        "dvar": 8568.59570312,
        "dvar2": 17445.0625,
        "max": 1804.32092285,
        "mean": 80.7881774902,
        "median": 23.8928413391,
        "min": -1.90208816528,
        "var": 20750.7519531
    },
    "melbands_skewness": {
        "dmean": 1.96800875664,
        "dmean2": 2.91394591331,
        "dvar": 6.63609981537,
        "dvar2": 14.2416954041,
        "max": 34.9148750305,
        "mean": 5.88557767868,
        "median": 4.43680524826,
        "min": -1.40383946896,
        "var": 24.0070781708
    },
    "melbands_spread": {
        "dmean": 11.4419851303,
        "dmean2": 18.510597229,
        "dvar": 260.284851074,
        "dvar2": 653.502075195,
        "max": 281.740264893,
        "mean": 27.3451461792,
        "median": 14.9078712463,
        "min": 0.0651506558061,
        "var": 1004.40301514
    },
    "pitch_salience": {
        "dmean": 0.102663449943,
        "dmean2": 0.164178878069,
        "dvar": 0.0131691973656,
        "dvar2": 0.03210837394,
        "max": 0.991343379021,
        "mean": 0.410982847214,
        "median": 0.404563575983,
        "min": 0.0163083169609,
        "var": 0.0432485602796
    },
    "silence_rate_20dB": {
        "dmean": 0.00666238088161,
        "dmean2": 0.0133255403489,
        "dvar": 0.00661823572591,
        "dvar2": 0.0194611977786,
        "max": 1,
        "mean": 0.996493697166,
        "median": 1,
        "min": 0,
        "var": 0.00349382380955
    },
    "silence_rate_30dB": {
        "dmean": 0.0686108320951,
        "dmean2": 0.137229695916,
        "dvar": 0.0639046952128,
        "dvar2": 0.127627551556,
        "max": 1,
        "mean": 0.833976149559,
        "median": 1,
        "min": 0,
        "var": 0.138471022248
    },
    "silence_rate_60dB": {
        "dmean": 0.0420781970024,
        "dmean2": 0.084161311388,
        "dvar": 0.0403068438172,
        "dvar2": 0.0922706201673,
        "max": 1,
        "mean": 0.152582988143,
        "median": 0,
        "min": 0,
        "var": 0.129324287176
    },
    "spectral_centroid": {
        "dmean": 389.050292969,
        "dmean2": 590.131896973,
        "dvar": 186990.59375,
        "dvar2": 426709.21875,
        "max": 11608.3125,
        "mean": 1952.0579834,
        "median": 1900.56713867,
        "min": 72.6108932495,
        "var": 1370537.375
    },
    "spectral_complexity": {
        "dmean": 5.30161905289,
        "dmean2": 8.17159557343,
        "dvar": 39.984210968,
        "dvar2": 94.0996322632,
        "max": 57,
        "mean": 14.8886165619,
        "median": 13,
        "min": 0,
        "var": 134.742279053
    },
    "spectral_decrease": {
        "dmean": 5.80994274912e-09,
        "dmean2": 8.23182677578e-09,
        "dvar": 1.03352571326e-16,
        "dvar2": 1.67350258153e-16,
        "max": 1.64769698422e-28,
        "mean": -1.40089264633e-08,
        "median": -6.09359229742e-09,
        "min": -1.13461368301e-07,
        "var": 3.75612260597e-16
    },
    "spectral_energy": {
        "dmean": 0.0222041737288,
        "dmean2": 0.031336568296,
        "dvar": 0.00147341541015,
        "dvar2": 0.00235606334172,
        "max": 0.435013175011,
        "mean": 0.0548641160131,
        "median": 0.0249000452459,
        "min": 1.00460810745e-20,
        "var": 0.00552505999804
    },
    "spectral_energyband_high": {
        "dmean": 0.000727044360247,
        "dmean2": 0.00113721878733,
        "dvar": 1.58029456543e-06,
        "dvar2": 4.47600132247e-06,
        "max": 0.0154254874215,
        "mean": 0.00154866126832,
        "median": 0.000966464576777,
        "min": 6.98754764002e-21,
        "var": 2.87906914309e-06
    },
    "spectral_energyband_low": {
        "dmean": 0.0213373247534,
        "dmean2": 0.0310627855361,
        "dvar": 0.00166908453684,
        "dvar2": 0.00285908253863,
        "max": 0.403935134411,
        "mean": 0.0457494221628,
        "median": 0.0149705093354,
        "min": 1.80696321178e-23,
        "var": 0.00496103987098
    },
    "spectral_energyband_middle_high": {
        "dmean": 0.00141134404112,
        "dmean2": 0.00230015395209,
        "dvar": 6.05362583883e-06,
        "dvar2": 1.62252890732e-05,
        "max": 0.0335585251451,
        "mean": 0.00278290361166,
        "median": 0.00172263500281,
        "min": 1.16637242449e-21,
        "var": 1.04456676127e-05
    },
    "spectral_energyband_middle_low": {
        "dmean": 0.00701533723623,
        "dmean2": 0.0117257535458,
        "dvar": 0.000570103991777,
        "dvar2": 0.00144868600182,
        "max": 0.263421148062,
        "mean": 0.0071091465652,
        "median": 0.00192677078303,
        "min": 1.61235457123e-22,
        "var": 0.000450633786386
    },
    "spectral_entropy": {
        "dmean": 0.171254917979,
        "dmean2": 0.252173423767,
        "dvar": 0.0585056208074,
        "dvar2": 0.124793872237,
        "max": 9.83088779449,
        "mean": 8.07157516479,
        "median": 8.2190284729,
        "min": 3.90064454079,
        "var": 0.337233424187
    },
    "spectral_flux": {
        "dmean": 0.0448451004922,
        "dmean2": 0.0642272830009,
        "dvar": 0.00307093770243,
        "dvar2": 0.00514724012464,
        "max": 0.618001043797,
        "mean": 0.108958050609,
        "median": 0.0756527930498,
        "min": 6.38395517005e-11,
        "var": 0.0111328465864
    },
    "spectral_kurtosis": {
        "dmean": 1.09184920788,
        "dmean2": 1.78711390495,
        "dvar": 13.5526189804,
        "dvar2": 39.7919960022,
        "max": 211.836395264,
        "mean": 3.98430156708,
        "median": 1.79938220978,
        "min": -1.26313841343,
        "var": 189.880813599
    },
    "spectral_rms": {
        "dmean": 0.0013509793207,
        "dmean2": 0.00192754110321,
        "dvar": 2.89675926979e-06,
        "dvar2": 4.79589789393e-06,
        "max": 0.0206010453403,
        "mean": 0.00588315352798,
        "median": 0.00492876488715,
        "min": 3.13066369703e-12,
        "var": 1.89146867342e-05
    },
    "spectral_rolloff": {
        "dmean": 965.576965332,
        "dmean2": 1621.05151367,
        "dvar": 2583892.75,
        "dvar2": 5954490,
        "max": 19444.4824219,
        "mean": 2143.21679688,
        "median": 581.396484375,
        "min": 21.533203125,
        "var": 10218907
    },
    "spectral_skewness": {
        "dmean": 0.16679610312,
        "dmean2": 0.263142973185,
        "dvar": 0.0526300817728,
        "dvar2": 0.141701981425,
        "max": 12.2801513672,
        "mean": 1.34251785278,
        "median": 1.18027043343,
        "min": -0.0844914317131,
        "var": 1.02403521538
    },
    "spectral_spread": {
        "dmean": 670680,
        "dmean2": 985848.0625,
        "dvar": 525801422848,
        "dvar2": 1.05637845402e+12,
        "max": 42476172,
        "mean": 6887030,
        "median": 6679551,
        "min": 465311.15625,
        "var": 1.11544358666e+13
    },
    "spectral_strongpeak": {
        "dmean": 0.267687261105,
        "dmean2": 0.428518682718,
        "dvar": 0.177032485604,
        "dvar2": 0.425485104322,
        "max": 6.35028171539,
        "mean": 0.497223079205,
        "median": 0.328909635544,
        "min": 0,
        "var": 0.309469282627
    },
    "zerocrossingrate": {
        "dmean": 0.0182996597141,
        "dmean2": 0.0227726269513,
        "dvar": 0.000379526201868,
        "dvar2": 0.00050174765056,
        "max": 0.86279296875,
        "mean": 0.0845845937729,
        "median": 0.0615234375,
        "min": 0.0009765625,
        "var": 0.00610012561083
    },
    "barkbands": {
        "dmean": [0.00174448778853, 0.0167733468115, 0.00957129709423, 0.00541786290705, 0.00146660464816, 0.000485949305585, 0.000268112868071, 0.000320776947774, 0.000296708225505, 0.000340994796716, 0.000199401794816, 0.000337131350534, 0.000231999976677, 0.000201695816941, 0.000191231258214, 0.000141587675898, 0.000127100589452, 0.000114739996206, 0.000137955474202, 0.000121609482449, 0.000155741276103, 0.000143273864524, 0.00014647943317, 0.000124710510136, 0.000110524517368, 8.14285958768e-05, 2.66300867224e-05],
        "dmean2": [0.00281606568024, 0.0243450384587, 0.0155643997714, 0.0096190283075, 0.00258630816825, 0.000834334990941, 0.000454046792584, 0.000518013199326, 0.00050961994566, 0.000565606926102, 0.00033078022534, 0.000573064608034, 0.000386473577237, 0.000338062614901, 0.000319130078424, 0.000244502996793, 0.000215126245166, 0.000193851345102, 0.000228012999287, 0.000206847937079, 0.00027329538716, 0.000236754436628, 0.000240149689489, 0.00019662619161, 0.000170537139638, 0.000125409613247, 4.19046227762e-05],
        "dvar": [9.70276232692e-06, 0.000965609564446, 0.00107580528129, 0.000500373134855, 2.52716636169e-05, 1.82262920134e-06, 3.8191504359e-07, 5.70851341308e-07, 5.25433733856e-07, 5.62122636438e-07, 1.51054706521e-07, 5.15366252785e-07, 2.57364916934e-07, 2.3297506857e-07, 1.69566689578e-07, 7.8060182318e-08, 4.89741189824e-08, 3.70843871167e-08, 6.46891393785e-08, 5.37178337368e-08, 1.18852973685e-07, 5.80054653199e-08, 6.96041126957e-08, 3.78719349214e-08, 3.07533980504e-08, 2.02561682983e-08, 4.83436224386e-09],
        "dvar2": [2.34605940932e-05, 0.00159707723651, 0.00256307423115, 0.00137248949613, 7.21924807294e-05, 4.94046071253e-06, 1.01033629107e-06, 1.34117431116e-06, 1.35539642088e-06, 1.23046345379e-06, 3.5680980659e-07, 1.34033939503e-06, 6.17318903551e-07, 5.82330415e-07, 4.36435840356e-07, 2.17135649905e-07, 1.31523734126e-07, 1.0149822316e-07, 1.69435608655e-07, 1.5025945288e-07, 3.50123514181e-07, 1.60441899766e-07, 1.98144277874e-07, 9.68564037862e-08, 7.47006865254e-08, 5.10007645005e-08, 1.11561719862e-08],
        "max": [0.0695475116372, 0.270170748234, 0.276413559914, 0.248923182487, 0.0765072107315, 0.0261934138834, 0.0146122314036, 0.0248178094625, 0.0351752601564, 0.0396198034286, 0.0131050329655, 0.0283027607948, 0.0158892683685, 0.0236241705716, 0.0131661845371, 0.00410469062626, 0.00338343437761, 0.0053579476662, 0.00655567459762, 0.00497934501618, 0.00439456431195, 0.00527368998155, 0.00445734802634, 0.00339434947819, 0.00398589903489, 0.00173099793028, 0.00172476051375],
        "mean": [0.00291221844964, 0.0326180458069, 0.00802644621581, 0.0038967684377, 0.00133662938606, 0.000504924159031, 0.000326676119585, 0.000448310485808, 0.000342225364875, 0.000481946655782, 0.000276249687886, 0.000442273361841, 0.000320573686622, 0.000267998519121, 0.000261764391325, 0.000179745838977, 0.000188378675375, 0.000182089206646, 0.000220116067794, 0.000196666223928, 0.000234698993154, 0.000260138564045, 0.00026010471629, 0.000264064612566, 0.000236067993683, 0.000141581273056, 3.73968978238e-05],
        "median": [0.000664565130137, 0.00826982595026, 0.000607891241089, 0.000261947105173, 0.000196058143047, 0.000121453747852, 9.10706294235e-05, 0.000124175770907, 0.000118902993563, 0.000168405618751, 0.000106458850496, 0.000154717097757, 0.000113044123282, 0.000105895174784, 0.000107462161395, 8.56283659232e-05, 0.000103235935967, 0.000102718127891, 0.000122450874187, 0.000122322977404, 0.000136674731039, 0.000153158121975, 0.000153700297233, 0.00016026168305, 0.000125172082335, 6.37704870314e-05, 4.83937401441e-06],
        "min": [6.00015788943e-25, 1.70509425043e-24, 1.41991117243e-24, 3.78469676434e-25, 8.44957908597e-24, 7.78192665883e-24, 8.90384148279e-24, 5.86733087072e-24, 4.14385044195e-24, 1.66749528586e-23, 1.6628575726e-23, 2.32208543858e-23, 2.35527549899e-23, 2.95716406345e-23, 4.97039168274e-23, 5.12399489168e-23, 5.23165452594e-23, 7.10905102587e-23, 1.21138742783e-22, 1.30976078085e-22, 2.36371984477e-22, 2.18859524817e-22, 3.75126559254e-22, 6.13738782485e-22, 8.92751033918e-22, 1.30853116758e-21, 1.87729447812e-21],
        "var": [2.55757786363e-05, 0.00273388717324, 0.000926347856876, 0.000324852444464, 1.71887404576e-05, 1.61914078944e-06, 4.7837488637e-07, 1.20845834317e-06, 5.21770061823e-07, 1.24346286157e-06, 2.91051406975e-07, 7.27068879769e-07, 4.71405684266e-07, 3.36955963576e-07, 2.56017585798e-07, 7.22891542182e-08, 6.37027213202e-08, 5.00442851603e-08, 8.4865774852e-08, 5.83697534751e-08, 1.02680495218e-07, 9.19793876619e-08, 1.00270682424e-07, 9.56208978664e-08, 8.95428300396e-08, 3.8796656554e-08, 9.55532275526e-09]
    },
    "erbbands": {
        "dmean": [0.627475202084, 3.68712592125, 10.1734399796, 16.0393638611, 9.639960289, 3.78094625473, 3.2397608757, 3.84565901756, 4.46988630295, 4.11495399475, 7.92689085007, 6.97073793411, 10.6292562485, 8.52618598938, 7.87654399872, 15.0300941467, 10.859872818, 10.4163913727, 9.78214263916, 7.88441991806, 7.98473644257, 6.69951248169, 6.30834007263, 6.32520723343, 7.01635503769, 5.77652978897, 5.57774591446, 6.6382522583, 5.52384328842, 4.54673194885, 4.21901893616, 2.95957899094, 2.08916139603, 1.39418947697, 0.743743658066, 0.372201442719, 0.151646748185, 0.041219253093, 0.00433993712068, 7.59359245421e-05],
        "dmean2": [0.87197715044, 5.1131978035, 15.3515815735, 27.9760837555, 16.6615753174, 6.58467149734, 5.65840625763, 6.62125635147, 7.55087804794, 6.72534513474, 12.9630069733, 11.9128456116, 17.437456131, 14.3459072113, 13.1843233109, 25.4846572876, 18.0624237061, 17.2703590393, 16.4663639069, 13.1599626541, 13.7867698669, 11.3195199966, 10.6722221375, 10.3977975845, 11.8086366653, 9.84322166443, 9.53348064423, 11.7631177902, 9.34837150574, 7.39492893219, 6.94805908203, 4.74938249588, 3.33229780197, 2.22687482834, 1.12185430527, 0.578044772148, 0.235329464078, 0.0627528429031, 0.00686777429655, 0.000111281195132],
        "dvar": [0.825669109821, 66.2284851074, 1023.59381104, 3807.48071289, 1365.44787598, 125.303619385, 122.805297852, 99.4395141602, 115.673187256, 126.058937073, 334.067565918, 256.260681152, 651.672973633, 326.195953369, 244.592330933, 1058.78173828, 568.791564941, 633.238891602, 393.588745117, 236.443161011, 252.890182495, 152.323028564, 107.960090637, 162.107711792, 166.416351318, 126.418457031, 91.8852005005, 263.05078125, 95.6218643188, 56.1938171387, 57.3255119324, 23.0744056702, 10.5287275314, 5.1284198761, 1.40760600567, 0.412400603294, 0.0723340660334, 0.00733733503148, 0.000135706242872, 2.36883224147e-08],
        "dvar2": [1.58291316032, 106.336349487, 2203.7409668, 10274.5556641, 3680.89770508, 343.811767578, 326.767364502, 274.875488281, 309.058898926, 294.597442627, 802.393005371, 681.058898926, 1326.4666748, 842.546813965, 573.757080078, 2754.64868164, 1386.68078613, 1548.98742676, 1043.69934082, 598.539978027, 703.040405273, 409.125762939, 292.022033691, 416.119262695, 459.662689209, 355.213409424, 262.95300293, 774.918273926, 270.554748535, 156.185195923, 160.548034668, 60.9153366089, 27.4821395874, 12.6301221848, 3.33103013039, 1.0609228611, 0.180927723646, 0.0168047621846, 0.000322480016621, 5.41548175192e-08],
        "max": [8.6031293869, 75.4344940186, 280.67980957, 651.819824219, 467.645050049, 179.443939209, 307.161254883, 148.684753418, 149.382125854, 393.560699463, 634.346496582, 555.301757812, 1549.58972168, 633.816833496, 637.405029297, 1410.28479004, 758.708435059, 1295.07727051, 391.949584961, 394.493865967, 222.541168213, 212.156555176, 285.316650391, 483.596588135, 295.647399902, 267.817779541, 132.760864258, 214.203292847, 215.709823608, 126.971855164, 111.204772949, 78.3727035522, 69.4108352661, 42.1745605469, 31.9966697693, 8.64119911194, 3.44007587433, 2.04742336273, 0.309292703867, 0.00396418152377],
        "mean": [1.18632590771, 6.24115228653, 10.2303504944, 12.1977577209, 7.89038467407, 3.75711107254, 3.00250148773, 3.95483398438, 5.37478542328, 5.56634664536, 11.0470981598, 8.50626277924, 14.830532074, 12.0935077667, 11.4827156067, 20.0814437866, 15.6836872101, 15.0612154007, 13.5416269302, 11.4588880539, 10.6979866028, 10.2228794098, 10.1744451523, 10.1499423981, 10.8889923096, 9.33554077148, 9.50347900391, 9.35933113098, 9.45839309692, 8.27712917328, 7.35155105591, 5.77785587311, 4.32128381729, 2.91611933708, 1.52628850937, 0.668945252895, 0.248675003648, 0.0672742426395, 0.0059627671726, 0.000154220397235],
        "median": [0.327637434006, 1.26884233952, 1.06492805481, 1.16529941559, 0.855439662933, 0.561727046967, 0.574923396111, 0.985086798668, 1.30750191212, 1.62379527092, 3.42971658707, 3.35225772858, 5.0537238121, 4.62562942505, 5.03011131287, 7.11500930786, 5.94881343842, 6.3658618927, 5.84005689621, 5.66963386536, 5.4721698761, 5.67160463333, 5.61231899261, 5.81320381165, 6.20810890198, 5.81935167313, 5.86954212189, 5.07308959961, 5.41259860992, 4.94671392441, 4.25607299805, 3.50403594971, 2.55341529846, 1.52689886093, 0.810865342617, 0.332393825054, 0.103499412537, 0.0199049822986, 0.000834427657537, 7.24509663996e-05],
        "min": [5.37234660621e-23, 4.18870272222e-22, 1.81468704356e-21, 2.13853976444e-21, 1.2299556131e-20, 2.17004064393e-20, 4.83963957047e-20, 6.035384399e-20, 1.12774392595e-19, 2.18363429101e-19, 2.71482408949e-19, 1.07794694222e-19, 5.83928559591e-19, 5.83851166505e-19, 8.84416341063e-19, 1.14485074481e-18, 1.63393482706e-18, 1.76981806103e-18, 2.69383505353e-18, 3.0494900433e-18, 3.0320822341e-18, 3.24014772987e-18, 5.32230009121e-18, 4.26954856638e-18, 6.97689706279e-18, 6.79318231669e-18, 8.53274438566e-18, 1.0790663735e-17, 9.55557720132e-18, 1.11351968678e-17, 1.01353009434e-17, 9.98555891862e-18, 9.66198985122e-18, 8.17283892832e-18, 6.30593902149e-18, 4.30815391275e-18, 2.28607450942e-18, 9.73130427783e-19, 2.37486319749e-19, 2.70580488045e-20],
        "var": [2.56512403488, 163.414855957, 1130.82458496, 2581.33740234, 954.566345215, 108.426292419, 111.105789185, 83.3458862305, 134.257827759, 237.935272217, 603.203491211, 254.005752563, 1365.28735352, 660.34564209, 481.472747803, 1508.45556641, 1007.48840332, 966.11151123, 521.508911133, 366.330688477, 234.845565796, 189.324295044, 154.63899231, 203.065002441, 196.239227295, 133.620361328, 118.29145813, 202.285125732, 132.57963562, 92.3219833374, 82.8065338135, 47.7570571899, 26.2204685211, 14.5555820465, 3.78963065147, 0.799210906029, 0.132821127772, 0.0160935390741, 0.000248061580351, 5.49777787739e-08]
    },
    "gfcc": {
        "mean": [-20.7163143158, 41.3355522156, -87.4441680908, 39.3648452759, -45.8276329041, 35.0350265503, -23.1578502655, 19.5141716003, -18.5200939178, 9.70583152771, -14.0234556198, 4.5235710144, -13.1200962067],
        "cov": [[28068.0722656, -2439.42163086, -1718.10595703, 1276.12609863, -336.960235596, 1129.31201172, -680.811279297, 434.288665771, -836.021911621, 273.979125977, -667.494750977, 204.816696167, -450.163604736], [-2439.42163086, 2125.52734375, 378.292449951, -63.2486114502, 216.174072266, -88.0907745361, 201.984359741, -65.6054840088, 229.966339111, -70.3908309937, 166.62399292, -122.592849731, 87.5719223022], [-1718.10595703, 378.292449951, 1337.29174805, 283.764801025, 455.358276367, 122.898635864, 253.705078125, -13.3730621338, 112.62020874, -13.2953338623, 11.782365799, -22.6854953766, 10.6441431046], [1276.12609863, -63.2486114502, 283.764801025, 589.473449707, 259.793792725, 260.867797852, 95.4063720703, 54.7901802063, -14.2394866943, 11.3853740692, -11.6694765091, 1.57289683819, -2.92108464241], [-336.960235596, 216.174072266, 455.358276367, 259.793792725, 497.417633057, 222.431945801, 221.498535156, 29.2340393066, 90.3063354492, 12.5641336441, 34.3912124634, -4.55143594742, 15.5298309326], [1129.31201172, -88.0907745361, 122.898635864, 260.867797852, 222.431945801, 352.274291992, 137.378265381, 106.440704346, 19.9569988251, 52.5721359253, 1.08330047131, 28.4065704346, 3.01460289955], [-680.811279297, 201.984359741, 253.705078125, 95.4063720703, 221.498535156, 137.378265381, 261.293640137, 84.8228988647, 120.258171082, 24.2760562897, 54.7241439819, 3.63008904457, 36.0012664795], [434.288665771, -65.6054840088, -13.3730621338, 54.7901802063, 29.2340393066, 106.440704346, 84.8228988647, 153.290145874, 59.3651542664, 51.1942214966, 13.9558029175, 24.5059509277, 10.9625720978], [-836.021911621, 229.966339111, 112.62020874, -14.2394866943, 90.3063354492, 19.9569988251, 120.258171082, 59.3651542664, 160.899414062, 50.5060691833, 74.581451416, 5.105676651, 37.3989639282], [273.979125977, -70.3908309937, -13.2953338623, 11.3853740692, 12.5641336441, 52.5721359253, 24.2760562897, 51.1942214966, 50.5060691833, 101.193260193, 42.287399292, 39.0306816101, 7.53464221954], [-667.494750977, 166.62399292, 11.782365799, -11.6694765091, 34.3912124634, 1.08330047131, 54.7241439819, 13.9558029175, 74.581451416, 42.287399292, 113.677513123, 30.0995883942, 43.2004928589], [204.816696167, -122.592849731, -22.6854953766, 1.57289683819, -4.55143594742, 28.4065704346, 3.63008904457, 24.5059509277, 5.105676651, 39.0306816101, 30.0995883942, 75.6943283081, 32.7566375732], [-450.163604736, 87.5719223022, 10.6441431046, -2.92108464241, 15.5298309326, 3.01460289955, 36.0012664795, 10.9625720978, 37.3989639282, 7.53464221954, 43.2004928589, 32.7566375732, 75.1887893677]],
        "icov": [[8.48513882374e-05, -5.39155626029e-05, 0.000108001608169, -0.000159283532412, 9.01693510968e-06, -0.000162703756359, 0.000139262148878, -0.00016072957078, 0.000219695080887, -0.000276474398561, 0.000426021695603, -0.000364452484064, 0.000343177991454], [-5.39155626029e-05, 0.000862718792632, -0.000185955766938, 0.000224436065764, -8.60666623339e-05, 1.52123548105e-05, -4.1615930968e-05, 0.000390298780985, -0.000864229456056, 0.000857815495692, -0.00143287191167, 0.00196688552387, -0.00100208248477], [0.000108001608169, -0.000185955766938, 0.00141414406244, -0.000643029343337, -0.000804176554084, 0.000384099432267, -0.000655738695059, 0.000434293993749, -0.000178805508767, -0.000473910797155, 0.00147982616909, -0.00114703737199, 0.00082527223276], [-0.000159283532412, 0.000224436065764, -0.000643029343337, 0.00335187930614, -0.00092374230735, -0.0014971671626, 0.000582654378377, -0.000421836128226, 0.000779152149335, 0.000705932150595, -0.00155548576731, 0.00194245204329, -0.00137127039488], [9.01693510968e-06, -8.60666623339e-05, -0.000804176554084, -0.00092374230735, 0.00555963488296, -0.00238022906706, -0.00251951254904, 0.00262463046238, -0.00172765844036, 0.000751638843212, 1.93224441318e-05, -0.000617952435277, 0.00104513403494], [-0.000162703756359, 1.52123548105e-05, 0.000384099432267, -0.0014971671626, -0.00238022906706, 0.0079257208854, -0.00255438685417, -0.00275621446781, 0.00271350657567, -0.00254170224071, 0.000500661379192, -0.000326851819409, -0.000545865972526], [0.000139262148878, -4.1615930968e-05, -0.000655738695059, 0.000582654378377, -0.00251951254904, -0.00255438685417, 0.0114797931165, -0.00405070651323, -0.00404946133494, 0.00275945547037, -0.00140248669777, 0.00079388928134, -0.00108791270759], [-0.00016072957078, 0.000390298780985, 0.000434293993749, -0.000421836128226, 0.00262463046238, -0.00275621446781, -0.00405070651323, 0.0137301841751, -0.0055355890654, -0.00171102152672, 0.0025247707963, -0.00169869640376, 0.000225592084462], [0.000219695080887, -0.000864229456056, -0.000178805508767, 0.000779152149335, -0.00172765844036, 0.00271350657567, -0.00404946133494, -0.0055355890654, 0.0196204986423, -0.00852421112359, -0.00392125081271, 0.00491155264899, -0.00342025887221], [-0.000276474398561, 0.000857815495692, -0.000473910797155, 0.000705932150595, 0.000751638843212, -0.00254170224071, 0.00275945547037, -0.00171102152672, -0.00852421112359, 0.0218760147691, -0.00680779898539, -0.0068774279207, 0.00527047039941], [0.000426021695603, -0.00143287191167, 0.00147982616909, -0.00155548576731, 1.93224441318e-05, 0.000500661379192, -0.00140248669777, 0.0025247707963, -0.00392125081271, -0.00680779898539, 0.0213774200529, -0.0077813109383, -0.00203105970286], [-0.000364452484064, 0.00196688552387, -0.00114703737199, 0.00194245204329, -0.000617952435277, -0.000326851819409, 0.00079388928134, -0.00169869640376, 0.00491155264899, -0.0068774279207, -0.0077813109383, 0.0302641708404, -0.0146945426241], [0.000343177991454, -0.00100208248477, 0.00082527223276, -0.00137127039488, 0.00104513403494, -0.000545865972526, -0.00108791270759, 0.000225592084462, -0.00342025887221, 0.00527047039941, -0.00203105970286, -0.0146945426241, 0.0253874044865]]
    },
    "melbands": {
        "dmean": [0.00484489975497, 0.00466918805614, 0.0025145788677, 0.000432323955465, 0.00011374233145, 9.10415183171e-05, 6.42364320811e-05, 4.70392369607e-05, 6.57997952658e-05, 4.31180305895e-05, 5.30643083039e-05, 3.49612346326e-05, 2.58522741206e-05, 3.45305961673e-05, 3.46948472725e-05, 2.26005704462e-05, 2.05764736165e-05, 1.57256763487e-05, 1.36868802656e-05, 9.74941667664e-06, 9.83510653896e-06, 7.47946432966e-06, 6.65574953018e-06, 5.24089637111e-06, 5.39075608685e-06, 5.82784014114e-06, 4.14634405388e-06, 4.12433746533e-06, 3.80846677217e-06, 3.43179544871e-06, 4.31278658652e-06, 3.16782370646e-06, 3.12555562232e-06, 2.51107462645e-06, 2.58993668467e-06, 2.36041728385e-06, 1.7456831074e-06, 1.60487945777e-06, 1.3430793615e-06, 1.22519406887e-06],
        "dmean2": [0.00673222867772, 0.00647741369903, 0.00427560554817, 0.000749916245695, 0.000198660578462, 0.00015620670456, 0.000107780062535, 7.64695578255e-05, 0.000108432621346, 7.38296366762e-05, 8.72351738508e-05, 5.92017640884e-05, 4.31812768511e-05, 5.83135115448e-05, 5.94730263401e-05, 3.70073867089e-05, 3.42581770383e-05, 2.6672221793e-05, 2.29075976677e-05, 1.66031622939e-05, 1.70759576577e-05, 1.26729555632e-05, 1.12595662358e-05, 8.89585498953e-06, 8.9213872343e-06, 9.80661661742e-06, 7.02786746842e-06, 7.10743370291e-06, 6.54154655422e-06, 5.92175138081e-06, 7.71630675445e-06, 5.38084623258e-06, 5.22188520335e-06, 4.11797736888e-06, 4.33085415352e-06, 3.94470544052e-06, 2.79394930658e-06, 2.58927252617e-06, 2.17477554543e-06, 1.99129044631e-06],
        "dvar": [5.61942069908e-05, 0.0001552728354, 8.72149685165e-05, 2.1858686523e-06, 1.27452210563e-07, 5.52229160178e-08, 2.24068088528e-08, 1.69890181922e-08, 2.49121825391e-08, 9.5087893115e-09, 1.62745035226e-08, 5.58535306894e-09, 2.3635402524e-09, 4.76037342878e-09, 6.62267440887e-09, 2.44726883203e-09, 3.00492497551e-09, 9.85952874899e-10, 1.06944497702e-09, 3.159420503e-10, 3.81383202797e-10, 1.92688087708e-10, 1.2100047353e-10, 7.80692593905e-11, 1.2842162056e-10, 1.10118095198e-10, 6.28892354859e-11, 6.56030924029e-11, 4.00667693468e-11, 4.15692237576e-11, 1.26677585088e-10, 2.83707623366e-11, 3.02596350754e-11, 1.72085297401e-11, 2.16802183844e-11, 1.79749843482e-11, 7.91264102851e-12, 6.23130583591e-12, 4.53208000642e-12, 4.19475305186e-12],
        "dvar2": [8.99891383597e-05, 0.00028695986839, 0.000226994845434, 5.96316476731e-06, 3.45755125863e-07, 1.51050230102e-07, 5.9307822653e-08, 3.93846875113e-08, 6.04181167319e-08, 2.52819774005e-08, 3.34634044918e-08, 1.45291592091e-08, 5.67844793409e-09, 1.23622916348e-08, 1.72004579468e-08, 5.43558931199e-09, 7.28833482455e-09, 2.63198507433e-09, 2.78679701537e-09, 8.43222880409e-10, 1.05944542028e-09, 5.19038367841e-10, 3.20359322403e-10, 2.14515308294e-10, 3.29915261776e-10, 2.99644170587e-10, 1.73731209974e-10, 1.85262069574e-10, 1.13585418848e-10, 1.20890408795e-10, 3.73081815441e-10, 7.96346599774e-11, 8.51358844534e-11, 4.80158135474e-11, 6.0700812432e-11, 5.09976019747e-11, 2.00646877585e-11, 1.60979528319e-11, 1.19895994175e-11, 1.04956234676e-11],
        "max": [0.0666193217039, 0.123711101711, 0.0992318987846, 0.0217784326524, 0.00864944979548, 0.00334674445912, 0.00238114478998, 0.00490434002131, 0.00722862221301, 0.00297452090308, 0.00764320511371, 0.00279338378459, 0.00173996167723, 0.00289522088133, 0.00286966166459, 0.00216069770977, 0.00297743012197, 0.000595976656768, 0.00119437999092, 0.000344666914316, 0.000271691009402, 0.00024609893444, 0.0003079076414, 0.000216056883801, 0.000461193063529, 0.000287482980639, 0.000240608205786, 0.000155642119353, 7.45868455851e-05, 9.66303705354e-05, 0.000159956558491, 0.000157039306941, 0.000131408902234, 7.7876225987e-05, 7.81780836405e-05, 4.87663128297e-05, 6.29887072137e-05, 5.19684617757e-05, 4.41653028247e-05, 3.24011089106e-05],
        "mean": [0.00976429320872, 0.00646161427721, 0.00201336410828, 0.000387664069422, 0.000107083695184, 9.56932635745e-05, 7.95827145339e-05, 6.43476669211e-05, 8.90285518835e-05, 5.11734906468e-05, 7.30148749426e-05, 4.73820291518e-05, 3.60056837962e-05, 4.71312669106e-05, 4.39125469711e-05, 3.19707905874e-05, 2.77878061752e-05, 2.08220189961e-05, 1.88566118595e-05, 1.30544667627e-05, 1.25633532662e-05, 1.0700265193e-05, 1.01202813312e-05, 8.1027219494e-06, 8.06095431471e-06, 8.64092362463e-06, 6.34361822449e-06, 6.20459650236e-06, 6.17954083282e-06, 5.22936397829e-06, 5.51639232071e-06, 5.25919222127e-06, 5.1777610679e-06, 4.38512233814e-06, 4.26017004429e-06, 3.90316427001e-06, 3.39704729413e-06, 3.08017160933e-06, 2.69563952315e-06, 2.3954930839e-06],
        "median": [0.00272579817101, 0.00122086284682, 0.000194762193132, 4.84718984808e-05, 1.99685600819e-05, 2.30243149417e-05, 2.04638126888e-05, 1.86257020687e-05, 2.7500645956e-05, 1.93827618205e-05, 2.38522552536e-05, 1.70715829881e-05, 1.51413642016e-05, 1.7698683223e-05, 1.53749551828e-05, 1.06499028334e-05, 1.07303549157e-05, 8.77014463185e-06, 7.70067163103e-06, 6.33564695818e-06, 6.13097472524e-06, 5.72304134039e-06, 5.2481577768e-06, 4.5995147957e-06, 4.41760494141e-06, 4.66860001325e-06, 3.68415953744e-06, 3.71604437532e-06, 3.7068639358e-06, 3.03393380818e-06, 2.7658450108e-06, 2.91293463306e-06, 2.91111655315e-06, 2.59987155005e-06, 2.39663813772e-06, 2.23824508794e-06, 2.02180740416e-06, 1.79342259798e-06, 1.49839365804e-06, 1.1911955653e-06],
        "min": [7.32181643611e-25, 7.42107091521e-25, 6.45782047397e-25, 1.403624646e-24, 2.06094743262e-24, 1.50457685237e-24, 1.85649519637e-24, 2.49433361167e-24, 1.90455812474e-24, 5.0221108828e-25, 2.56773396345e-24, 2.18625798741e-24, 2.64969365328e-24, 3.56328155344e-24, 1.96685861195e-24, 3.73366998694e-24, 2.87173926265e-24, 3.29985328705e-24, 3.96571854981e-24, 2.38134190877e-24, 2.56372300018e-24, 3.01339540983e-24, 2.31601653442e-24, 3.16875111271e-24, 2.81052188147e-24, 4.20344533347e-24, 3.3292580773e-24, 4.28583159983e-24, 4.84049824052e-24, 4.560507445e-24, 4.80812102239e-24, 4.69496247541e-24, 4.50178266706e-24, 4.83771592811e-24, 5.16666895343e-24, 4.68152541318e-24, 6.15641999349e-24, 5.72634288872e-24, 5.66817820203e-24, 6.65581351713e-24],
        "var": [0.000191303406609, 0.000266556162387, 6.42204395263e-05, 1.59306125624e-06, 1.12386366879e-07, 4.91937015568e-08, 2.76753677753e-08, 3.32255289948e-08, 3.93707786372e-08, 9.51594092413e-09, 3.39290373574e-08, 1.15053380156e-08, 4.37702940559e-09, 7.27777571541e-09, 8.60115623169e-09, 5.52717249747e-09, 4.34357971812e-09, 1.25102017634e-09, 1.65621716341e-09, 3.82815862343e-10, 3.52106149792e-10, 2.2726227844e-10, 1.73774508672e-10, 1.01789028595e-10, 1.51031992468e-10, 1.34712449529e-10, 7.02725655444e-11, 6.49324691238e-11, 5.20461104769e-11, 4.49673631664e-11, 8.89300300067e-11, 4.1694644265e-11, 4.13721799875e-11, 2.72377918831e-11, 2.95075769374e-11, 2.48430442884e-11, 1.71377478181e-11, 1.4028876151e-11, 1.10732057204e-11, 1.09430355402e-11]
    },
    "mfcc": {
        "mean": [-660.401550293, 73.4579086304, 19.1058864594, 18.8353862762, 11.9156503677, 17.5615978241, 13.1708459854, 13.7184476852, 8.00743675232, 9.29726600647, 6.59672498703, 5.78698062897, 3.22447681427],
        "cov": [[12700.1435547, 278.394592285, -389.75994873, -28.8818969727, 125.502746582, 383.411621094, 226.242019653, 174.778686523, 61.9920310974, -32.3294792175, -57.3593978882, -80.9605178833, -78.8146362305], [278.394592285, 1064.0567627, 126.781723022, 80.204864502, 106.855125427, 38.238910675, 45.1134185791, 19.8260650635, 35.6743202209, 46.1560821533, 46.9010810852, 26.4043426514, 20.4646682739], [-389.75994873, 126.781723022, 704.190307617, 311.949066162, 224.752639771, 169.176620483, 122.334915161, 83.6765365601, 91.6349716187, 43.7889175415, 38.5290145874, 27.7409248352, 19.6043224335], [-28.8818969727, 80.204864502, 311.949066162, 368.695495605, 216.985519409, 181.107559204, 129.468185425, 87.4193954468, 66.8307342529, 38.1038398743, 26.1675071716, 23.3776550293, 17.9263477325], [125.502746582, 106.855125427, 224.752639771, 216.985519409, 304.745422363, 226.433258057, 152.3775177, 101.256500244, 79.7305679321, 43.6745529175, 37.5762710571, 34.8131828308, 27.983215332], [383.411621094, 38.238910675, 169.176620483, 181.107559204, 226.433258057, 304.356536865, 190.347015381, 123.228187561, 92.2022399902, 54.985660553, 41.0046195984, 44.2578659058, 34.8988304138], [226.242019653, 45.1134185791, 122.334915161, 129.468185425, 152.3775177, 190.347015381, 201.737030029, 133.100708008, 91.5302429199, 56.8621635437, 42.4772453308, 37.1410064697, 30.4379863739], [174.778686523, 19.8260650635, 83.6765365601, 87.4193954468, 101.256500244, 123.228187561, 133.100708008, 151.021347046, 101.856201172, 60.8318557739, 41.6261291504, 35.416721344, 26.2762451172], [61.9920310974, 35.6743202209, 91.6349716187, 66.8307342529, 79.7305679321, 92.2022399902, 91.5302429199, 101.856201172, 130.516693115, 72.4149093628, 48.9400787354, 35.5380630493, 28.6537475586], [-32.3294792175, 46.1560821533, 43.7889175415, 38.1038398743, 43.6745529175, 54.985660553, 56.8621635437, 60.8318557739, 72.4149093628, 94.9703674316, 59.0142326355, 41.364616394, 30.1506309509], [-57.3593978882, 46.9010810852, 38.5290145874, 26.1675071716, 37.5762710571, 41.0046195984, 42.4772453308, 41.6261291504, 48.9400787354, 59.0142326355, 83.3470153809, 54.4157066345, 33.9211082458], [-80.9605178833, 26.4043426514, 27.7409248352, 23.3776550293, 34.8131828308, 44.2578659058, 37.1410064697, 35.416721344, 35.5380630493, 41.364616394, 54.4157066345, 79.1001663208, 50.0617675781], [-78.8146362305, 20.4646682739, 19.6043224335, 17.9263477325, 27.983215332, 34.8988304138, 30.4379863739, 26.2762451172, 28.6537475586, 30.1506309509, 33.9211082458, 50.0617675781, 68.8380661011]],
