{
"lowlevel": {
    "average_loudness": 0.700362741947,
    "barkbands_crest": {
        "dmean": 2.83014249802,
        "dmean2": 4.52504062653,
        "dvar": 8.18496322632,
        "dvar2": 20.0322742462,
        "max": 26.5086841583,
        "mean": 14.3779382706,
        "median": 15.2661132812,
        "min": 1.97565233707,
        "var": 32.8738822937
    },
    "barkbands_flatness_db": {
        "dmean": 0.0336975455284,
        "dmean2": 0.0496732406318,
        "dvar": 0.00132802384906,
        "dvar2": 0.00276995752938,
        "max": 0.554880797863,
        "mean": 0.179560855031,
        "median": 0.176113024354,
        "min": 0.0168664734811,
        "var": 0.0076421527192
    },
    "barkbands_kurtosis": {
        "dmean": 17.4089736938,
        "dmean2": 25.7794322968,
        "dvar": 1322.13024902,
        "dvar2": 2817.828125,
        "max": 531.318664551,
        "mean": 25.4733695984,
        "median": 8.2555103302,
        "min": -1.88257050514,
        "var": 2562.22875977
    },
    "barkbands_skewness": {
        "dmean": 1.30157423019,
        "dmean2": 1.87678575516,
        "dvar": 2.65029549599,
        "dvar2": 5.58388757706,
        "max": 19.8236560822,
        "mean": 3.37283849716,
        "median": 2.93446540833,
        "min": -3.97026085854,
        "var": 10.608001709
    },
    "barkbands_spread": {
        "dmean": 9.72327518463,
        "dmean2": 14.7262144089,
        "dvar": 128.187667847,
        "dvar2": 281.816467285,
        "max": 108.459091187,
        "mean": 25.918182373,
        "median": 19.8138065338,
        "min": 0.283691465855,
        "var": 465.393615723
    },
    "dissonance": {
        "dmean": 0.00858743209392,
        "dmean2": 0.014581262134,
        "dvar": 0.00021160650067,
        "dvar2": 0.000638219993562,
        "max": 0.500000059605,
        "mean": 0.487627357244,
        "median": 0.492468327284,
        "min": 0.231896266341,
        "var": 0.000337114295689
    },
    "dynamic_complexity": 4.0743432045,
    "erbbands_crest": {
        "dmean": 2.3326883316,
        "dmean2": 3.75771641731,
        "dvar": 7.29938411713,
        "dvar2": 16.3492279053,
        "max": 32.667842865,
        "mean": 6.96937561035,
        "median": 5.65708684921,
        "min": 2.38280797005,
        "var": 15.5178718567
    },
    "erbbands_flatness_db": {
        "dmean": 0.0173376649618,
        "dmean2": 0.0262617003173,
        "dvar": 0.000380547106033,
        "dvar2": 0.000817900989205,
        "max": 0.555656850338,
        "mean": 0.129600092769,
        "median": 0.111336156726,
        "min": 0.0438682064414,
        "var": 0.00456020329148
    },
    "erbbands_kurtosis": {
        "dmean": 1.64917433262,
        "dmean2": 2.71710777283,
        "dvar": 12.4053983688,
        "dvar2": 32.7157440186,
        "max": 68.354888916,
        "mean": 1.35256636143,
        "median": 0.49627661705,
        "min": -1.89224267006,
        "var": 18.0805015564
    },
    "erbbands_skewness": {
        "dmean": 0.526949107647,
        "dmean2": 0.792551875114,
        "dvar": 0.513093471527,
        "dvar2": 1.09088134766,
        "max": 6.44092607498,
        "mean": -0.406307309866,
        "median": -0.609281599522,
        "min": -3.31161189079,
        "var": 1.1733673811
    },
    "erbbands_spread": {
        "dmean": 15.8000078201,
        "dmean2": 23.7574176788,
        "dvar": 366.340789795,
        "dvar2": 786.952697754,
        "max": 187.718002319,
        "mean": 57.6009864807,
        "median": 48.5210876465,
        "min": 0.749574840069,
        "var": 1292.71069336
    },
    "hfc": {
        "dmean": 6.71264886856,
        "dmean2": 9.61599731445,
        "dvar": 62.586151123,
        "dvar2": 126.14138031,
        "max": 168.040603638,
        "mean": 25.3206920624,
        "median": 19.9244499207,
        "min": 1.18778569926e-16,
        "var": 453.024932861
    },
    "melbands_crest": {
        "dmean": 3.82183432579,
        "dmean2": 6.20793676376,
        "dvar": 16.803647995,
        "dvar2": 41.1167068481,
        "max": 39.0110321045,
        "mean": 25.217206955,
        "median": 27.6611728668,
        "min": 1.80900514126,
        "var": 99.5968780518
    },
    "melbands_flatness_db": {
        "dmean": 0.0402039065957,
        "dmean2": 0.0588603690267,
        "dvar": 0.00187823723536,
        "dvar2": 0.00388526893221,
        "max": 0.672022640705,
        "mean": 0.251507282257,
        "median": 0.260275989771,
        "min": 0.00335791311227,
        "var": 0.0134073533118
    },
    "melbands_kurtosis": {
        "dmean": 65.119354248,
        "dmean2": 96.0216903687,
        "dvar": 17027.1308594,
        "dvar2": 35997.9492188,
        "max": 3621.68432617,
        "mean": 110.915924072,
        "median": 48.7765769958,
        "min": -1.81929600239,
        "var": 44349.9804688
    },
    "melbands_skewness": {
        "dmean": 2.27788496017,
        "dmean2": 3.30742144585,
        "dvar": 7.66285610199,
        "dvar2": 16.1213684082,
        "max": 49.1535339355,
        "mean": 7.19898509979,
        "median": 6.51803445816,
        "min": -4.28616476059,
        "var": 34.3933181763
    },
    "melbands_spread": {
        "dmean": 9.44428730011,
        "dmean2": 14.7269105911,
        "dvar": 209.51020813,
        "dvar2": 482.143798828,
        "max": 167.967208862,
        "mean": 24.9182548523,
        "median": 10.1073856354,
        "min": 0.0662758052349,
        "var": 1054.60534668
    },
    "pitch_salience": {
        "dmean": 0.0902309119701,
        "dmean2": 0.143080681562,
        "dvar": 0.00881796889007,
        "dvar2": 0.0207624342293,
        "max": 0.947148263454,
        "mean": 0.390947580338,
        "median": 0.366815060377,
        "min": 0.0213786624372,
        "var": 0.0430069454014
    },
    "silence_rate_20dB": {
        "dmean": 0.00165517244022,
        "dmean2": 0.00331080146134,
        "dvar": 0.00165247183759,
        "dvar2": 0.00412770919502,
        "max": 1,
        "mean": 0.99820715189,
        "median": 1,
        "min": 0,
        "var": 0.00178952084389
    },
    "silence_rate_30dB": {
        "dmean": 0.106206893921,
        "dmean2": 0.212443098426,
        "dvar": 0.0949332565069,
        "dvar2": 0.19876730442,
        "max": 1,
        "mean": 0.728589177132,
        "median": 1,
        "min": 0,
        "var": 0.197737023234
    },
    "silence_rate_60dB": {
        "dmean": 0.0306206904352,
        "dmean2": 0.0612498261034,
        "dvar": 0.0296799503267,
        "dvar2": 0.0660533159971,
        "max": 1,
        "mean": 0.135705426335,
        "median": 0,
        "min": 0,
        "var": 0.117287673056
    },
    "spectral_centroid": {
        "dmean": 448.406646729,
        "dmean2": 669.842346191,
        "dvar": 278335.21875,
        "dvar2": 519965.0625,
        "max": 11558.34375,
        "mean": 2280.34765625,
        "median": 2495.48364258,
        "min": 145.896697998,
        "var": 1004176
    },
    "spectral_complexity": {
        "dmean": 4.76220703125,
        "dmean2": 7.35163450241,
        "dvar": 33.3038139343,
        "dvar2": 72.1517715454,
        "max": 56,
        "mean": 14.7250032425,
        "median": 13,
        "min": 0,
        "var": 130.413421631
    },
    "spectral_decrease": {
        "dmean": 6.14603168358e-09,
        "dmean2": 9.16087117275e-09,
        "dvar": 7.3506028706e-17,
        "dvar2": 1.59425325254e-16,
        "max": 3.58861054321e-29,
        "mean": -1.76178058808e-08,
        "median": -1.3317148273e-08,
        "min": -1.09996030062e-07,
        "var": 2.89534469627e-16
    },
    "spectral_energy": {
        "dmean": 0.0233937185258,
        "dmean2": 0.0348762571812,
        "dvar": 0.00105027412064,
        "dvar2": 0.00227664527483,
        "max": 0.417249888182,
        "mean": 0.0687904059887,
        "median": 0.0531419999897,
        "min": 1.06381388291e-20,
        "var": 0.00418933155015
    },
    "spectral_energyband_high": {
        "dmean": 0.00069752021227,
        "dmean2": 0.00103446375579,
        "dvar": 8.56854853737e-07,
        "dvar2": 1.84021678251e-06,
        "max": 0.0154533544555,
        "mean": 0.00214349571615,
        "median": 0.00137083185837,
        "min": 7.47927258686e-21,
        "var": 4.99789985042e-06
    },
    "spectral_energyband_low": {
        "dmean": 0.0225632935762,
        "dmean2": 0.0339257456362,
        "dvar": 0.00115728960373,
        "dvar2": 0.00267733656801,
        "max": 0.393938958645,
        "mean": 0.0571454018354,
        "median": 0.0351992249489,
        "min": 2.27764085741e-23,
        "var": 0.00391288567334
    },
    "spectral_energyband_middle_high": {
        "dmean": 0.00100018759258,
        "dmean2": 0.0015001189895,
        "dvar": 2.24646487368e-06,
        "dvar2": 4.83611302116e-06,
        "max": 0.0292947310954,
        "mean": 0.0024957889691,
        "median": 0.00149521010462,
        "min": 1.39174268973e-21,
        "var": 7.99319150246e-06
    },
    "spectral_energyband_middle_low": {
        "dmean": 0.00679909624159,
        "dmean2": 0.0114834010601,
        "dvar": 0.000419271207647,
        "dvar2": 0.00112226500642,
        "max": 0.272909045219,
        "mean": 0.00706013012677,
        "median": 0.000960041419603,
        "min": 3.27708471029e-22,
        "var": 0.00035961647518
    },
    "spectral_entropy": {
        "dmean": 0.19433028996,
        "dmean2": 0.291728198528,
        "dvar": 0.0840334072709,
        "dvar2": 0.17008857429,
        "max": 9.80027008057,
        "mean": 8.00426673889,
        "median": 8.17023181915,
        "min": 4.99757289886,
        "var": 0.335364669561
    },
    "spectral_flux": {
        "dmean": 0.0406176559627,
        "dmean2": 0.0586139410734,
        "dvar": 0.00268566189334,
        "dvar2": 0.00485324254259,
        "max": 0.616262078285,
        "mean": 0.109361596406,
        "median": 0.0844070613384,
        "min": 6.51737344648e-11,
        "var": 0.00829894654453
    },
    "spectral_kurtosis": {
        "dmean": 1.64213311672,
        "dmean2": 2.76983714104,
        "dvar": 45.4662322998,
        "dvar2": 139.200698853,
        "max": 243.391387939,
        "mean": 5.41487646103,
        "median": 2.01905965805,
        "min": -1.23425865173,
        "var": 384.4871521
    },
    "spectral_rms": {
        "dmean": 0.00131000101101,
        "dmean2": 0.00190812419169,
        "dvar": 2.36883624893e-06,
        "dvar2": 4.93590005135e-06,
        "max": 0.0201760511845,
        "mean": 0.00705364625901,
        "median": 0.00720040639862,
        "min": 3.22159464904e-12,
        "var": 1.73587504833e-05
    },
    "spectral_rolloff": {
        "dmean": 728.079589844,
        "dmean2": 1237.74633789,
        "dvar": 1863175.5,
        "dvar2": 4230885.5,
        "max": 19186.0839844,
        "mean": 1673.79516602,
        "median": 193.798828125,
        "min": 21.533203125,
        "var": 6464598
    },
    "spectral_skewness": {
        "dmean": 0.198559179902,
        "dmean2": 0.315403342247,
        "dvar": 0.126270875335,
        "dvar2": 0.373904764652,
        "max": 12.1392784119,
        "mean": 1.31702589989,
        "median": 1.08437383175,
        "min": -0.0681896731257,
        "var": 1.47940957546
    },
    "spectral_spread": {
        "dmean": 599377.0625,
        "dmean2": 931142,
        "dvar": 515184099328,
        "dvar2": 1.06524881715e+12,
        "max": 41460296,
        "mean": 5947897.5,
        "median": 6115590,
        "min": 411367.75,
        "var": 2.88272836198e+12
    },
    "spectral_strongpeak": {
        "dmean": 0.26010632515,
        "dmean2": 0.418981850147,
        "dvar": 0.194859951735,
        "dvar2": 0.472376793623,
        "max": 13.0559186935,
        "mean": 0.546824097633,
        "median": 0.405952900648,
        "min": 0,
        "var": 0.424870014191
    },
    "zerocrossingrate": {
        "dmean": 0.0140580553561,
        "dmean2": 0.0173716712743,
        "dvar": 0.000260046683252,
        "dvar2": 0.000353108393028,
        "max": 0.7275390625,
        "mean": 0.0663696154952,
        "median": 0.044921875,
        "min": 0.00146484375,
        "var": 0.0036390228197
    },
    "barkbands": {
        "dmean": [0.0054923389107, 0.0167931318283, 0.00643048388883, 0.00286495545879, 0.00434274692088, 0.000330244103679, 7.72024868638e-05, 4.46122176072e-05, 7.0005604357e-05, 8.23733207653e-05, 0.000121602963191, 0.000173672669916, 0.000126796090626, 0.000119225878734, 0.000148030303535, 0.000149931627675, 0.000166234603967, 0.000174894244992, 0.000203826828511, 0.000217245542444, 0.000197100016521, 0.000166467681993, 0.000135799113195, 0.000121143384604, 9.23001571209e-05, 5.38867425348e-05, 1.21077555377e-05],
        "dmean2": [0.00859473180026, 0.0257338173687, 0.0111017329618, 0.00528637226671, 0.00745481811464, 0.000574772828259, 0.000132205095724, 7.40779723856e-05, 0.00011458418885, 0.000135649897857, 0.00019754107052, 0.000281274551526, 0.000205555013963, 0.000199859001441, 0.000242747933953, 0.000244054928771, 0.000266744958935, 0.000288068404188, 0.000344329775544, 0.000366579130059, 0.000318546226481, 0.000254706566921, 0.000210135491216, 0.00018951430684, 0.000145952129969, 8.35776227177e-05, 1.91910803551e-05],
        "dvar": [0.000121021119412, 0.000684645026922, 0.000419207790401, 0.00014044623822, 0.000175226916326, 1.05442120457e-06, 3.33950609388e-08, 9.84503589763e-09, 2.09860111511e-08, 3.40761481255e-08, 6.98944688793e-08, 1.4840094309e-07, 6.8592349578e-08, 6.65572628122e-08, 9.18706390962e-08, 1.20174206586e-07, 1.70926199416e-07, 9.85115349295e-08, 1.26513128862e-07, 1.47944064111e-07, 7.88330893897e-08, 6.18306401634e-08, 3.62704355439e-08, 3.1359292052e-08, 1.82053518927e-08, 6.39766239985e-09, 5.09450204245e-10],
        "dvar2": [0.00031218395452, 0.00162429502234, 0.00112144916784, 0.000407221756177, 0.000466356606921, 2.94844312521e-06, 8.80491910493e-08, 2.49409914943e-08, 5.21007414989e-08, 8.2976796989e-08, 1.72187611724e-07, 3.74238084078e-07, 1.75130367097e-07, 1.67882944879e-07, 2.29255149975e-07, 2.89335815751e-07, 3.43298523831e-07, 2.4963441092e-07, 3.36490245445e-07, 4.05844360785e-07, 2.02069784905e-07, 1.3356735451e-07, 8.00104160703e-08, 7.0593323187e-08, 4.60973552663e-08, 1.51631578404e-08, 1.18806653404e-09],
        "max": [0.233667582273, 0.293950974941, 0.203489243984, 0.133534491062, 0.143903166056, 0.0151865072548, 0.00407608458772, 0.00156036263797, 0.00308110937476, 0.00351909128949, 0.00551644805819, 0.00828038714826, 0.00650994153693, 0.00583089282736, 0.00582370115444, 0.0127050727606, 0.0197112560272, 0.00964708719403, 0.00731358677149, 0.00725471647456, 0.00561490049586, 0.00397117482498, 0.00393549585715, 0.00326597737148, 0.0018804668216, 0.00148342049215, 0.000617983634584],
        "mean": [0.0128667764366, 0.0381557904184, 0.00608775345609, 0.0019900565967, 0.0045250505209, 0.000295167817967, 7.90582271293e-05, 5.53915633645e-05, 9.36428186833e-05, 0.000106732208224, 0.000166130848811, 0.000252375582932, 0.00019335115212, 0.000169628910953, 0.000220945948968, 0.000236518215388, 0.000275067170151, 0.00031602740637, 0.000354290299583, 0.000422184122726, 0.000474440312246, 0.000412545574363, 0.00034866243368, 0.000315637065796, 0.000221572059672, 0.000134035886731, 2.15281288547e-05],
        "median": [0.00500552682206, 0.0208340622485, 0.00116233085282, 0.000177188878297, 0.000180565417395, 5.89556839259e-05, 2.02464980248e-05, 1.89467591554e-05, 3.67458378605e-05, 3.40769402101e-05, 4.62109346699e-05, 7.61247865739e-05, 7.46854348108e-05, 6.18947306066e-05, 8.84047040017e-05, 0.000103700491309, 0.000121629032947, 0.00016581901582, 0.000194677471882, 0.000229153316468, 0.000289717572741, 0.000248080032179, 0.00020947997109, 0.00018147053197, 0.000134121946758, 7.26982834749e-05, 7.14170664651e-06],
        "min": [2.63582390084e-24, 1.65638623105e-23, 2.05389284676e-24, 5.12948165593e-24, 3.70891316515e-23, 6.2815359363e-23, 2.83093117248e-23, 5.83399179448e-23, 7.13078824589e-23, 6.71121206306e-23, 1.48791005949e-22, 6.83629637255e-23, 9.31441960259e-23, 9.43518852738e-23, 9.91975738246e-23, 1.40844096921e-22, 1.42226042387e-22, 1.19468629584e-22, 1.62503857106e-22, 3.31477661056e-22, 3.9092811214e-22, 4.07025519419e-22, 4.99492891721e-22, 7.92618912356e-22, 9.23134674325e-22, 1.87670882779e-21, 2.24828235753e-21],
        "var": [0.000349475856638, 0.00199649529532, 0.000315322657116, 8.01954593044e-05, 0.000183276366442, 7.39056986276e-07, 3.35597469814e-08, 1.3102037677e-08, 2.98838713775e-08, 5.03065393787e-08, 1.12038790689e-07, 2.48860743568e-07, 1.08676530886e-07, 1.02858145112e-07, 1.55753056674e-07, 2.25396846076e-07, 4.04919319408e-07, 2.35647817703e-07, 2.42976199161e-07, 3.28065766553e-07, 3.0656227068e-07, 2.47515828278e-07, 1.68214612017e-07, 1.3465971449e-07, 5.67054492251e-08, 2.71985793887e-08, 1.57648272214e-09]
    },
    "erbbands": {
        "dmean": [0.86528724432, 2.68289446831, 6.58700990677, 9.12129211426, 12.2088527679, 15.7515058517, 6.42255210876, 2.2030916214, 1.22315430641, 0.91603243351, 1.10150837898, 1.45115220547, 2.0108320713, 4.65926933289, 4.01525783539, 6.15134906769, 5.69508457184, 5.81979465485, 5.86010932922, 6.63455343246, 9.27594566345, 9.77212810516, 9.23175144196, 10.4682998657, 10.182100296, 9.37366008759, 9.09023952484, 7.42028141022, 6.15116071701, 5.14553594589, 3.72852301598, 2.82885026932, 1.91531717777, 1.09380149841, 0.695725739002, 0.280049264431, 0.0970702767372, 0.0221168603748, 0.00195785448886, 4.40591029474e-05],
        "dmean2": [1.28313446045, 4.31495189667, 11.1155500412, 16.0093536377, 21.0448570251, 27.494977951, 11.5286159515, 3.8020298481, 2.11383914948, 1.53492200375, 1.79083144665, 2.38207054138, 3.2672162056, 7.51076221466, 6.4463429451, 9.93715667725, 9.13682079315, 9.54802799225, 9.66806221008, 10.5922822952, 15.0386199951, 15.6744499207, 15.1630430222, 17.6837940216, 17.0542850494, 15.6855859756, 15.110285759, 11.8680105209, 9.39955425262, 7.9336938858, 5.72447395325, 4.37514877319, 3.00254130363, 1.71481788158, 1.13238930702, 0.442912459373, 0.152152553201, 0.0343715175986, 0.003120547859, 6.74747861922e-05],
        "dvar": [1.88690030575, 23.9435882568, 380.083618164, 1088.79528809, 1567.29406738, 2608.96679688, 524.179260254, 40.3452987671, 9.49308013916, 5.14063978195, 5.86037302017, 9.7950592041, 16.2659835815, 114.327537537, 69.3273391724, 163.99911499, 139.223342896, 134.895278931, 126.846427917, 164.085220337, 496.523010254, 674.600891113, 292.341247559, 334.162597656, 313.173095703, 265.314544678, 213.337265015, 109.052726746, 76.7609634399, 61.1580314636, 27.0006332397, 14.5215539932, 8.92408466339, 2.08774852753, 1.33357393742, 0.171414986253, 0.0202728603035, 0.00125794950873, 1.40908141475e-05, 3.2817162321e-09],
        "dvar2": [4.02301549911, 60.3235740662, 991.036437988, 3024.36865234, 4312.29248047, 7033.12255859, 1459.37658691, 112.32346344, 25.7780628204, 13.4565143585, 14.6437158585, 24.7506771088, 40.2442398071, 273.899047852, 168.524917603, 412.832794189, 350.365814209, 338.324066162, 311.117919922, 404.722137451, 1200.42358398, 1309.62988281, 752.251403809, 877.78894043, 844.268493652, 715.436218262, 571.771240234, 266.174346924, 166.433670044, 139.119354248, 57.9307060242, 31.9152622223, 20.2815151215, 4.98607301712, 3.53207159042, 0.416783362627, 0.0484401322901, 0.00295170024037, 3.35292788805e-05, 7.70840635766e-09],
        "max": [17.8160629272, 56.4901924133, 195.467636108, 332.441162109, 564.807434082, 549.772460938, 271.346343994, 97.71118927, 42.2735214233, 59.8840293884, 38.2670173645, 79.3666000366, 79.9800643921, 220.440795898, 192.201477051, 272.932312012, 291.820251465, 191.379821777, 246.212142944, 274.485473633, 812.515991211, 1363.9362793, 592.210876465, 611.909667969, 346.799224854, 266.931060791, 349.733520508, 245.298934937, 160.360961914, 154.855911255, 100.350418091, 67.1151123047, 49.1601409912, 24.7008152008, 13.9535083771, 7.81056880951, 3.19752693176, 0.946417868137, 0.0972089022398, 0.00136580807157],
        "mean": [2.23300385475, 4.10366868973, 6.6630897522, 7.69312763214, 12.1711244583, 15.4409389496, 5.02694034576, 2.05553126335, 1.24099373817, 1.07211971283, 1.43685889244, 1.94012570381, 2.77443814278, 6.43936491013, 6.13027477264, 9.46241760254, 9.3028755188, 8.86081886292, 9.34862613678, 11.1481800079, 15.007768631, 16.985086441, 16.8412075043, 17.7820987701, 19.668718338, 18.4487094879, 19.7807350159, 17.7133712769, 14.9666986465, 12.5721530914, 9.63938140869, 7.34431695938, 4.75256252289, 2.69115161896, 1.49794495106, 0.657355308533, 0.230778366327, 0.0489519648254, 0.00350637757219, 0.000138654344482],
        "median": [1.02806508541, 2.10148620605, 1.66913843155, 1.51677954197, 0.782462835312, 0.500231325626, 0.552628099918, 0.494335800409, 0.331285446882, 0.346791923046, 0.501645326614, 0.791896700859, 1.05893647671, 1.76660048962, 2.20308065414, 3.19517993927, 3.65494585037, 3.48388361931, 4.11952733994, 5.13483095169, 6.88369464874, 7.54277992249, 8.98943424225, 9.78888511658, 10.5422105789, 10.9066982269, 11.7507410049, 10.5294685364, 8.86100387573, 7.38679409027, 5.74909973145, 4.20548582077, 2.73320508003, 1.60493910313, 0.887650430202, 0.369778126478, 0.120300129056, 0.023945024237, 0.00112628471106, 0.000119535827253],
        "min": [7.26637879424e-22, 2.50030001597e-21, 3.36725840325e-21, 1.33634194509e-20, 6.7919489904e-20, 1.41821783308e-19, 5.98170386691e-19, 5.7829928533e-19, 3.64240504136e-19, 6.51894319911e-19, 1.73758159179e-18, 1.85381949301e-18, 1.36221323367e-18, 3.74184952179e-18, 4.80332573412e-18, 3.73418982931e-18, 4.23867280925e-18, 3.92282381851e-18, 4.703552863e-18, 6.10518311401e-18, 8.09494333004e-18, 9.03764715976e-18, 5.84940149781e-18, 7.93465640684e-18, 9.235640284e-18, 1.60802438699e-17, 1.57833803286e-17, 1.36703979118e-17, 1.46481940518e-17, 1.63373316043e-17, 1.53111991651e-17, 1.83956547533e-17, 1.12199671642e-17, 9.13062887806e-18, 7.19104006131e-18, 5.12448563798e-18, 4.21626614082e-18, 1.37243129238e-18, 2.96023772049e-19, 3.15698553724e-20],
        "var": [7.9617934227, 32.3000717163, 307.168273926, 713.72277832, 1330.39233398, 2544.15869141, 344.022827148, 29.1763114929, 8.14543628693, 5.71445322037, 8.24914550781, 13.09192276, 25.0513305664, 188.929748535, 122.07358551, 292.542785645, 246.127578735, 213.415878296, 227.352386475, 309.089630127, 947.851257324, 1688.39978027, 681.179138184, 651.011535645, 818.624816895, 524.882507324, 578.286376953, 437.528045654, 325.859039307, 235.392105103, 124.737808228, 70.3332290649, 32.3194580078, 8.59602832794, 2.86803674698, 0.623350977898, 0.0837285071611, 0.00473903305829, 4.17492228735e-05, 1.51832200146e-08]
    },
    "gfcc": {
        "mean": [-17.5845241547, 22.9094734192, -88.5300140381, 62.0281982422, -32.6981697083, 34.2701644897, -23.289730072, 14.7945404053, -23.6860408783, 7.83036756516, -14.0366611481, 9.33828163147, -8.77185535431],
        "cov": [[18193.21875, -3021.17456055, 1000.70336914, 3140.13037109, 897.598083496, 1659.22045898, 547.537963867, 745.994140625, -351.942443848, 258.748840332, -317.586547852, 192.158050537, -265.488189697], [-3021.17456055, 2259.71533203, 301.964874268, -752.058959961, -202.909866333, -446.785522461, -0.291047602892, -243.879699707, 80.8686752319, -167.469696045, 115.001174927, -77.5673980713, 135.946762085], [1000.70336914, 301.964874268, 1632.16442871, 779.045349121, 33.144405365, 118.376457214, 81.6754760742, -33.1654205322, -168.557754517, -91.2738876343, -81.8322525024, -48.7148132324, -35.705493927], [3140.13037109, -752.058959961, 779.045349121, 1295.05822754, 367.604003906, 458.948791504, 156.887420654, 142.242706299, -105.389190674, 19.1633358002, -101.016151428, -19.1235122681, -75.682800293], [897.598083496, -202.909866333, 33.144405365, 367.604003906, 488.175872803, 336.672332764, 206.409118652, 160.69682312, 106.230682373, 69.0252914429, 23.0556049347, -2.52459454536, -16.913892746], [1659.22045898, -446.785522461, 118.376457214, 458.948791504, 336.672332764, 508.760864258, 263.793579102, 224.847244263, 63.2029342651, 92.3989257812, 16.4983177185, 29.568277359, -41.1186218262], [547.537963867, -0.291047602892, 81.6754760742, 156.887420654, 206.409118652, 263.793579102, 282.00189209, 171.898590088, 95.5665969849, 62.8683319092, 49.5309143066, 16.8641967773, -2.24953889847], [745.994140625, -243.879699707, -33.1654205322, 142.242706299, 160.69682312, 224.847244263, 171.898590088, 226.538131714, 107.333427429, 95.1965942383, 29.6866111755, 29.0429553986, -17.0039958954], [-351.942443848, 80.8686752319, -168.557754517, -105.389190674, 106.230682373, 63.2029342651, 95.5665969849, 107.333427429, 179.400924683, 88.532913208, 70.0616760254, 10.4094495773, 14.2474470139], [258.748840332, -167.469696045, -91.2738876343, 19.1633358002, 69.0252914429, 92.3989257812, 62.8683319092, 95.1965942383, 88.532913208, 138.927307129, 66.0790100098, 40.4262619019, -6.02166986465], [-317.586547852, 115.001174927, -81.8322525024, -101.016151428, 23.0556049347, 16.4983177185, 49.5309143066, 29.6866111755, 70.0616760254, 66.0790100098, 104.11579895, 45.155418396, 24.8319969177], [192.158050537, -77.5673980713, -48.7148132324, -19.1235122681, -2.52459454536, 29.568277359, 16.8641967773, 29.0429553986, 10.4094495773, 40.4262619019, 45.155418396, 82.62159729, 33.8591003418], [-265.488189697, 135.946762085, -35.705493927, -75.682800293, -16.913892746, -41.1186218262, -2.24953889847, -17.0039958954, 14.2474470139, -6.02166986465, 24.8319969177, 33.8591003418, 71.4431686401]],
        "icov": [[0.000140315809404, -8.18318731035e-05, 0.000118899079098, -0.000313084980007, 8.52154116728e-05, -0.000192618099391, 3.24281681969e-05, -0.000257996638538, 0.000359191995813, -0.000293245509965, 0.00049024715554, -0.000514202401973, 0.000230777790421], [-8.18318731035e-05, 0.00144380633719, -0.000752483261749, 0.000963229045738, -0.00029451266164, 0.000749402795918, -0.00105145876296, 0.00105543388054, -0.00109056557994, 0.00174492201768, -0.00223256205209, 0.00208096136339, -0.00167315010913], [0.000118899079098, -0.000752483261749, 0.00152131903451, -0.00152024638373, 0.000642334460281, -2.79210144072e-05, -0.000385523133446, -0.000345900945831, 0.00108997360803, -0.000628454901744, 0.000898175407201, -0.000901538704056, 0.00090984738199], [-0.000313084980007, 0.000963229045738, -0.00152024638373, 0.00347079848871, -0.00153033307288, -0.000624089152552, 0.00029487721622, 0.000530091288965, 0.000320085237036, 0.000388227606891, -0.000796562118921, 0.00229163654149, -0.00150571903214], [8.52154116728e-05, -0.00029451266164, 0.000642334460281, -0.00153033307288, 0.00510918023065, -0.00246677058749, -0.000670342124067, 0.000684497412294, -0.00245462241583, 0.000283618021058, 0.00026155798696, 0.000671055808198, -0.000386916537536], [-0.000192618099391, 0.000749402795918, -2.79210144072e-05, -0.000624089152552, -0.00246677058749, 0.008715021424, -0.00478648673743, -0.00157706730533, 0.000905293389224, 0.000241868096055, -0.000824379734695, -0.00118169642519, 0.00177535775583], [3.24281681969e-05, -0.00105145876296, -0.000385523133446, 0.00029487721622, -0.000670342124067, -0.00478648673743, 0.0122252618894, -0.00613576220348, 0.000204260839382, 0.00151191442274, -0.00348527659662, 0.00180697639007, -0.00130623718724], [-0.000257996638538, 0.00105543388054, -0.000345900945831, 0.000530091288965, 0.000684497412294, -0.00157706730533, -0.00613576220348, 0.0165694802999, -0.00810397509485, -0.00228871498257, 0.0046050385572, -0.00366738834418, 0.00198713201098], [0.000359191995813, -0.00109056557994, 0.00108997360803, 0.000320085237036, -0.00245462241583, 0.000905293389224, 0.000204260839382, -0.00810397509485, 0.0189052131027, -0.00746456673369, -0.00364260724746, 0.00603595096618, -0.00368249369785], [-0.000293245509965, 0.00174492201768, -0.000628454901744, 0.000388227606891, 0.000283618021058, 0.000241868096055, 0.00151191442274, -0.00228871498257, -0.00746456673369, 0.0208315365016, -0.0112370308489, -0.00210593361408, 0.00354455038905], [0.00049024715554, -0.00223256205209, 0.000898175407201, -0.000796562118921, 0.00026155798696, -0.000824379734695, -0.00348527659662, 0.0046050385572, -0.00364260724746, -0.0112370308489, 0.0291761159897, -0.0146422674879, 0.00282663200051], [-0.000514202401973, 0.00208096136339, -0.000901538704056, 0.00229163654149, 0.000671055808198, -0.00118169642519, 0.00180697639007, -0.00366738834418, 0.00603595096618, -0.00210593361408, -0.0146422674879, 0.0316612571478, -0.0165278930217], [0.000230777790421, -0.00167315010913, 0.00090984738199, -0.00150571903214, -0.000386916537536, 0.00177535775583, -0.00130623718724, 0.00198713201098, -0.00368249369785, 0.00354455038905, 0.00282663200051, -0.0165278930217, 0.0261439029127]]
    },
    "melbands": {
        "dmean": [0.00594090763479, 0.00318586127833, 0.00155172462109, 0.00110682845116, 0.000305336579913, 5.00534333696e-05, 1.78638838406e-05, 9.52798836806e-06, 9.42207498156e-06, 9.81732500804e-06, 1.03057454908e-05, 1.83618667506e-05, 1.3946182662e-05, 1.70471848833e-05, 1.80616261787e-05, 1.24747011796e-05, 1.10466198748e-05, 9.06086279429e-06, 1.35501604746e-05, 7.79685888119e-06, 1.17710069389e-05, 1.13975111162e-05, 8.15428757051e-06, 8.96478650247e-06, 9.10571088752e-06, 7.71569830249e-06, 8.30477347336e-06, 6.65561083224e-06, 6.78380047248e-06, 5.04227227793e-06, 4.49271419711e-06, 3.96880386688e-06, 3.37702499564e-06, 2.99335601994e-06, 2.39505880018e-06, 2.08970732274e-06, 1.78337836587e-06, 1.53720941398e-06, 1.13885346309e-06, 9.41092082485e-07],
        "dmean2": [0.00895859207958, 0.00514617981389, 0.00267547625117, 0.00191072479356, 0.000549710122868, 8.66527916514e-05, 3.07542104565e-05, 1.59184564836e-05, 1.53355449584e-05, 1.61838488566e-05, 1.68277128978e-05, 2.96447560686e-05, 2.24657378567e-05, 2.78504594462e-05, 2.94760702673e-05, 2.00833055715e-05, 1.84162981895e-05, 1.50938176375e-05, 2.22483358812e-05, 1.25707983898e-05, 1.91489398276e-05, 1.84656819329e-05, 1.34703723234e-05, 1.4950919649e-05, 1.55401376105e-05, 1.30523130792e-05, 1.40596675919e-05, 1.13157966553e-05, 1.1431877283e-05, 8.29351665743e-06, 7.27304177417e-06, 6.19302318228e-06, 5.21255378771e-06, 4.75275783174e-06, 3.75893273485e-06, 3.21132824865e-06, 2.80787799056e-06, 2.45954493039e-06, 1.80595372967e-06, 1.5118345118e-06],
        "dvar": [8.40132270241e-05, 5.91037642153e-05, 2.92214645015e-05, 1.1471277503e-05, 1.2198852346e-06, 2.17333990804e-08, 1.89915372317e-09, 5.17665244004e-10, 4.37698488565e-10, 4.4968620494e-10, 4.45689679607e-10, 1.73537995085e-09, 7.58425211522e-10, 1.91266624761e-09, 1.95526950186e-09, 6.78956668665e-10, 5.06920228016e-10, 3.92030075069e-10, 8.84860185124e-10, 2.40936715024e-10, 7.86361142868e-10, 1.11015630022e-09, 2.64955168916e-10, 2.71602851321e-10, 2.70301614425e-10, 1.96860860946e-10, 2.87948942468e-10, 1.49245324432e-10, 1.36739800038e-10, 5.54562402943e-11, 3.83202393428e-11, 3.33633953797e-11, 2.77805400212e-11, 2.15708666207e-11, 1.13652316724e-11, 8.26174111762e-12, 6.0166077849e-12, 6.08799989588e-12, 2.73473843397e-12, 1.59489760808e-12],
        "dvar2": [0.000186334727914, 0.000145180616528, 7.95003506937e-05, 3.03224205709e-05, 3.38968948199e-06, 6.09817689678e-08, 5.10980990853e-09, 1.33927513524e-09, 1.09179609797e-09, 1.12445386335e-09, 1.10621301008e-09, 4.15336787185e-09, 1.83300197243e-09, 4.84651074828e-09, 4.99567542889e-09, 1.70650027442e-09, 1.29350208322e-09, 9.74754832406e-10, 2.2334434302e-09, 5.7968568834e-10, 1.89272553186e-09, 2.10440731507e-09, 7.01891544885e-10, 7.25941307067e-10, 7.16209036522e-10, 5.17792253518e-10, 8.27125812286e-10, 4.0564085424e-10, 3.68115482541e-10, 1.43130271524e-10, 9.52773901441e-11, 7.64485696969e-11, 6.10471673212e-11, 5.31923914637e-11, 2.63092481828e-11, 1.87209518721e-11, 1.38054151444e-11, 1.41178310362e-11, 6.45403305452e-12, 3.96870774091e-12],
        "max": [0.113334156573, 0.0808142870665, 0.0578218139708, 0.0377382785082, 0.0123037714511, 0.00230475189164, 0.000604409840889, 0.000550926080905, 0.000367692526197, 0.000526831892785, 0.000453864573501, 0.000815246254206, 0.000448092614533, 0.00112578435801, 0.0014467415167, 0.000467191217467, 0.000338896701578, 0.000538283318747, 0.000635152799077, 0.000463901116746, 0.000951565394644, 0.00177914556116, 0.000639146426693, 0.000407218991313, 0.000563488574699, 0.000327043642756, 0.000441906682681, 0.000159863920999, 0.000283445173409, 0.000167202480952, 0.000114939917694, 0.000130599277327, 9.40812387853e-05, 8.6816457042e-05, 6.86745843268e-05, 5.11000871484e-05, 4.27980266977e-05, 4.19263524236e-05, 2.3403972591e-05, 2.22436028707e-05],
        "mean": [0.0149553958327, 0.0039629060775, 0.00140292465221, 0.00116856326349, 0.000240740046138, 4.62332718598e-05, 1.83305674e-05, 1.1469128367e-05, 1.21272196338e-05, 1.28543470055e-05, 1.35858354042e-05, 2.49776694545e-05, 2.05373726203e-05, 2.40774897975e-05, 2.66789338639e-05, 1.89190432138e-05, 1.58157799888e-05, 1.33173298309e-05, 1.94862204808e-05, 1.27076200442e-05, 1.78323734872e-05, 1.82481417141e-05, 1.41230866575e-05, 1.52020284077e-05, 1.42937733472e-05, 1.32520299303e-05, 1.53196633619e-05, 1.14718895929e-05, 1.30220778374e-05, 1.07296609713e-05, 9.87369003269e-06, 8.61208809511e-06, 7.63366824685e-06, 6.69398787068e-06, 5.59224326935e-06, 5.06657943333e-06, 4.23760138801e-06, 3.48314392795e-06, 2.69772363026e-06, 2.12024906432e-06],
        "median": [0.00785841140896, 0.00167356559541, 0.000277591519989, 4.27323466283e-05, 1.96404598682e-05, 1.01508439911e-05, 4.78848414787e-06, 3.81484233003e-06, 4.1894095375e-06, 5.05996376887e-06, 4.94324467581e-06, 6.71978978062e-06, 6.78576861901e-06, 7.44506405681e-06, 7.76715660322e-06, 6.87897045282e-06, 5.9617250372e-06, 5.4571369219e-06, 7.18642286301e-06, 5.88216926189e-06, 7.88468969404e-06, 7.23850416762e-06, 7.28088616597e-06, 8.00864927442e-06, 7.50015487938e-06, 7.13677263775e-06, 7.42943984733e-06, 6.81160236127e-06, 7.12918972567e-06, 6.35823835182e-06, 5.75618423682e-06, 4.922269909e-06, 4.4039761633e-06, 3.82795360565e-06, 3.29046224579e-06, 2.86876706923e-06, 2.38552956944e-06, 1.93251207747e-06, 1.5093228285e-06, 1.25773374293e-06],
        "min": [4.99050960798e-24, 2.32710949647e-24, 2.84327163917e-24, 8.46058842876e-24, 1.82191259925e-23, 1.21976584062e-23, 5.22752444467e-24, 8.07483939041e-24, 1.53273117975e-23, 1.06884925527e-23, 6.84849673754e-24, 1.3629833013e-23, 2.03693304727e-23, 7.75305277198e-24, 5.67095341469e-24, 1.02010798541e-23, 6.38785837244e-24, 7.41063744088e-24, 7.30165394024e-24, 8.79998084487e-24, 9.28119546339e-24, 8.95654133557e-24, 5.19190224721e-24, 5.51396062822e-24, 6.52604905367e-24, 6.27819526813e-24, 8.07523697631e-24, 1.11723814097e-23, 9.35111772744e-24, 8.04525079558e-24, 8.91779485448e-24, 8.49688944103e-24, 7.96375042002e-24, 7.21149108307e-24, 8.04038825696e-24, 1.02224059198e-23, 1.16713816862e-23, 8.00853168702e-24, 8.01404976905e-24, 6.99204181216e-24],
        "var": [0.000323839543853, 5.92577634961e-05, 2.02704413823e-05, 1.24985263028e-05, 8.30822898479e-07, 1.54269059749e-08, 1.72807468335e-09, 6.14401529653e-10, 6.12809858413e-10, 6.00308136534e-10, 6.65714428028e-10, 2.8495665827e-09, 1.32425215238e-09, 2.91886959047e-09, 3.2431151098e-09, 1.08362785411e-09, 7.47797546108e-10, 6.25469454008e-10, 1.46809853163e-09, 4.37264696673e-10, 1.4092267353e-09, 2.62423882624e-09, 5.79156000935e-10, 5.68093627695e-10, 4.76878647682e-10, 3.69489272511e-10, 7.23947957137e-10, 2.13467424293e-10, 3.06132535988e-10, 1.81018450229e-10, 1.35561090131e-10, 1.19242532515e-10, 9.39921543375e-11, 7.13807693509e-11, 4.34152332141e-11, 3.61552454642e-11, 2.4306596666e-11, 1.89914525078e-11, 9.85995660119e-12, 5.41603437446e-12]
    },
    "mfcc": {
        "mean": [-660.499511719, 49.8904685974, 14.7721815109, 39.0748901367, 21.4273414612, 26.745967865, 18.5171165466, 15.9695482254, 7.31167793274, 4.76954269409, 1.71839785576, 4.80345869064, 2.54275774956],
        "cov": [[9454.88476562, -209.424667358, 588.30871582, 1082.29333496, 632.491333008, 832.250610352, 820.407104492, 611.323364258, 328.391784668, 279.09588623, 140.220504761, 43.4737968445, -1.55980277061], [-209.424667358, 1218.44824219, 218.076568604, -105.782249451, -107.484657288, -73.4535293579, -32.16746521, -10.9486312866, -2.74240469933, -31.6612224579, -28.8429985046, 10.6778287888, 31.561296463], [588.30871582, 218.076568604, 1266.42333984, 573.635437012, 90.7471847534, 115.077468872, 125.615524292, 42.4114456177, -51.2045440674, -46.6906166077, -88.3957672119, -122.918075562, -88.0552444458], [1082.29333496, -105.782249451, 573.635437012, 691.065429688, 305.881011963, 253.446182251, 202.842056274, 112.390365601, 49.2883300781, 45.0574531555, -7.41475486755, -53.7715950012, -42.1070213318], [632.491333008, -107.484657288, 90.7471847534, 305.881011963, 351.620727539, 246.546722412, 170.754989624, 134.75138855, 99.1041946411, 88.0308609009, 54.8964767456, 26.4544010162, 12.7456016541], [832.250610352, -73.4535293579, 115.077468872, 253.446182251, 246.546722412, 322.250335693, 239.803985596, 172.165130615, 107.374572754, 94.1218338013, 67.1861877441, 43.80884552, 26.7589168549], [820.407104492, -32.16746521, 125.615524292, 202.842056274, 170.754989624, 239.803985596, 282.365478516, 197.972015381, 117.447921753, 96.698059082, 68.9765396118, 47.5922698975, 37.253162384], [611.323364258, -10.9486312866, 42.4114456177, 112.390365601, 134.75138855, 172.165130615, 197.972015381, 214.365463257, 133.480728149, 91.3053817749, 67.3043212891, 54.0265083313, 41.5919876099], [328.391784668, -2.74240469933, -51.2045440674, 49.2883300781, 99.1041946411, 107.374572754, 117.447921753, 133.480728149, 147.41506958, 103.757667542, 71.4896011353, 56.4385032654, 41.2049560547], [279.09588623, -31.6612224579, -46.6906166077, 45.0574531555, 88.0308609009, 94.1218338013, 96.698059082, 91.3053817749, 103.757667542, 137.074661255, 94.4481964111, 60.3322486877, 37.0325546265], [140.220504761, -28.8429985046, -88.3957672119, -7.41475486755, 54.8964767456, 67.1861877441, 68.9765396118, 67.3043212891, 71.4896011353, 94.4481964111, 120.451026917, 86.3250656128, 50.8491592407], [43.4737968445, 10.6778287888, -122.918075562, -53.7715950012, 26.4544010162, 43.80884552, 47.5922698975, 54.0265083313, 56.4385032654, 60.3322486877, 86.3250656128, 124.261650085, 78.3087310791], [-1.55980277061, 31.561296463, -88.0552444458, -42.1070213318, 12.7456016541, 26.7589168549, 37.253162384, 41.5919876099, 41.2049560547, 37.0325546265, 50.8491592407, 78.3087310791, 91.3673934937]],
