{
"lowlevel": {
    "average_loudness": 0.621698319912,
    "barkbands_crest": {
        "dmean": 2.76909184456,
        "dmean2": 4.17129993439,
        "dvar": 8.34398078918,
        "dvar2": 18.9441833496,
        "max": 26.7219810486,
        "mean": 13.3733100891,
        "median": 13.4080600739,
        "min": 1.9333781004,
        "var": 35.0764198303
    },
    "barkbands_flatness_db": {
        "dmean": 0.0281111095101,
        "dmean2": 0.0390437580645,
        "dvar": 0.00112224824261,
        "dvar2": 0.00196489319205,
        "max": 0.777044534683,
        "mean": 0.12740854919,
        "median": 0.110391937196,
        "min": 0.0141160106286,
        "var": 0.00627236627042
    },
    "barkbands_kurtosis": {
        "dmean": 10.2357301712,
        "dmean2": 13.6304636002,
        "dvar": 8922.15234375,
        "dvar2": 24102.1191406,
        "max": 7219.39453125,
        "mean": 16.0833473206,
        "median": 3.41528153419,
        "min": -1.87188065052,
        "var": 6937.18066406
    },
    "barkbands_skewness": {
        "dmean": 0.919977009296,
        "dmean2": 1.23895561695,
        "dvar": 1.87753212452,
        "dvar2": 3.21929740906,
        "max": 48.6713829041,
        "mean": 2.71109294891,
        "median": 2.10276126862,
        "min": -2.70039105415,
        "var": 7.80113267899
    },
    "barkbands_spread": {
        "dmean": 10.1471138,
        "dmean2": 16.0715904236,
        "dvar": 173.436325073,
        "dvar2": 421.154663086,
        "max": 115.529289246,
        "mean": 33.1792526245,
        "median": 31.30078125,
        "min": 0.0259873494506,
        "var": 436.504302979
    },
    "dissonance": {
        "dmean": 0.00971343740821,
        "dmean2": 0.0163158327341,
        "dvar": 9.86061277217e-05,
        "dvar2": 0.000266680435743,
        "max": 0.500000059605,
        "mean": 0.481851041317,
        "median": 0.486769378185,
        "min": 0.286951869726,
        "var": 0.000317618163535
    },
    "dynamic_complexity": 5.13719749451,
    "erbbands_crest": {
        "dmean": 1.92372953892,
        "dmean2": 3.11258935928,
        "dvar": 4.69640302658,
        "dvar2": 11.2423086166,
        "max": 28.1692867279,
        "mean": 6.02676343918,
        "median": 4.80436658859,
        "min": 2.04563975334,
        "var": 12.2359046936
    },
    "erbbands_flatness_db": {
        "dmean": 0.0108945937827,
        "dmean2": 0.0168151017278,
        "dvar": 0.000132450979436,
        "dvar2": 0.000280506996205,
        "max": 0.4122389853,
        "mean": 0.0990401357412,
        "median": 0.0905463546515,
        "min": 0.0399367958307,
        "var": 0.00145305437036
    },
    "erbbands_kurtosis": {
        "dmean": 0.60040974617,
        "dmean2": 0.960698664188,
        "dvar": 17.6360683441,
        "dvar2": 30.218793869,
        "max": 352.08770752,
        "mean": -0.130619063973,
        "median": -0.432993531227,
        "min": -1.8620762825,
        "var": 33.9957237244
    },
    "erbbands_skewness": {
        "dmean": 0.308981209993,
        "dmean2": 0.471046388149,
        "dvar": 0.124374069273,
        "dvar2": 0.263737857342,
        "max": 16.5227737427,
        "mean": -0.157090052962,
        "median": -0.227188467979,
        "min": -2.25986242294,
        "var": 0.487886071205
    },
    "erbbands_spread": {
        "dmean": 10.722486496,
        "dmean2": 16.0029830933,
        "dvar": 150.973419189,
        "dvar2": 295.093231201,
        "max": 183.438522339,
        "mean": 61.8189811707,
        "median": 56.1626434326,
        "min": 1.2310063839,
        "var": 753.127990723
    },
    "hfc": {
        "dmean": 14.6338329315,
        "dmean2": 23.9693775177,
        "dvar": 1382.38134766,
        "dvar2": 3915.92431641,
        "max": 492.785797119,
        "mean": 34.809425354,
        "median": 23.4770889282,
        "min": 1.20701652353e-16,
        "var": 1637.86560059
    },
    "melbands_crest": {
        "dmean": 3.76356363297,
        "dmean2": 5.87027740479,
        "dvar": 15.6840600967,
        "dvar2": 35.6249885559,
        "max": 37.1191978455,
        "mean": 22.4959506989,
        "median": 23.0666389465,
        "min": 2.1086704731,
        "var": 72.7475585938
    },
    "melbands_flatness_db": {
        "dmean": 0.0344621241093,
        "dmean2": 0.0491588264704,
        "dvar": 0.00180161779281,
        "dvar2": 0.00352133298293,
        "max": 0.90454262495,
        "mean": 0.201306149364,
        "median": 0.191706359386,
        "min": 0.00614967290312,
        "var": 0.0100900325924
    },
    "melbands_kurtosis": {
        "dmean": 35.2266998291,
        "dmean2": 43.9254951477,
        "dvar": 5985.68945312,
        "dvar2": 8262.12207031,
        "max": 2330.14282227,
        "mean": 72.8866043091,
        "median": 23.079870224,
        "min": -1.57365763187,
        "var": 21619.0664062
    },
    "melbands_skewness": {
        "dmean": 1.5672930479,
        "dmean2": 2.12583303452,
        "dvar": 4.54428672791,
        "dvar2": 7.29420375824,
        "max": 36.9615974426,
        "mean": 5.75659275055,
        "median": 4.38037395477,
        "min": -1.25511717796,
        "var": 24.6266803741
    },
    "melbands_spread": {
        "dmean": 10.5928411484,
        "dmean2": 17.3040828705,
        "dvar": 291.062866211,
        "dvar2": 738.020996094,
        "max": 197.270950317,
        "mean": 27.3567905426,
        "median": 18.1696014404,
        "min": 0.100079782307,
        "var": 722.712036133
    },
    "pitch_salience": {
        "dmean": 0.0850793346763,
        "dmean2": 0.126632720232,
        "dvar": 0.00849790591747,
        "dvar2": 0.0180179681629,
        "max": 0.925274550915,
        "mean": 0.439007043839,
        "median": 0.456828117371,
        "min": 0.00737258559093,
        "var": 0.0327702350914
    },
    "silence_rate_20dB": {
        "dmean": 0.0390054546297,
        "dmean2": 0.0780181214213,
        "dvar": 0.0374859571457,
        "dvar2": 0.0719304308295,
        "max": 1,
        "mean": 0.93428838253,
        "median": 1,
        "min": 0,
        "var": 0.0613923072815
    },
    "silence_rate_30dB": {
        "dmean": 0.0798595100641,
        "dmean2": 0.159733772278,
        "dvar": 0.073476113379,
        "dvar2": 0.15252161026,
        "max": 1,
        "mean": 0.752495408058,
        "median": 1,
        "min": 0,
        "var": 0.186256513
    },
    "silence_rate_60dB": {
        "dmean": 0.0295775942504,
        "dmean2": 0.059160657227,
        "dvar": 0.0287087317556,
        "dvar2": 0.066001303494,
        "max": 1,
        "mean": 0.1026802212,
        "median": 0,
        "min": 0,
        "var": 0.0921444296837
    },
    "spectral_centroid": {
        "dmean": 343.142242432,
        "dmean2": 518.606323242,
        "dvar": 174148.15625,
        "dvar2": 397812.21875,
        "max": 10964.3027344,
        "mean": 2089.93530273,
        "median": 2161.63793945,
        "min": 52.4379386902,
        "var": 540965.6875
    },
    "spectral_complexity": {
        "dmean": 4.98937034607,
        "dmean2": 7.71103715897,
        "dvar": 36.4190559387,
        "dvar2": 77.4843978882,
        "max": 65,
        "mean": 21.063123703,
        "median": 17,
        "min": 0,
        "var": 224.98046875
    },
    "spectral_decrease": {
        "dmean": 7.21158111006e-09,
        "dmean2": 8.9333704878e-09,
        "dvar": 1.62851586761e-16,
        "dvar2": 2.12148401365e-16,
        "max": 1.9065675776e-29,
        "mean": -2.0102689291e-08,
        "median": -6.84980516752e-09,
        "min": -1.4794655101e-07,
        "var": 8.5709543397e-16
    },
    "spectral_energy": {
        "dmean": 0.0274914801121,
        "dmean2": 0.0337709188461,
        "dvar": 0.00227428018115,
        "dvar2": 0.00294412183575,
        "max": 0.567882359028,
        "mean": 0.0790294855833,
        "median": 0.0287915188819,
        "min": 1.08760421125e-20,
        "var": 0.0125416442752
    },
    "spectral_energyband_high": {
        "dmean": 0.001526022912,
        "dmean2": 0.00257832068019,
        "dvar": 1.7717384253e-05,
        "dvar2": 5.07380282215e-05,
        "max": 0.0538015924394,
        "mean": 0.00293670757674,
        "median": 0.00177365564741,
        "min": 7.81276289083e-21,
        "var": 1.63072363648e-05
    },
    "spectral_energyband_low": {
        "dmean": 0.0266154576093,
        "dmean2": 0.0337317697704,
        "dvar": 0.00262946961448,
        "dvar2": 0.00349784921855,
        "max": 0.553658783436,
        "mean": 0.0672975331545,
        "median": 0.0166558995843,
        "min": 6.10908463153e-23,
        "var": 0.0118316691369
    },
    "spectral_energyband_middle_high": {
        "dmean": 0.00141190912109,
        "dmean2": 0.00229313224554,
        "dvar": 5.90543459111e-06,
        "dvar2": 1.52001048264e-05,
        "max": 0.0271950345486,
        "mean": 0.003462275723,
        "median": 0.00206301803701,
        "min": 1.49983496056e-21,
        "var": 1.38725581564e-05
    },
    "spectral_energyband_middle_low": {
        "dmean": 0.00495931552723,
        "dmean2": 0.00799006875604,
        "dvar": 0.000267800438451,
        "dvar2": 0.000673828180879,
        "max": 0.205092862248,
        "mean": 0.00625247694552,
        "median": 0.0027615162544,
        "min": 3.09562171098e-22,
        "var": 0.000230287492741
    },
    "spectral_entropy": {
        "dmean": 0.120028071105,
        "dmean2": 0.180807888508,
        "dvar": 0.0272357910872,
        "dvar2": 0.06128706038,
        "max": 9.81646728516,
        "mean": 8.15940189362,
        "median": 8.25264453888,
        "min": 3.57029533386,
        "var": 0.187897011638
    },
    "spectral_flux": {
        "dmean": 0.0434933416545,
        "dmean2": 0.0585243664682,
        "dvar": 0.00371170183644,
        "dvar2": 0.00581065751612,
        "max": 0.632021725178,
        "mean": 0.110283464193,
        "median": 0.0713874846697,
        "min": 1.04288265523e-10,
        "var": 0.0128223979846
    },
    "spectral_kurtosis": {
        "dmean": 0.627561867237,
        "dmean2": 1.02649307251,
        "dvar": 2.37770104408,
        "dvar2": 6.25981521606,
        "max": 68.2013778687,
        "mean": 2.19816231728,
        "median": 1.49825382233,
        "min": -1.22550296783,
        "var": 15.8366365433
    },
    "spectral_rms": {
        "dmean": 0.00130297394935,
        "dmean2": 0.0016845165519,
        "dvar": 3.22323944602e-06,
        "dvar2": 4.64462345917e-06,
        "max": 0.0235378760844,
        "mean": 0.00693664047867,
        "median": 0.00529993278906,
        "min": 3.25741798986e-12,
        "var": 2.89852268907e-05
    },
    "spectral_rolloff": {
        "dmean": 1032.6583252,
        "dmean2": 1745.671875,
        "dvar": 3070497.25,
        "dvar2": 7714348.5,
        "max": 18884.6191406,
        "mean": 1946.68969727,
        "median": 710.595703125,
        "min": 21.533203125,
        "var": 6301189
    },
    "spectral_skewness": {
        "dmean": 0.115710705519,
        "dmean2": 0.183114647865,
        "dvar": 0.0194147396833,
        "dvar2": 0.0469469167292,
        "max": 6.80172252655,
        "mean": 1.14566373825,
        "median": 1.0695656538,
        "min": -0.0112713063136,
        "var": 0.208619132638
    },
    "spectral_spread": {
        "dmean": 540984.5,
        "dmean2": 812199.4375,
        "dvar": 499231227904,
        "dvar2": 879510093824,
        "max": 41431040,
        "mean": 6574663,
        "median": 6554076,
        "min": 1316581.875,
        "var": 2.22474613555e+12
    },
    "spectral_strongpeak": {
        "dmean": 0.225001886487,
        "dmean2": 0.360400736332,
        "dvar": 0.192537635565,
        "dvar2": 0.473043978214,
        "max": 8.17991352081,
        "mean": 0.462775051594,
        "median": 0.269102454185,
        "min": 0,
        "var": 0.337620615959
    },
    "zerocrossingrate": {
        "dmean": 0.016800051555,
        "dmean2": 0.0204706657678,
        "dvar": 0.000350229936885,
        "dvar2": 0.000448149658041,
        "max": 0.81640625,
        "mean": 0.0823796838522,
        "median": 0.0732421875,
        "min": 0.001953125,
        "var": 0.00304221571423
    },
    "barkbands": {
        "dmean": [0.00405758339912, 0.0240438599139, 0.00748050259426, 0.00260631623678, 0.0020998257678, 0.000524323724676, 0.000211455262615, 0.000174302505911, 0.00036346464185, 0.000219940891839, 0.000243165355641, 0.000201333707082, 0.000265108130407, 0.000208217999898, 0.000184544463991, 0.000211796577787, 0.000172081927303, 0.000201699105673, 0.000209893172723, 0.000216933054617, 0.000297005433822, 0.000275728612905, 0.000265154027147, 0.000332647323376, 0.000304263521684, 0.000153344197315, 2.7797446819e-05],
        "dmean2": [0.00626714155078, 0.0302805434912, 0.0132528143004, 0.00445942766964, 0.00360995228402, 0.00085073558148, 0.000354854069883, 0.000279355474049, 0.000590719981119, 0.000362324586604, 0.000403218320571, 0.000345077569364, 0.000444458244601, 0.000356993026799, 0.000309785013087, 0.000358700432116, 0.000292344164336, 0.00034224477713, 0.000359681347618, 0.000371245667338, 0.000522349728271, 0.00047969724983, 0.000450862629805, 0.000568249961361, 0.000527733704075, 0.000251626886893, 4.69410479127e-05],
        "dvar": [7.49317041482e-05, 0.00271996413358, 0.000776510045398, 8.97301724763e-05, 0.000105861741758, 2.21768914344e-06, 1.4928797043e-07, 1.07669237082e-07, 3.60446790637e-07, 1.7272424202e-07, 3.01603989783e-07, 1.48976440073e-07, 2.07750829873e-07, 1.48151343637e-07, 1.14270669371e-07, 1.07973626484e-07, 8.51181454209e-08, 1.19234400131e-07, 1.30463277515e-07, 1.65339628211e-07, 5.61451543035e-07, 3.59012830131e-07, 3.5452268321e-07, 9.62697413343e-07, 1.00741863207e-06, 1.30950709831e-07, 5.57788082389e-09],
        "dvar2": [0.000188569465536, 0.00331610697322, 0.00218213885091, 0.000245131435804, 0.000284437206574, 5.42359657629e-06, 3.99769220394e-07, 2.71211064273e-07, 9.21046535041e-07, 4.47058454256e-07, 7.06952562268e-07, 4.15316634417e-07, 5.4535757954e-07, 4.03489252676e-07, 3.06781259951e-07, 2.89304722401e-07, 2.33110782233e-07, 3.13026561116e-07, 3.59790362836e-07, 4.67056366915e-07, 1.60227932611e-06, 1.00270665371e-06, 9.82932760962e-07, 2.77096114587e-06, 2.95274185191e-06, 3.60035016911e-07, 1.53822821147e-08],
        "max": [0.137962281704, 0.530065834522, 0.254230320454, 0.135962814093, 0.14274661243, 0.0285703074187, 0.00699907308444, 0.00641923444346, 0.0108345234767, 0.00691351341084, 0.0146118868142, 0.00700801797211, 0.0105353752151, 0.0056855971925, 0.00702044507489, 0.00551090156659, 0.00418954482302, 0.00563404988497, 0.00508340401575, 0.00539660919458, 0.00916889123619, 0.00756515562534, 0.00870386231691, 0.0123907709494, 0.013616730459, 0.0095003945753, 0.00169875565916],
        "mean": [0.00701302755624, 0.0522238574922, 0.00721319485456, 0.00252805952914, 0.00181632000022, 0.000685776292812, 0.000299967941828, 0.000248926109634, 0.000556547543965, 0.000315244164085, 0.00035577986273, 0.000274797494058, 0.000411175802583, 0.000284466776066, 0.000291847391054, 0.000332255673129, 0.000277448678389, 0.000362491293345, 0.000398180709453, 0.000424048863351, 0.000512621656526, 0.000492685474455, 0.000519773107953, 0.000543351983652, 0.000419393123593, 0.000199769114261, 2.85126752715e-05],
        "median": [0.00157441338524, 0.00952267274261, 0.000954726885539, 0.000441883079475, 0.000363048893632, 0.000249466160312, 0.000127294682898, 0.000103840618976, 0.00027147718356, 0.000103124730231, 0.000141825381434, 0.000111763569294, 0.00020078237867, 0.000122942670714, 0.000136212154757, 0.000191545434063, 0.000143896671943, 0.000196870794753, 0.000222655202379, 0.000231332756812, 0.000265852198936, 0.000292653276119, 0.000291259610094, 0.000305553607177, 0.000221839130973, 8.2934711827e-05, 6.38494930172e-06],
        "min": [4.44515625913e-24, 4.5177672767e-23, 8.01843583569e-24, 3.97545940427e-24, 4.29243231457e-23, 3.35178289604e-23, 1.36028486058e-22, 2.64656554369e-23, 5.95547763606e-23, 6.26970112945e-23, 3.30203038538e-23, 3.61876245645e-23, 6.22137614149e-23, 9.12997508771e-23, 1.13246271468e-22, 2.39926781043e-22, 1.66101428865e-22, 2.25986636971e-22, 3.02375862821e-22, 2.80361367664e-22, 4.09561107695e-22, 6.55420122746e-22, 7.35407690283e-22, 9.23981241983e-22, 1.22275914177e-21, 1.77545210612e-21, 2.24807495653e-21],
        "var": [0.000132715606014, 0.00952174887061, 0.000496387132443, 6.29976711934e-05, 7.38545568311e-05, 2.35197421716e-06, 2.26583509289e-07, 1.68343746054e-07, 6.50538424907e-07, 3.0299190712e-07, 5.94919868036e-07, 1.85344660508e-07, 3.40619180861e-07, 1.71613066868e-07, 2.13812626271e-07, 1.68240902099e-07, 1.20665959003e-07, 2.18809958596e-07, 2.21080910023e-07, 2.64441780473e-07, 5.49830701857e-07, 4.06117749208e-07, 4.52787077165e-07, 7.55827386456e-07, 6.84247538629e-07, 1.21663461528e-07, 4.57067761417e-09]
    },
    "erbbands": {
        "dmean": [1.19919776917, 4.35598707199, 7.91230344772, 9.55737304688, 7.72165298462, 6.5152220726, 3.85031247139, 5.36841535568, 2.85382461548, 4.03403139114, 3.40663099289, 9.45307540894, 6.93994283676, 6.71702289581, 9.90468978882, 8.20969295502, 12.3698987961, 10.6384782791, 8.35011005402, 10.771812439, 9.93297672272, 9.45015048981, 10.8827371597, 11.182056427, 10.0927963257, 10.0406522751, 11.5172080994, 11.9002342224, 10.0153226852, 10.4688463211, 6.88704824448, 7.10287380219, 5.56154584885, 4.34359312057, 1.67887282372, 0.739110708237, 0.264321744442, 0.0569701492786, 0.00440959027037, 8.52737794048e-05],
        "dmean2": [1.45801532269, 5.56265115738, 13.2031803131, 16.6439933777, 12.5061149597, 11.8195438385, 6.87315130234, 8.51416683197, 4.83386850357, 6.39626026154, 5.62863349915, 15.3220901489, 11.3333530426, 11.1691207886, 16.5246582031, 13.9993524551, 20.6419487, 18.2158260345, 13.8874664307, 18.0699920654, 16.7850799561, 16.077205658, 18.3726863861, 19.1348762512, 17.3016929626, 17.1109256744, 20.2983913422, 20.7493152618, 17.3795566559, 18.3828639984, 11.6092023849, 12.1176109314, 9.65246868134, 7.66440534592, 2.86630272865, 1.22330212593, 0.437837570906, 0.0930385068059, 0.00743048777804, 0.000134989386424],
        "dvar": [6.03590631485, 121.326034546, 755.934082031, 1202.22790527, 937.079772949, 1219.01965332, 284.286499023, 228.263015747, 30.2022285461, 53.7161598206, 42.3073348999, 253.442306519, 169.091644287, 184.996185303, 524.250549316, 244.487609863, 482.884002686, 360.605102539, 200.076370239, 369.679046631, 254.167892456, 267.489898682, 371.420959473, 375.997772217, 310.703094482, 325.830169678, 831.828186035, 813.840209961, 459.464050293, 825.82409668, 176.805450439, 397.363677979, 283.675323486, 249.79069519, 20.3532390594, 2.78354644775, 0.46947568655, 0.0187810715288, 0.000139374780701, 3.583001984e-08],
        "dvar2": [6.86594295502, 194.855316162, 1996.46557617, 3346.63818359, 2253.54370117, 3494.27954102, 819.301879883, 528.517211914, 82.3274841309, 133.560470581, 110.830101013, 643.09765625, 433.466247559, 480.105987549, 1223.23706055, 676.83770752, 1262.2286377, 985.96496582, 522.501525879, 990.200561523, 683.542053223, 729.088989258, 967.637817383, 1018.45440674, 872.805664062, 917.908325195, 2389.01342773, 2297.78686523, 1283.0793457, 2382.39941406, 468.936218262, 1129.68701172, 819.924682617, 736.353027344, 58.5438499451, 7.56892871857, 1.31672549248, 0.0512993223965, 0.000382538390113, 9.78547163299e-08],
        "max": [25.6825428009, 104.011535645, 249.425994873, 444.566925049, 433.051757812, 480.206695557, 279.14553833, 336.110534668, 71.6560058594, 142.421661377, 120.108757019, 294.12612915, 260.483062744, 337.544616699, 699.185119629, 285.233642578, 537.688720703, 270.738128662, 189.706726074, 506.468536377, 228.703140259, 222.225524902, 374.629608154, 354.304138184, 238.07421875, 284.394592285, 423.317718506, 296.799377441, 304.126983643, 422.402862549, 172.974151611, 276.957244873, 216.049224854, 216.143035889, 60.1446723938, 44.6633644104, 15.4511899948, 3.66178178787, 0.202134728432, 0.00348862726241],
        "mean": [2.48140406609, 7.75045061111, 8.4874420166, 9.82142543793, 7.39230442047, 5.29108381271, 3.68389439583, 7.38320827484, 3.91986131668, 6.382563591, 4.96455812454, 14.346824646, 10.8221626282, 10.1367139816, 14.6369857788, 12.2814388275, 19.4629383087, 15.8695316315, 13.8042907715, 18.128780365, 16.1890296936, 16.1192684174, 19.8196811676, 19.7334918976, 20.2929096222, 20.0521240234, 19.8428230286, 20.3523635864, 17.9685878754, 17.1105136871, 14.1352100372, 12.0542907715, 8.55206012726, 5.56223773956, 2.50572156906, 1.02041983604, 0.333031177521, 0.0685581192374, 0.0045360182412, 0.000173473192262],
        "median": [0.472817271948, 1.24257040024, 1.83899831772, 1.77045273781, 1.33064723015, 1.19220900536, 1.25713455677, 2.50441741943, 1.84658956528, 2.93652582169, 2.34557342529, 6.82272911072, 4.69530248642, 3.97718691826, 6.23641300201, 5.28041553497, 9.22820186615, 7.70160770416, 6.94944381714, 9.5641784668, 9.65594482422, 8.71413612366, 11.0719985962, 10.979516983, 11.4520959854, 10.5449333191, 10.3090171814, 11.0297794342, 10.6891460419, 9.46264457703, 7.94814729691, 6.7972946167, 4.67147541046, 2.76512813568, 1.40199685097, 0.47467148304, 0.127233177423, 0.0225748699158, 0.00100621231832, 8.74928591656e-05],
        "min": [1.3327230703e-21, 9.90599109071e-21, 9.60000131094e-21, 1.80364002225e-20, 3.32128364018e-20, 2.39171622699e-19, 1.51579968371e-19, 3.80838012374e-19, 1.81055608581e-18, 1.26803200008e-18, 8.84018156996e-19, 1.22344923981e-18, 1.66879252827e-18, 1.27282365058e-18, 1.89131248825e-18, 1.21435955886e-18, 2.75172942461e-18, 4.86972104035e-18, 3.9338149809e-18, 1.06027407075e-17, 1.23415934691e-17, 8.79884590718e-18, 1.12018527359e-17, 1.75439581618e-17, 1.25213133464e-17, 1.34676187206e-17, 1.40158756849e-17, 1.58603660282e-17, 2.15776283183e-17, 1.9992316822e-17, 2.47125584674e-17, 1.64561891865e-17, 1.59984290899e-17, 1.37946114885e-17, 9.87699394476e-18, 6.60869250236e-18, 3.13379091465e-18, 1.4388695086e-18, 3.11315058702e-19, 2.92679829799e-20],
        "var": [20.3206634521, 296.043121338, 593.438415527, 805.881896973, 840.12109375, 709.542724609, 166.103103638, 280.158874512, 34.2929916382, 99.9420623779, 57.3291702271, 469.327545166, 296.137237549, 333.480316162, 947.715637207, 337.320068359, 801.800354004, 450.429626465, 315.963653564, 652.812561035, 364.104919434, 388.022277832, 646.286193848, 607.889892578, 558.604187012, 592.101135254, 804.176452637, 834.51550293, 526.370849609, 693.956359863, 297.086425781, 344.302368164, 208.589401245, 158.13482666, 16.5150489807, 2.71850991249, 0.400085508823, 0.0175165105611, 0.000116244744277, 5.48113519017e-08]
    },
    "gfcc": {
        "mean": [16.6924667358, 39.2347221375, -91.9371109009, 48.353805542, -47.7515830994, 33.1220550537, -27.3095359802, 20.739982605, -18.2941646576, 11.1124944687, -13.9072971344, 5.91150426865, -11.3085660934],
        "cov": [[14403.7685547, -2745.36645508, 479.83303833, 930.203430176, -84.8329086304, 1298.51574707, 80.2070007324, 427.330718994, -153.397399902, 415.297576904, -87.2951202393, 207.727371216, -154.42779541], [-2745.36645508, 1421.18249512, 54.9155426025, -1.93730771542, 107.827140808, -312.457366943, 62.6787643433, -126.939460754, 33.6296081543, -158.055435181, 33.6694831848, -108.241996765, 44.8266029358], [479.83303833, 54.9155426025, 626.035339355, 251.648696899, 161.07144165, 141.820877075, 66.7949676514, 37.731754303, 13.7276954651, 12.1336975098, 6.29786062241, -2.1949505806, -9.978931427], [930.203430176, -1.93730771542, 251.648696899, 474.085998535, 147.950683594, 231.389160156, 99.9737625122, 45.8419075012, 7.77245521545, 10.8920297623, 29.2187232971, -16.381231308, -7.52959728241], [-84.8329086304, 107.827140808, 161.07144165, 147.950683594, 249.241638184, 92.1761398315, 114.345733643, 8.89750480652, 16.0386981964, -21.2894077301, 11.069067955, -20.6693553925, -17.6117954254], [1298.51574707, -312.457366943, 141.820877075, 231.389160156, 92.1761398315, 334.40222168, 97.4157943726, 117.551040649, 33.5305099487, 68.7626724243, 23.5933551788, 25.7709751129, -6.47343349457], [80.2070007324, 62.6787643433, 66.7949676514, 99.9737625122, 114.345733643, 97.4157943726, 181.747329712, 82.5800247192, 67.9180984497, 14.4290294647, 29.5916557312, -14.3455076218, -3.20390295982], [427.330718994, -126.939460754, 37.731754303, 45.8419075012, 8.89750480652, 117.551040649, 82.5800247192, 158.194732666, 93.8582382202, 74.3800506592, 27.9053630829, 23.0519123077, 22.5897865295], [-153.397399902, 33.6296081543, 13.7276954651, 7.77245521545, 16.0386981964, 33.5305099487, 67.9180984497, 93.8582382202, 131.935379028, 67.8856811523, 50.0930671692, 26.680973053, 37.1186790466], [415.297576904, -158.055435181, 12.1336975098, 10.8920297623, -21.2894077301, 68.7626724243, 14.4290294647, 74.3800506592, 67.8856811523, 117.087661743, 59.7544174194, 55.736782074, 28.3337211609], [-87.2951202393, 33.6694831848, 6.29786062241, 29.2187232971, 11.069067955, 23.5933551788, 29.5916557312, 27.9053630829, 50.0930671692, 59.7544174194, 95.3653411865, 53.5216522217, 41.1312789917], [207.727371216, -108.241996765, -2.1949505806, -16.381231308, -20.6693553925, 25.7709751129, -14.3455076218, 23.0519123077, 26.680973053, 55.736782074, 53.5216522217, 91.327041626, 46.9994163513], [-154.42779541, 44.8266029358, -9.978931427, -7.52959728241, -17.6117954254, -6.47343349457, -3.20390295982, 22.5897865295, 37.1186790466, 28.3337211609, 41.1312789917, 46.9994163513, 83.5392837524]],
        "icov": [[0.000175871915417, 0.000141520300531, -1.8713186364e-05, -0.000258830696112, 0.000242404435994, -0.000291244039545, -0.000184935561265, -8.37524712551e-05, 0.000482678966364, -0.000532710982952, 0.000525372393895, -0.000367481639842, 0.000181983079528], [0.000141520300531, 0.00182193273213, -0.00031555534224, -0.0004981221864, -0.000133544017444, 0.00129636947531, -0.000495122338179, 0.000520203146152, -0.0009266162524, 0.00180843612179, -0.00189195305575, 0.00209939735942, -0.00133722112514], [-1.8713186364e-05, -0.00031555534224, 0.00230990489945, -0.000925087253563, -0.00119139160961, -8.20534987724e-05, 0.000568350369576, -0.000518665707204, 0.000153755652718, -0.000722534430679, 0.00106743338984, -0.000897212128621, 0.000387751555536], [-0.000258830696112, -0.0004981221864, -0.000925087253563, 0.00485118711367, -0.000827199895866, -0.00285287387669, 0.000205199568882, 0.000888083595783, -0.000133230540087, 0.0013128988212, -0.00283354846761, 0.00269497535191, -0.00101933768019], [0.000242404435994, -0.000133544017444, -0.00119139160961, -0.000827199895866, 0.00827551912516, -0.00198140344582, -0.00483497604728, 0.00315162027255, -0.000463417789433, 0.000639054749627, 0.000784357776865, -0.00135155359749, 0.00121970532928], [-0.000291244039545, 0.00129636947531, -8.20534987724e-05, -0.00285287387669, -0.00198140344582, 0.00981422234327, -0.00120451301336, -0.00442288536578, 0.00163565820549, -0.000534366234206, -0.000702658086084, -0.000335504999384, -1.91813360289e-05], [-0.000184935561265, -0.000495122338179, 0.000568350369576, 0.000205199568882, -0.00483497604728, -0.00120451301336, 0.014161285013, -0.00614813482389, -0.00383009342477, 0.00495086051524, -0.00563364289701, 0.00323500810191, 0.00207956903614], [-8.37524712551e-05, 0.000520203146152, -0.000518665707204, 0.000888083595783, 0.00315162027255, -0.00442288536578, -0.00614813482389, 0.0206188894808, -0.0097024878487, -0.0049529899843, 0.00488734571263, 0.00131266599055, -0.00305938115343], [0.000482678966364, -0.0009266162524, 0.000153755652718, -0.000133230540087, -0.000463417789433, 0.00163565820549, -0.00383009342477, -0.0097024878487, 0.0227604229003, -0.00980342831463, -6.17078694631e-05, -0.000134824891575, -0.00278018414974], [-0.000532710982952, 0.00180843612179, -0.000722534430679, 0.0013128988212, 0.000639054749627, -0.000534366234206, 0.00495086051524, -0.0049529899843, -0.00980342831463, 0.0292130149901, -0.0147609757259, -0.00161265744828, 0.00232223095372], [0.000525372393895, -0.00189195305575, 0.00106743338984, -0.00283354846761, 0.000784357776865, -0.000702658086084, -0.00563364289701, 0.00488734571263, -6.17078694631e-05, -0.0147609757259, 0.0305574387312, -0.0135320881382, -0.00196641054936], [-0.000367481639842, 0.00209939735942, -0.000897212128621, 0.00269497535191, -0.00135155359749, -0.000335504999384, 0.00323500810191, 0.00131266599055, -0.000134824891575, -0.00161265744828, -0.0135320881382, 0.0296316891909, -0.0116132861003], [0.000181983079528, -0.00133722112514, 0.000387751555536, -0.00101933768019, 0.00121970532928, -1.91813360289e-05, 0.00207956903614, -0.00305938115343, -0.00278018414974, 0.00232223095372, -0.00196641054936, -0.0116132861003, 0.0220910310745]]
    },
    "melbands": {
        "dmean": [0.00830245483667, 0.0040510292165, 0.00156098790467, 0.00052330683684, 0.000161656949786, 0.000110047818453, 4.30967338616e-05, 4.38852621301e-05, 3.0146964491e-05, 6.1339858803e-05, 3.45743355865e-05, 2.73942350759e-05, 3.31411538355e-05, 2.10935813811e-05, 2.82001092273e-05, 2.63442307187e-05, 2.12152754102e-05, 1.3939845303e-05, 1.50927771756e-05, 1.66634636116e-05, 1.15044376798e-05, 1.04795317384e-05, 1.04532218757e-05, 9.84726284514e-06, 9.71131248662e-06, 8.51270306157e-06, 7.58042324378e-06, 6.88829004503e-06, 7.69060898165e-06, 6.92363209964e-06, 7.69134021539e-06, 5.93348840994e-06, 5.70943529965e-06, 6.120244052e-06, 3.92932224713e-06, 4.52727454103e-06, 4.67121435577e-06, 4.52145695817e-06, 3.35345362146e-06, 3.90127434002e-06],
        "dmean2": [0.00996293872595, 0.00565881794319, 0.00265089119785, 0.000892353418749, 0.000292368058581, 0.000175746507011, 7.29088642402e-05, 6.92722169333e-05, 5.03460905747e-05, 9.94012298179e-05, 5.67541574128e-05, 4.56517373095e-05, 5.51202392671e-05, 3.59772420779e-05, 4.81028655486e-05, 4.41394768131e-05, 3.66697786376e-05, 2.33869268413e-05, 2.53982980212e-05, 2.82532182609e-05, 1.96216878976e-05, 1.79448561539e-05, 1.77911770152e-05, 1.67508806044e-05, 1.6641599359e-05, 1.47096970977e-05, 1.30838707264e-05, 1.1685174286e-05, 1.35315667649e-05, 1.21429357023e-05, 1.34222646011e-05, 1.02469839476e-05, 9.9772678368e-06, 1.07492242023e-05, 6.59280158288e-06, 7.69105190557e-06, 7.90044941823e-06, 7.84344229032e-06, 5.91267917116e-06, 6.92089042786e-06],
        "dvar": [0.000284267880488, 0.000126687154989, 2.96938942483e-05, 6.31802504358e-06, 5.79680147439e-07, 9.35380128908e-08, 6.78912748242e-09, 6.52916209987e-09, 3.47792683542e-09, 1.07620428125e-08, 4.37510427886e-09, 3.05280689616e-09, 5.9342131209e-09, 1.59832369562e-09, 3.05388958566e-09, 1.72461245285e-09, 1.54661006224e-09, 5.85608173065e-10, 8.66888227868e-10, 7.4669920247e-10, 4.00489003072e-10, 3.30889066147e-10, 2.98935765031e-10, 3.36681460489e-10, 2.75807154893e-10, 2.43910447395e-10, 1.82171125407e-10, 1.36873498646e-10, 3.24560101017e-10, 2.34904623531e-10, 3.50834111762e-10, 1.38709016495e-10, 1.5438450518e-10, 2.86997481336e-10, 4.39636001215e-11, 1.12640917427e-10, 1.68411951051e-10, 1.91063956323e-10, 9.46691197656e-11, 2.2228772989e-10],
        "dvar2": [0.000316461897455, 0.000276822538581, 7.92054925114e-05, 1.69251015905e-05, 1.68553935964e-06, 2.18629267579e-07, 1.85281798792e-08, 1.62049964558e-08, 9.14377196182e-09, 2.72566254012e-08, 1.12753557602e-08, 7.98043764405e-09, 1.39651721298e-08, 4.18925782952e-09, 8.34735036648e-09, 4.58778881551e-09, 4.26242197094e-09, 1.5291962141e-09, 2.34047936587e-09, 2.0183676952e-09, 1.09639564094e-09, 9.09184061371e-10, 8.08680455933e-10, 8.8077439786e-10, 7.49082962326e-10, 6.87365275809e-10, 5.21401755105e-10, 3.7753669635e-10, 9.28048804472e-10, 6.70728750318e-10, 9.86906112388e-10, 3.823716066e-10, 4.34985103492e-10, 8.31185398287e-10, 1.12869012747e-10, 3.116840952e-10, 4.79995487801e-10, 5.51505396906e-10, 2.74297723424e-10, 6.57349341626e-10],
        "max": [0.179992511868, 0.105666123331, 0.0663395822048, 0.0358190871775, 0.0123504260555, 0.00663317088038, 0.0012387734605, 0.00167453836184, 0.00130348454695, 0.00202191388234, 0.00128599815071, 0.00127486791462, 0.00195650546812, 0.000793152488768, 0.000971368339378, 0.000716893235222, 0.000571574433707, 0.000379431614419, 0.00069866119884, 0.000573596567847, 0.000277901621303, 0.000258361251326, 0.000308112212224, 0.000287761446089, 0.000317004218232, 0.000282948371023, 0.00016814765695, 0.000209679317777, 0.000270184595138, 0.000285651505692, 0.000219311346882, 0.000163968536071, 0.000159142771736, 0.0002687072556, 8.60606814967e-05, 0.000136877963087, 0.000185013341252, 0.000195746179088, 0.000120575830806, 0.000200774928089],
        "mean": [0.0177377294749, 0.00634004222229, 0.00165120407473, 0.00046016566921, 0.000149245664943, 0.000150592299178, 6.0127589677e-05, 6.87411302351e-05, 4.12750523537e-05, 9.30261230678e-05, 5.18273409398e-05, 3.929885861e-05, 4.81146089442e-05, 3.1025690987e-05, 4.02676269005e-05, 3.998446482e-05, 2.86719114229e-05, 2.10282905755e-05, 2.35828138102e-05, 2.60823071585e-05, 1.70647545019e-05, 1.62315482157e-05, 1.80384995474e-05, 1.67273938132e-05, 1.57156355272e-05, 1.52767042891e-05, 1.39626135933e-05, 1.29857480715e-05, 1.23354675452e-05, 1.17929921544e-05, 1.18177058539e-05, 1.03205802588e-05, 9.17097622732e-06, 9.58858254307e-06, 8.10168876342e-06, 7.72946077632e-06, 7.29720886739e-06, 6.51631989967e-06, 4.77176081404e-06, 4.64140430267e-06],
        "median": [0.00340478215367, 0.00146869884338, 0.000310915173031, 8.77326310729e-05, 4.82504474348e-05, 5.3989882872e-05, 2.82506916847e-05, 3.15050419886e-05, 1.67188081832e-05, 4.43742064817e-05, 2.10244670598e-05, 1.44755595102e-05, 1.96078326553e-05, 1.46122565639e-05, 1.44258483488e-05, 2.0605748432e-05, 1.21916109492e-05, 1.04003665911e-05, 1.05293711385e-05, 1.48250255734e-05, 9.50140747591e-06, 8.26747418614e-06, 1.00513470898e-05, 8.72805867402e-06, 8.37877996673e-06, 8.25925599202e-06, 7.73533065512e-06, 6.5740368882e-06, 6.2662147684e-06, 6.11565701547e-06, 6.1651589931e-06, 6.08437949268e-06, 4.9829100135e-06, 5.20316280017e-06, 4.59967168354e-06, 4.07419793191e-06, 4.06599474445e-06, 3.3194792195e-06, 2.673178642e-06, 2.1080809347e-06],
        "min": [1.3147481646e-23, 8.28952473032e-24, 3.06025946684e-24, 8.82132663211e-24, 7.31925737134e-24, 9.23630848902e-24, 2.73795381738e-23, 1.18023160304e-23, 9.00596426014e-24, 6.96609617698e-24, 8.91101932817e-24, 5.85588765442e-24, 5.77497221922e-24, 4.52997695025e-24, 3.33388632423e-24, 6.84763530143e-24, 9.90532880096e-24, 5.25857834864e-24, 1.16817133975e-23, 1.63193406734e-23, 1.32006153722e-23, 8.34704373437e-24, 1.10132705317e-23, 1.15463290889e-23, 1.51872448106e-23, 7.7467647617e-24, 1.06637728074e-23, 8.24054199013e-24, 6.72878709517e-24, 1.24315438317e-23, 8.15077671887e-24, 1.12052090674e-23, 1.56486227328e-23, 9.02720434001e-24, 1.40589102366e-23, 1.40380464434e-23, 7.58553105901e-24, 1.0661529287e-23, 1.28194220056e-23, 1.08577466042e-23],
        "var": [0.0010365427006, 0.000197731395019, 2.18521599891e-05, 4.50350398751e-06, 3.27029454184e-07, 1.11730876995e-07, 8.14769673951e-09, 1.15925482547e-08, 4.83195661261e-09, 1.99968752668e-08, 7.40073025085e-09, 5.20780529811e-09, 1.09634719081e-08, 2.24282081795e-09, 4.51979875749e-09, 2.78853873326e-09, 1.78155723507e-09, 7.83560549777e-10, 1.72223735273e-09, 1.15724119176e-09, 4.7961501437e-10, 4.38216102294e-10, 4.83009299224e-10, 5.56095725024e-10, 4.21961576791e-10, 3.63082675037e-10, 2.935897081e-10, 2.59899046728e-10, 3.15144577101e-10, 2.6567625877e-10, 3.33378463724e-10, 1.70344238715e-10, 1.64238220246e-10, 2.32692753954e-10, 9.15506559451e-11, 1.26353261187e-10, 1.3801527976e-10, 1.37005226608e-10, 6.83462592077e-11, 1.36526651096e-10]
    },
    "mfcc": {
        "mean": [-627.996459961, 67.9328155518, 19.973657608, 24.9233627319, 13.819152832, 16.7666301727, 11.0095787048, 12.6100120544, 7.85985374451, 8.84760761261, 5.67066049576, 5.5497546196, 2.46434545517],
        "cov": [[9568.31835938, -468.333251953, -109.083778381, 179.955291748, 195.110824585, 501.352172852, 357.559539795, 258.901031494, 128.881164551, 175.823822021, 143.228988647, 140.39125061, 40.8840942383], [-468.333251953, 564.389709473, 98.4129180908, 39.4437294006, -8.51772499084, -65.6739959717, -38.8914794922, -13.2085046768, -5.55050182343, 1.07677268982, -14.214299202, -5.7846827507, 6.1147646904], [-109.083778381, 98.4129180908, 431.744720459, 180.534576416, 106.182754517, 78.3207626343, 67.0357208252, 45.0084648132, 33.9557380676, 27.2782020569, 9.14255523682, 14.8964147568, 1.6343536377], [179.955291748, 39.4437294006, 180.534576416, 265.657958984, 119.861282349, 125.66709137, 88.1670532227, 59.5443840027, 20.4860019684, 29.5079975128, 16.3582134247, 18.7877807617, 1.70895671844], [195.110824585, -8.51772499084, 106.182754517, 119.861282349, 154.140579224, 116.654624939, 84.5754089355, 53.8544921875, 29.9410419464, 25.8941764832, 14.7937898636, 16.9764995575, 6.86974430084], [501.352172852, -65.6739959717, 78.3207626343, 125.66709137, 116.654624939, 194.558303833, 124.213859558, 83.2973327637, 30.2645454407, 35.8658409119, 29.1066646576, 31.1368980408, 7.78167581558], [357.559539795, -38.8914794922, 67.0357208252, 88.1670532227, 84.5754089355, 124.213859558, 153.020751953, 91.0735931396, 45.0543746948, 47.5681495667, 33.89894104, 29.7429733276, 11.2892150879], [258.901031494, -13.2085046768, 45.0084648132, 59.5443840027, 53.8544921875, 83.2973327637, 91.0735931396, 121.776733398, 67.877204895, 61.0811805725, 38.1992111206, 31.9753074646, 22.7761650085], [128.881164551, -5.55050182343, 33.9557380676, 20.4860019684, 29.9410419464, 30.2645454407, 45.0543746948, 67.877204895, 103.172264099, 72.347946167, 39.3772888184, 29.0466804504, 29.2730236053], [175.823822021, 1.07677268982, 27.2782020569, 29.5079975128, 25.8941764832, 35.8658409119, 47.5681495667, 61.0811805725, 72.347946167, 103.33102417, 56.7219772339, 39.3462715149, 32.2732543945], [143.228988647, -14.214299202, 9.14255523682, 16.3582134247, 14.7937898636, 29.1066646576, 33.89894104, 38.1992111206, 39.3772888184, 56.7219772339, 76.8078536987, 51.5617675781, 29.9682216644], [140.39125061, -5.7846827507, 14.8964147568, 18.7877807617, 16.9764995575, 31.1368980408, 29.7429733276, 31.9753074646, 29.0466804504, 39.3462715149, 51.5617675781, 78.2315139771, 45.8638496399], [40.8840942383, 6.1147646904, 1.6343536377, 1.70895671844, 6.86974430084, 7.78167581558, 11.2892150879, 22.7761650085, 29.2730236053, 32.2732543945, 29.9682216644, 45.8638496399, 69.544052124]],
