{
"lowlevel": {
    "average_loudness": 0.962131917477,
    "barkbands_crest": {
        "dmean": 3.55750751495,
        "dmean2": 5.12996339798,
        "dvar": 14.3108673096,
        "dvar2": 25.7578315735,
        "max": 26.7105503082,
        "mean": 11.9871234894,
        "median": 11.3107776642,
        "min": 1.76940667629,
        "var": 40.2146911621
    },
    "barkbands_flatness_db": {
        "dmean": 0.0303646530956,
        "dmean2": 0.0442012995481,
        "dvar": 0.00138723186683,
        "dvar2": 0.00286129349843,
        "max": 0.618140816689,
        "mean": 0.101009123027,
        "median": 0.0887478441,
        "min": 0.010135919787,
        "var": 0.00288089830428
    },
    "barkbands_kurtosis": {
        "dmean": 4.48252820969,
        "dmean2": 7.18410730362,
        "dvar": 461.579559326,
        "dvar2": 874.222717285,
        "max": 1669.83532715,
        "mean": 3.56854295731,
        "median": 0.00974273681641,
        "min": -1.90256559849,
        "var": 763.502624512
    },
    "barkbands_skewness": {
        "dmean": 0.893148779869,
        "dmean2": 1.26866483688,
        "dvar": 1.37403488159,
        "dvar2": 2.71671843529,
        "max": 30.8158092499,
        "mean": 1.11010491848,
        "median": 0.791142344475,
        "min": -2.74271440506,
        "var": 3.00897192955
    },
    "barkbands_spread": {
        "dmean": 12.53718853,
        "dmean2": 19.5627708435,
        "dvar": 191.569290161,
        "dvar2": 430.523498535,
        "max": 120.464675903,
        "mean": 42.97397995,
        "median": 39.8477859497,
        "min": 0.125165775418,
        "var": 485.293212891
    },
    "dissonance": {
        "dmean": 0.00935197994113,
        "dmean2": 0.0154438242316,
        "dvar": 0.000133746507345,
        "dvar2": 0.000329242873704,
        "max": 0.500000059605,
        "mean": 0.487566292286,
        "median": 0.492055535316,
        "min": 0.373306572437,
        "var": 0.000183248630492
    },
    "dynamic_complexity": 1.70571613312,
    "erbbands_crest": {
        "dmean": 2.57423138618,
        "dmean2": 4.22994041443,
        "dvar": 9.7344751358,
        "dvar2": 22.0243759155,
        "max": 27.2714691162,
        "mean": 7.17410516739,
        "median": 5.74928379059,
        "min": 2.24185752869,
        "var": 17.6049537659
    },
    "erbbands_flatness_db": {
        "dmean": 0.01607086882,
        "dmean2": 0.0249513797462,
        "dvar": 0.000290398631478,
        "dvar2": 0.000659188139252,
        "max": 0.36206433177,
        "mean": 0.115617491305,
        "median": 0.109632201493,
        "min": 0.0447667613626,
        "var": 0.0011131868232
    },
    "erbbands_kurtosis": {
        "dmean": 1.06527006626,
        "dmean2": 1.70579481125,
        "dvar": 2.41478443146,
        "dvar2": 6.21571779251,
        "max": 60.640083313,
        "mean": 0.849721670151,
        "median": 0.420719742775,
        "min": -1.83220028877,
        "var": 3.92468476295
    },
    "erbbands_skewness": {
        "dmean": 0.408277779818,
        "dmean2": 0.63127219677,
        "dvar": 0.225187048316,
        "dvar2": 0.49693185091,
        "max": 7.16942167282,
        "mean": -0.244805425406,
        "median": -0.259643018246,
        "min": -3.17421126366,
        "var": 0.538627386093
    },
    "erbbands_spread": {
        "dmean": 13.3981494904,
        "dmean2": 20.5397949219,
        "dvar": 354.306030273,
        "dvar2": 761.271484375,
        "max": 166.369888306,
        "mean": 42.5254898071,
        "median": 36.1520614624,
        "min": 3.66471600533,
        "var": 612.018554688
    },
    "hfc": {
        "dmean": 14.5374202728,
        "dmean2": 23.9053840637,
        "dvar": 430.84552002,
        "dvar2": 1117.74926758,
        "max": 302.178863525,
        "mean": 42.9151992798,
        "median": 36.3370285034,
        "min": 1.0539596552e-16,
        "var": 796.311401367
    },
    "melbands_crest": {
        "dmean": 4.20190763474,
        "dmean2": 6.44310379028,
        "dvar": 19.9048805237,
        "dvar2": 40.2481155396,
        "max": 39.7486915588,
        "mean": 18.9573154449,
        "median": 19.8939571381,
        "min": 1.59870958328,
        "var": 67.4239044189
    },
    "melbands_flatness_db": {
        "dmean": 0.0410068482161,
        "dmean2": 0.0588495433331,
        "dvar": 0.00240198918618,
        "dvar2": 0.00472612306476,
        "max": 0.739511907101,
        "mean": 0.151923313737,
        "median": 0.146177262068,
        "min": 0.00329145276919,
        "var": 0.006379338447
    },
    "melbands_kurtosis": {
        "dmean": 21.0927238464,
        "dmean2": 32.7055625916,
        "dvar": 2081.70629883,
        "dvar2": 4550.41845703,
        "max": 790.236633301,
        "mean": 23.2349128723,
        "median": 5.363509655,
        "min": -1.7455855608,
        "var": 2549.22753906
    },
    "melbands_skewness": {
        "dmean": 1.54564595222,
        "dmean2": 2.20879530907,
        "dvar": 4.58845615387,
        "dvar2": 8.71184921265,
        "max": 19.4501800537,
        "mean": 3.22237634659,
        "median": 2.38242053986,
        "min": -1.63840663433,
        "var": 9.63909435272
    },
    "melbands_spread": {
        "dmean": 19.0141334534,
        "dmean2": 28.9539813995,
        "dvar": 538.521728516,
        "dvar2": 1065.5982666,
        "max": 206.962677002,
        "mean": 48.0668029785,
        "median": 39.3228149414,
        "min": 0.115919671953,
        "var": 1393.77624512
    },
    "pitch_salience": {
        "dmean": 0.100246630609,
        "dmean2": 0.146536961198,
        "dvar": 0.0112450076267,
        "dvar2": 0.0208659116179,
        "max": 0.847917973995,
        "mean": 0.478738367558,
        "median": 0.488445311785,
        "min": 0.00956848356873,
        "var": 0.0321009606123
    },
    "silence_rate_20dB": {
        "dmean": 0,
        "dmean2": 0,
        "dvar": 0,
        "dvar2": 0,
        "max": 1,
        "mean": 1,
        "median": 1,
        "min": 1,
        "var": 0
    },
    "silence_rate_30dB": {
        "dmean": 0,
        "dmean2": 0,
        "dvar": 0,
        "dvar2": 0,
        "max": 1,
        "mean": 1,
        "median": 1,
        "min": 1,
        "var": 0
    },
    "silence_rate_60dB": {
        "dmean": 0.00288355536759,
        "dmean2": 0.00576759967953,
        "dvar": 0.00287512806244,
        "dvar2": 0.0065827476792,
        "max": 1,
        "mean": 0.0191655363888,
        "median": 0,
        "min": 0,
        "var": 0.018797500059
    },
    "spectral_centroid": {
        "dmean": 446.566986084,
        "dmean2": 664.724731445,
        "dvar": 314805.5,
        "dvar2": 584305,
        "max": 11668.8212891,
        "mean": 2544.1340332,
        "median": 2562.90795898,
        "min": 78.0172958374,
        "var": 1626691.875
    },
    "spectral_complexity": {
        "dmean": 7.22245788574,
        "dmean2": 11.5156908035,
        "dvar": 62.9459533691,
        "dvar2": 141.379882812,
        "max": 59,
        "mean": 26.0932826996,
        "median": 26,
        "min": 0,
        "var": 149.375610352
    },
    "spectral_decrease": {
        "dmean": 2.8038020794e-09,
        "dmean2": 3.97341937131e-09,
        "dvar": 1.4820745582e-17,
        "dvar2": 2.7304341974e-17,
        "max": 1.80800489278e-28,
        "mean": -7.27958893165e-09,
        "median": -6.5733507526e-09,
        "min": -2.85377712572e-08,
        "var": 2.64837341386e-17
    },
    "spectral_energy": {
        "dmean": 0.0107393469661,
        "dmean2": 0.0149607677013,
        "dvar": 0.00019691241323,
        "dvar2": 0.000354255200364,
        "max": 0.111937999725,
        "mean": 0.0313674211502,
        "median": 0.0291339959949,
        "min": 9.96987786834e-21,
        "var": 0.000381057703635
    },
    "spectral_energyband_high": {
        "dmean": 0.00146787858102,
        "dmean2": 0.00240711937658,
        "dvar": 4.41933343609e-06,
        "dvar2": 1.14424674393e-05,
        "max": 0.0315754450858,
        "mean": 0.0036055939272,
        "median": 0.00271207583137,
        "min": 6.97913366223e-21,
        "var": 9.76130468189e-06
    },
    "spectral_energyband_low": {
        "dmean": 0.00728719169274,
        "dmean2": 0.0106470668688,
        "dvar": 0.00014669430675,
        "dvar2": 0.000318313279422,
        "max": 0.0924895256758,
        "mean": 0.014901611954,
        "median": 0.010156262666,
        "min": 1.49435562107e-23,
        "var": 0.000264571921434
    },
    "spectral_energyband_middle_high": {
        "dmean": 0.00258931843564,
        "dmean2": 0.00417219940573,
        "dvar": 1.17527079055e-05,
        "dvar2": 2.76169375866e-05,
        "max": 0.040621496737,
        "mean": 0.0063583762385,
        "median": 0.00515897851437,
        "min": 1.2466449917e-21,
        "var": 2.78630795947e-05
    },
    "spectral_energyband_middle_low": {
        "dmean": 0.00620867218822,
        "dmean2": 0.00960478093475,
        "dvar": 0.000215359425056,
        "dvar2": 0.000413047033362,
        "max": 0.108574084938,
        "mean": 0.00709853507578,
        "median": 0.00209799408913,
        "min": 1.51467150306e-22,
        "var": 0.000268330157269
    },
    "spectral_entropy": {
        "dmean": 0.150342702866,
        "dmean2": 0.232978284359,
        "dvar": 0.0378126315773,
        "dvar2": 0.0897729843855,
        "max": 9.82605266571,
        "mean": 8.1879863739,
        "median": 8.23553276062,
        "min": 5.62555027008,
        "var": 0.10520657897
    },
    "spectral_flux": {
        "dmean": 0.0335230901837,
        "dmean2": 0.0508702136576,
        "dvar": 0.00158232240938,
        "dvar2": 0.00334162986837,
        "max": 0.323563277721,
        "mean": 0.0994786918163,
        "median": 0.0825496315956,
        "min": 6.31440316701e-11,
        "var": 0.00317124347202
    },
    "spectral_kurtosis": {
        "dmean": 0.583916187286,
        "dmean2": 0.907054781914,
        "dvar": 0.375335276127,
        "dvar2": 0.892606139183,
        "max": 17.2451267242,
        "mean": 2.62652754784,
        "median": 2.42979621887,
        "min": -1.28835725784,
        "var": 1.84101033211
    },
    "spectral_rms": {
        "dmean": 0.000902042258531,
        "dmean2": 0.00122785638086,
        "dvar": 1.05248352611e-06,
        "dvar2": 1.81151688139e-06,
        "max": 0.0104502532631,
        "mean": 0.00525437435135,
        "median": 0.00533136120066,
        "min": 3.11876739711e-12,
        "var": 2.99384419122e-06
    },
    "spectral_rolloff": {
        "dmean": 1371.3026123,
        "dmean2": 2208.16015625,
        "dvar": 3453108.75,
        "dvar2": 6808061.5,
        "max": 19681.3476562,
        "mean": 3664.38793945,
        "median": 2906.98242188,
        "min": 21.533203125,
        "var": 10778243
    },
    "spectral_skewness": {
        "dmean": 0.118503250182,
        "dmean2": 0.185927271843,
        "dvar": 0.0127818556502,
        "dvar2": 0.0301296990365,
        "max": 3.57624793053,
        "mean": 1.28287255764,
        "median": 1.26991176605,
        "min": -0.121873490512,
        "var": 0.0952967479825
    },
    "spectral_spread": {
        "dmean": 628938.8125,
        "dmean2": 916037.25,
        "dvar": 653731299328,
        "dvar2": 1.37998526054e+12,
        "max": 53418280,
        "mean": 6635019,
        "median": 6145707,
        "min": 2679297.75,
        "var": 1.55131419034e+13
    },
    "spectral_strongpeak": {
        "dmean": 0.601098120213,
        "dmean2": 0.973883032799,
        "dvar": 1.46776604652,
        "dvar2": 3.44199466705,
        "max": 18.9174385071,
        "mean": 0.910358726978,
        "median": 0.387819558382,
        "min": 0,
        "var": 2.32434439659
    },
    "zerocrossingrate": {
        "dmean": 0.0245667453855,
        "dmean2": 0.0279345735908,
        "dvar": 0.000619200814981,
        "dvar2": 0.00076783366967,
        "max": 0.55810546875,
        "mean": 0.121602319181,
        "median": 0.10693359375,
        "min": 0,
        "var": 0.00581285869703
    },
    "barkbands": {
        "dmean": [0.00041427850374, 0.00551526620984, 0.00291542778723, 0.00162650668062, 0.00440821656957, 0.000158747046953, 0.00018734447076, 0.000199984642677, 0.000291219621431, 0.000198019537493, 0.000457900372567, 0.000484298478113, 0.000529103504959, 0.000283834990114, 0.000363830476999, 0.000388888292946, 0.000352078583091, 0.00036561593879, 0.000344985310221, 0.000347254012013, 0.000362153950846, 0.000325031491229, 0.000246646377491, 0.000286275899271, 0.000241582180024, 0.000132514323923, 5.95805831836e-05],
        "dmean2": [0.000702161691152, 0.0081165637821, 0.00508796330541, 0.00301957968622, 0.00658257491887, 0.000274060497759, 0.000296826357953, 0.000323748332448, 0.000467612437205, 0.000334671669407, 0.000728691054974, 0.000764613621868, 0.00084372778656, 0.000477499474073, 0.000598652462941, 0.000640435842797, 0.00058395601809, 0.000621694489382, 0.000587550515775, 0.000582219625358, 0.000602186773904, 0.000538880529348, 0.000413600297179, 0.000485145050334, 0.00040118675679, 0.000219433000893, 9.51682741288e-05],
        "dvar": [9.42727808706e-07, 7.8706034401e-05, 6.56511983834e-05, 3.04670265905e-05, 0.000180557923159, 1.04396974621e-07, 1.30222645112e-07, 2.53851879961e-07, 3.89219934505e-07, 1.35578673621e-07, 7.16730824024e-07, 1.05557535335e-06, 1.23818540487e-06, 2.53183941368e-07, 4.11559739177e-07, 7.2076880997e-07, 2.89004788101e-07, 3.24046510514e-07, 3.36573236837e-07, 2.25657871056e-07, 2.65308386815e-07, 2.16297877387e-07, 1.15248440125e-07, 1.9650367733e-07, 1.38549154372e-07, 3.54201468156e-08, 7.52499484946e-09],
        "dvar2": [2.28569683713e-06, 0.000183422933333, 0.000179064038093, 8.71327865752e-05, 0.000322573963786, 2.84460583089e-07, 2.86994293219e-07, 6.16364218331e-07, 9.15235034427e-07, 3.32202091613e-07, 1.4487933413e-06, 2.17271167458e-06, 2.70711188932e-06, 6.45288594114e-07, 9.23082438931e-07, 1.48467847794e-06, 6.79556478644e-07, 7.84663598097e-07, 8.25066990728e-07, 5.72220528738e-07, 6.35786591374e-07, 5.6334653209e-07, 2.93741550195e-07, 5.20033438534e-07, 3.60491242191e-07, 9.50219956053e-08, 1.8199006746e-08],
        "max": [0.0268088802695, 0.0740813910961, 0.0597880557179, 0.0409819707274, 0.103506669402, 0.0065371398814, 0.00574255315587, 0.0143752833828, 0.0108376666903, 0.0105508025736, 0.0236859731376, 0.0341181866825, 0.0343978330493, 0.00993134640157, 0.019194573164, 0.0355308577418, 0.0108035430312, 0.0152407521382, 0.0176857914776, 0.0119956899434, 0.0144143868238, 0.00796652492136, 0.00635264487937, 0.00509730167687, 0.00483728852123, 0.00298582529649, 0.00107626791578],
        "mean": [0.000760812719818, 0.0109433392063, 0.0026476609055, 0.00115858751815, 0.00467869592831, 0.000186205128557, 0.000275428727036, 0.000337957288139, 0.000402496953029, 0.000296939280815, 0.00076631619595, 0.000830754404888, 0.000873888900969, 0.000424063764513, 0.000584187859204, 0.000589622068219, 0.000554050202481, 0.000569281750359, 0.000545789313037, 0.000650809204672, 0.000709604879376, 0.00060641055461, 0.000505090109073, 0.000579140556511, 0.000482783303596, 0.000305497087538, 0.000101975267171],
        "median": [0.000107927422505, 0.00665892567486, 0.000316890073009, 0.000115719783935, 0.000623467320111, 7.32807529857e-05, 0.000103317244793, 8.31220604596e-05, 0.000125291160657, 0.000137976690894, 0.000308764254441, 0.000321563537, 0.000374171999283, 0.000247361138463, 0.000347997847712, 0.00034787034383, 0.000324418040691, 0.000360013975296, 0.000364799809176, 0.000435000751168, 0.000468095357064, 0.000399823766202, 0.000364751729649, 0.000391901441617, 0.00034215854248, 0.000240533263423, 4.13007001043e-05],
        "min": [2.30141886059e-25, 2.73857165324e-24, 3.75201179185e-25, 6.29465347041e-25, 4.43831565179e-24, 7.1614891346e-24, 5.95339875092e-24, 6.14655647116e-24, 1.60534992815e-23, 1.49881789166e-23, 1.55699101917e-23, 2.35412171103e-23, 2.75352593165e-23, 2.57316882066e-23, 4.70713870125e-23, 6.20549479374e-23, 5.59538408985e-23, 9.5077896053e-23, 1.41037588723e-22, 1.62671045131e-22, 2.36905784564e-22, 3.32907960541e-22, 3.96205351782e-22, 4.83890258001e-22, 8.45603203128e-22, 1.19231915776e-21, 1.87650889888e-21],
        "var": [3.88515536542e-06, 0.000146974765812, 5.00804526382e-05, 1.77680030902e-05, 0.000237499232753, 1.07093953261e-07, 2.35337992649e-07, 9.41967925883e-07, 6.49755975246e-07, 2.9252092304e-07, 2.22826315621e-06, 3.23549193126e-06, 3.01436648442e-06, 3.72788093728e-07, 7.93515994246e-07, 1.60385582149e-06, 5.36911556992e-07, 5.65938705677e-07, 5.09009623784e-07, 4.60530827695e-07, 6.28758186849e-07, 4.31458317962e-07, 2.45373655616e-07, 3.62945741017e-07, 2.17676017655e-07, 6.72716637951e-08, 1.83322672598e-08]
    },
    "erbbands": {
        "dmean": [0.159071028233, 1.26328349113, 3.07166147232, 4.82826137543, 8.14099788666, 21.7740402222, 3.35676932335, 1.31712138653, 1.82490777969, 3.88144826889, 3.81177282333, 7.46135807037, 5.27897119522, 14.7218456268, 14.899266243, 18.3213539124, 22.8196353912, 15.367729187, 15.1213111877, 19.3831787109, 21.4272232056, 16.9457778931, 20.5056591034, 17.1413269043, 17.6904411316, 15.7836999893, 15.2250394821, 13.1878643036, 11.9893054962, 9.30791950226, 6.963722229, 5.99011898041, 5.01358699799, 3.04813551903, 1.59287643433, 0.648889958858, 0.248642325401, 0.078514687717, 0.00981376785785, 0.000137407827424],
        "dmean2": [0.227486625314, 1.87206852436, 5.04774904251, 8.83446598053, 12.7637310028, 32.1010971069, 5.09530687332, 2.20097541809, 2.9704003334, 6.14161968231, 6.14702033997, 12.0728969574, 8.66813087463, 22.9444770813, 24.2953624725, 29.0639572144, 36.2777404785, 25.1822223663, 24.9603309631, 31.8890380859, 34.9778900146, 28.4291267395, 34.8383255005, 29.3637828827, 29.8716659546, 26.6195430756, 25.5630455017, 21.7318496704, 19.9788417816, 15.4201068878, 11.7238044739, 10.0609359741, 8.55348300934, 5.13171195984, 2.63798642159, 1.07250666618, 0.415801554918, 0.125670909882, 0.015858611092, 0.000219565874431],
        "dvar": [0.0545814298093, 5.29596948624, 59.5649871826, 255.57194519, 362.170074463, 5035.29541016, 79.7304458618, 6.91527414322, 10.4719181061, 72.1795043945, 66.9374542236, 315.166015625, 82.9160079956, 951.931274414, 740.541442871, 1310.17150879, 2161.93359375, 603.617614746, 720.055969238, 1100.99938965, 1251.73510742, 663.635803223, 1109.35327148, 796.463806152, 818.059020996, 470.713928223, 550.756469727, 301.29776001, 297.913757324, 163.139404297, 95.0264205933, 72.9759063721, 66.4066772461, 22.9445495605, 5.4298248291, 0.789580464363, 0.128380313516, 0.0116777010262, 0.000208597877645, 3.61506451441e-08],
        "dvar2": [0.105090290308, 12.5807771683, 153.334503174, 724.644592285, 716.228149414, 9547.43847656, 181.11831665, 17.9369907379, 26.0542488098, 169.398574829, 158.816162109, 748.403625488, 201.613082886, 1941.15319824, 1676.10791016, 2697.72680664, 4693.52734375, 1452.20593262, 1595.12756348, 2549.49145508, 2768.7980957, 1635.28295898, 2641.42114258, 1958.43115234, 1893.83312988, 1233.80981445, 1321.66381836, 734.077880859, 773.899719238, 412.752380371, 245.490158081, 191.837890625, 178.228408813, 60.0705909729, 14.1035413742, 2.07948613167, 0.349483817816, 0.0294062290341, 0.000513195176609, 8.99846028801e-08],
        "max": [3.09983086586, 20.0155181885, 57.1357841492, 117.862236023, 145.802230835, 562.373474121, 86.8567504883, 64.2934188843, 64.3782806396, 253.009078979, 249.392745972, 294.361907959, 270.122192383, 1003.15655518, 697.956726074, 1228.45544434, 1404.0135498, 462.756988525, 929.206787109, 953.711181641, 1050.67077637, 503.239471436, 1040.81091309, 759.268432617, 1039.89123535, 654.686950684, 774.86907959, 344.581756592, 415.989746094, 173.031311035, 122.916511536, 96.3793182373, 94.3862228394, 60.4898643494, 32.1241912842, 13.7474908829, 6.07756137848, 1.38377511501, 0.187844723463, 0.00235827709548],
        "mean": [0.36701759696, 2.22744011879, 3.37660622597, 3.72800350189, 8.29845142365, 22.0948581696, 3.74662518501, 1.62887024879, 2.65356636047, 6.63863134384, 6.63009595871, 9.74251365662, 8.30977344513, 25.5034694672, 26.0343208313, 32.558795929, 39.2917747498, 26.3022899628, 25.6348953247, 32.1969795227, 35.2253837585, 28.4491500854, 32.3277359009, 27.9671764374, 29.7942485809, 29.5120201111, 28.751789093, 26.2080135345, 22.297498703, 17.6825523376, 14.1490097046, 12.0384731293, 9.5395898819, 5.90111923218, 3.17854070663, 1.42027497292, 0.541020154953, 0.166468992829, 0.016329606995, 0.000297855120152],
        "median": [0.195162311196, 1.13102698326, 0.865298032761, 0.657439887524, 1.23214280605, 2.30860853195, 1.08462738991, 0.674765229225, 1.19207489491, 2.1815404892, 2.18358039856, 2.96243286133, 4.06163024902, 9.81568908691, 12.7994251251, 14.2661380768, 17.9363670349, 15.7146120071, 16.7523651123, 20.4047870636, 22.157989502, 18.548368454, 20.0950202942, 19.2231826782, 19.789730072, 20.0232162476, 18.8709526062, 17.6967277527, 14.6857185364, 12.1925506592, 10.1105718613, 8.27417182922, 6.2684173584, 4.02493476868, 2.30371427536, 1.1043856144, 0.416581749916, 0.107206739485, 0.00638584606349, 0.000180215691216],
        "min": [5.76881421323e-23, 5.56738848917e-22, 1.79224148956e-21, 3.8584029504e-21, 5.28602904207e-21, 1.29167911955e-20, 3.60146845446e-20, 5.26574518404e-20, 7.39738703765e-20, 9.93159636964e-20, 2.11624336952e-19, 3.27332118795e-19, 4.37478610283e-19, 4.56454133535e-19, 7.59294830259e-19, 1.16606172366e-18, 1.51927766799e-18, 1.66558141313e-18, 2.44479537292e-18, 2.34455266321e-18, 4.04599473404e-18, 3.61624214577e-18, 6.04290634005e-18, 5.06417217721e-18, 7.12438915627e-18, 9.20741605432e-18, 6.50014159058e-18, 9.29943245284e-18, 1.05263381702e-17, 9.45505986765e-18, 1.20232538376e-17, 1.09451463318e-17, 8.16724801456e-18, 8.09051708658e-18, 6.26722241933e-18, 4.15901407549e-18, 2.23117163703e-18, 8.59772459266e-19, 2.29202157613e-19, 2.64437476462e-20],
        "var": [0.192345485091, 7.83796167374, 55.9244880676, 153.666778564, 456.767822266, 6129.79248047, 85.3411178589, 8.76934909821, 16.5813426971, 219.259521484, 237.460845947, 417.805938721, 173.647583008, 3092.32202148, 1893.59313965, 3807.05249023, 5471.14697266, 1155.15258789, 1410.81298828, 2081.29125977, 2640.34619141, 1059.78417969, 2006.96704102, 1244.14562988, 1490.6229248, 889.022277832, 1211.77600098, 739.827331543, 594.607727051, 326.337646484, 192.938461304, 152.646209717, 106.309867859, 36.0436096191, 8.92081546783, 1.51409518719, 0.224045321345, 0.0296636298299, 0.0004836039152, 9.46126021972e-08]
    },
    "gfcc": {
        "mean": [36.2767944336, 9.67949485779, -100.629333496, 39.3854141235, -36.2734069824, 31.4801273346, -27.308757782, 12.9910430908, -27.411157608, 7.39457082748, -18.432844162, 7.51667690277, -11.8418416977],
        "cov": [[19564.671875, 127.408256531, -1408.57751465, 441.301635742, -685.150268555, 341.829772949, -493.608093262, 147.168640137, -431.531219482, 84.8281784058, -319.920318604, 90.1245727539, -215.657806396], [127.408256531, 1446.66308594, 133.156143188, -107.589782715, 118.014022827, 96.2114028931, 92.8256607056, 91.8559570312, 42.6518592834, 77.335067749, 70.8339233398, 22.9513683319, -56.4188041687], [-1408.57751465, 133.156143188, 803.944335938, 236.338439941, 139.603668213, -10.3725824356, 47.6307258606, -55.7556724548, 32.0931587219, -49.4875259399, -3.79112315178, -55.3153152466, 20.8450622559], [441.301635742, -107.589782715, 236.338439941, 446.193908691, 99.9324569702, 127.656234741, 29.0298500061, 48.1713638306, 17.8737220764, 26.2953681946, 9.9419298172, -6.32029056549, 12.5838260651], [-685.150268555, 118.014022827, 139.603668213, 99.9324569702, 279.847839355, 143.123153687, 156.781661987, 84.6628646851, 111.971206665, 74.7249069214, 79.7876586914, 30.714679718, 10.5074491501], [341.829772949, 96.2114028931, -10.3725824356, 127.656234741, 143.123153687, 222.606643677, 133.811019897, 115.415176392, 69.6112976074, 82.0105514526, 54.6364212036, 34.8635787964, 5.14096736908], [-493.608093262, 92.8256607056, 47.6307258606, 29.0298500061, 156.781661987, 133.811019897, 231.549194336, 140.272735596, 132.460388184, 88.6662597656, 85.5810241699, 32.9881248474, 17.5750389099], [147.168640137, 91.8559570312, -55.7556724548, 48.1713638306, 84.6628646851, 115.415176392, 140.272735596, 188.90838623, 129.288955688, 110.025039673, 68.4455490112, 41.3714447021, 3.49233746529], [-431.531219482, 42.6518592834, 32.0931587219, 17.8737220764, 111.971206665, 69.6112976074, 132.460388184, 129.288955688, 173.793365479, 111.355026245, 82.4610214233, 27.8632640839, 10.3829202652], [84.8281784058, 77.335067749, -49.4875259399, 26.2953681946, 74.7249069214, 82.0105514526, 88.6662597656, 110.025039673, 111.355026245, 140.044082642, 87.1694412231, 42.4617538452, -2.63525056839], [-319.920318604, 70.8339233398, -3.79112315178, 9.9419298172, 79.7876586914, 54.6364212036, 85.5810241699, 68.4455490112, 82.4610214233, 87.1694412231, 105.499015808, 48.8675308228, 12.1087293625], [90.1245727539, 22.9513683319, -55.3153152466, -6.32029056549, 30.714679718, 34.8635787964, 32.9881248474, 41.3714447021, 27.8632640839, 42.4617538452, 48.8675308228, 74.1387634277, 31.4579772949], [-215.657806396, -56.4188041687, 20.8450622559, 12.5838260651, 10.5074491501, 5.14096736908, 17.5750389099, 3.49233746529, 10.3829202652, -2.63525056839, 12.1087293625, 31.4579772949, 69.6537017822]],
        "icov": [[9.51494876062e-05, -3.59872283298e-05, 0.000117262003187, -0.000169117818587, 0.00023788731778, -0.000219157154788, 9.38859302551e-05, -5.19628556503e-05, 0.000125618375023, -0.000266987015493, 0.000486948643811, -0.000371410540538, 0.000274376448942], [-3.59872283298e-05, 0.000939655525144, -0.000549612450413, 0.000796064559836, -0.000354471965693, -0.00038324680645, 0.00032532188925, -0.000937592878472, 0.000960758188739, -0.000247742194915, -0.000675195537042, 6.52249364066e-05, 0.00065236678347], [0.000117262003187, -0.000549612450413, 0.00260669481941, -0.00196445710026, -0.000528104836121, 0.00118480157107, -0.0010276484536, 0.00188387546223, -0.00155147514306, 0.000926582608372, 0.000540167733561, 0.00079722085502, -0.000537883490324], [-0.000169117818587, 0.000796064559836, -0.00196445710026, 0.00484330905601, -0.00107352680061, -0.00272719794884, 0.00254181725904, -0.00272996723652, 0.00189656834118, -0.000400761287892, -0.00165579095483, 0.00218797638081, -0.00130535219796], [0.00023788731778, -0.000354471965693, -0.000528104836121, -0.00107352680061, 0.00941124465317, -0.00450278678909, -0.0027118686121, 0.00365949352272, -0.0041668782942, 0.00103576015681, -0.000371881702449, -0.00304662901908, 0.00231574196368], [-0.000219157154788, -0.00038324680645, 0.00118480157107, -0.00272719794884, -0.00450278678909, 0.0134534053504, -0.00517851253971, -0.00251659168862, 0.0044302418828, -0.00354461162351, 0.00182699074503, -0.000243700837018, -0.000733763037715], [9.38859302551e-05, 0.00032532188925, -0.0010276484536, 0.00254181725904, -0.0027118686121, -0.00517851253971, 0.0153525695205, -0.00750204268843, -0.00244425539859, 0.00404543755576, -0.00592415733263, 0.00368208438158, -0.00241947639734], [-5.19628556503e-05, -0.000937592878472, 0.00188387546223, -0.00272996723652, 0.00365949352272, -0.00251659168862, -0.00750204268843, 0.021483534947, -0.0111037846655, -0.00373365147971, 0.00575432181358, -0.00609418610111, 0.00272448430769], [0.000125618375023, 0.000960758188739, -0.00155147514306, 0.00189656834118, -0.0041668782942, 0.0044302418828, -0.00244425539859, -0.0111037846655, 0.0250050835311, -0.011731303297, -0.00274838041514, 0.0061953146942, -0.00372758205049], [-0.000266987015493, -0.000247742194915, 0.000926582608372, -0.000400761287892, 0.00103576015681, -0.00354461162351, 0.00404543755576, -0.00373365147971, -0.011731303297, 0.028802247718, -0.0147777050734, -0.00152105884627, 0.0041339979507], [0.000486948643811, -0.000675195537042, 0.000540167733561, -0.00165579095483, -0.000371881702449, 0.00182699074503, -0.00592415733263, 0.00575432181358, -0.00274838041514, -0.0147777050734, 0.0328962989151, -0.0148970391601, 0.00308561883867], [-0.000371410540538, 6.52249364066e-05, 0.00079722085502, 0.00218797638081, -0.00304662901908, -0.000243700837018, 0.00368208438158, -0.00609418610111, 0.0061953146942, -0.00152105884627, -0.0148970391601, 0.0325543023646, -0.01497085765], [0.000274376448942, 0.00065236678347, -0.000537883490324, -0.00130535219796, 0.00231574196368, -0.000733763037715, -0.00241947639734, 0.00272448430769, -0.00372758205049, 0.0041339979507, 0.00308561883867, -0.01497085765, 0.0232471525669]]
    },
    "melbands": {
        "dmean": [0.00145007914398, 0.00152098375838, 0.00080751942005, 0.00122331583407, 0.000248136551818, 2.82484670606e-05, 3.20296821883e-05, 4.43219396402e-05, 3.03936194541e-05, 4.84708689328e-05, 2.61159166257e-05, 5.63123976463e-05, 5.0853654102e-05, 5.91838797845e-05, 3.69916633645e-05, 6.37545017526e-05, 2.62755711447e-05, 2.39646487898e-05, 3.21458792314e-05, 2.82033124677e-05, 2.69672127615e-05, 2.00070498977e-05, 1.84090549737e-05, 1.7293741621e-05, 1.43871147884e-05, 1.45599242387e-05, 1.38693567351e-05, 1.08171198008e-05, 9.40657901083e-06, 9.87926341622e-06, 8.27449912322e-06, 7.79518995841e-06, 5.98776250627e-06, 5.10160271006e-06, 4.36497020928e-06, 3.81844392905e-06, 3.91367439079e-06, 3.74655837732e-06, 3.56190003004e-06, 2.4117398425e-06],
        "dmean2": [0.00209797988646, 0.00235468754545, 0.00144829216879, 0.00183244387154, 0.000364122795872, 4.81952702103e-05, 5.12469014211e-05, 7.03019686625e-05, 4.93784937134e-05, 7.82680799603e-05, 4.36797636212e-05, 8.80659863469e-05, 8.28465563245e-05, 9.32067414396e-05, 6.12986696069e-05, 0.000100469456811, 4.39069408458e-05, 4.01516263082e-05, 5.30097568117e-05, 4.60455485154e-05, 4.44536490249e-05, 3.36308803526e-05, 3.09573297272e-05, 2.96813723253e-05, 2.46511917794e-05, 2.48712403845e-05, 2.34957951761e-05, 1.81897867151e-05, 1.5861738575e-05, 1.6686570234e-05, 1.36578546517e-05, 1.30884836835e-05, 1.00026827567e-05, 8.49571097206e-06, 7.38062180972e-06, 6.40394864604e-06, 6.63554510538e-06, 6.41627002551e-06, 6.10591587247e-06, 4.02665864385e-06],
        "dvar": [4.41832617071e-06, 1.0954244317e-05, 6.15510407442e-06, 1.38488403536e-05, 5.78373601456e-07, 3.28857030496e-09, 3.39458106069e-09, 1.05235873349e-08, 4.04942523957e-09, 1.31495960787e-08, 2.16583240231e-09, 1.35946844892e-08, 7.02712377176e-09, 1.76898495852e-08, 5.66471447527e-09, 2.24726477427e-08, 1.99954208746e-09, 2.14281659083e-09, 3.6889264976e-09, 5.82224046752e-09, 1.68964797709e-09, 9.75429070849e-10, 8.72708239008e-10, 8.04003974508e-10, 5.70772096253e-10, 8.45530923055e-10, 4.49742965092e-10, 2.47512094154e-10, 1.88654217248e-10, 2.53744830703e-10, 1.40713635188e-10, 1.42851369622e-10, 6.66286401052e-11, 4.77221213935e-11, 3.65028909877e-11, 2.81587045348e-11, 3.19913991131e-11, 3.46838079091e-11, 3.47131073886e-11, 1.25517209473e-11],
        "dvar2": [9.33733826969e-06, 2.63066231128e-05, 1.71717783815e-05, 2.49468266702e-05, 1.20627487377e-06, 8.70835581424e-09, 7.90711229826e-09, 2.52009222379e-08, 9.58656176664e-09, 3.14236885401e-08, 5.36092326087e-09, 2.80339005343e-08, 1.5751743021e-08, 3.61626852907e-08, 1.29161872309e-08, 4.80755240062e-08, 5.04701747062e-09, 4.91099072519e-09, 8.43667802286e-09, 1.15896501285e-08, 3.88179488553e-09, 2.38010389175e-09, 2.03594119341e-09, 2.07297645716e-09, 1.37928057864e-09, 1.90448901094e-09, 1.0875260692e-09, 6.46865228049e-10, 4.77802131194e-10, 6.00368588177e-10, 3.34564653759e-10, 3.69409836054e-10, 1.72997768888e-10, 1.20215268296e-10, 9.65876892356e-11, 7.04186917111e-11, 8.52103665405e-11, 9.36284105801e-11, 9.34700858379e-11, 3.25791338351e-11],
        "max": [0.0209027342498, 0.0254807397723, 0.0179210752249, 0.0289730913937, 0.0065612453036, 0.00135824456811, 0.000957490643486, 0.00317341159098, 0.00194969109725, 0.00194030278362, 0.00132529670373, 0.00374373816885, 0.00188981683459, 0.00490419240668, 0.00468394206837, 0.00475447159261, 0.00087114534108, 0.00149977894034, 0.00206165621057, 0.00338033097796, 0.00109934213106, 0.000630759052001, 0.000799490313511, 0.000561384833418, 0.00067169428803, 0.00123862863984, 0.000525860523339, 0.00061118096346, 0.000348390487488, 0.0005241073668, 0.000312139396556, 0.000368646084098, 0.000116310249723, 0.000119704534882, 7.77183522587e-05, 0.000107990388642, 7.40268878872e-05, 8.14861414256e-05, 9.12298783078e-05, 4.58915783383e-05],
        "mean": [0.00319563131779, 0.00221772608347, 0.000676362076774, 0.00127024692483, 0.000263209833065, 3.39286962117e-05, 4.69512233394e-05, 7.81929556979e-05, 5.08915181854e-05, 6.27799745416e-05, 3.81639947591e-05, 9.61238329182e-05, 8.68120332598e-05, 0.000102021265775, 5.94628218096e-05, 0.000103832113382, 4.00613171223e-05, 3.72309150407e-05, 5.00148635183e-05, 4.16480033891e-05, 4.16774782934e-05, 3.07583286485e-05, 2.85159403575e-05, 2.58030795521e-05, 2.21321297431e-05, 2.16197076952e-05, 2.24065825023e-05, 1.87906261999e-05, 1.72629388544e-05, 1.70867715497e-05, 1.50341738845e-05, 1.3355755982e-05, 1.04768814708e-05, 9.36749347602e-06, 8.20867990114e-06, 7.50623939894e-06, 7.29258636056e-06, 6.7514733928e-06, 6.11602763456e-06, 4.57928672404e-06],
        "median": [0.00195021391846, 0.000996680697426, 0.000145694968523, 0.00015088316286, 5.25663199369e-05, 1.29541240312e-05, 1.94206168089e-05, 2.45404189627e-05, 1.57196282089e-05, 1.82727653737e-05, 1.67060097738e-05, 3.59456971637e-05, 4.17463088525e-05, 3.70735833712e-05, 3.05067478621e-05, 3.87804757338e-05, 2.39396540564e-05, 2.26127012866e-05, 2.82267501461e-05, 2.22930721065e-05, 2.52157351497e-05, 1.84245254786e-05, 1.72608688445e-05, 1.6036156012e-05, 1.47255377669e-05, 1.3511808902e-05, 1.38053837873e-05, 1.22804467537e-05, 1.14427184599e-05, 1.08253279905e-05, 9.31203248911e-06, 8.3060531324e-06, 6.89808121024e-06, 6.47583692626e-06, 5.74560317546e-06, 5.14860585099e-06, 4.83723624711e-06, 4.42740383733e-06, 3.78688491764e-06, 3.16753448715e-06],
        "min": [7.6139094426e-25, 1.44966759742e-24, 9.98993728849e-25, 5.85100647897e-25, 1.59752645929e-24, 1.27870211217e-24, 1.06354049748e-24, 9.71066080652e-25, 1.53051726134e-24, 1.93411299577e-24, 1.49001763551e-24, 1.53206648555e-24, 3.07937829974e-24, 2.7605641092e-24, 2.8670266076e-24, 2.67467273663e-24, 2.1815380354e-24, 2.46568849448e-24, 3.6775058515e-24, 2.9242121207e-24, 4.34862058915e-24, 3.29587841417e-24, 2.90174555933e-24, 4.22767085744e-24, 3.49421678119e-24, 4.81667621891e-24, 3.83962228955e-24, 5.53151633324e-24, 3.61721518467e-24, 3.8909333527e-24, 4.93221515367e-24, 4.82902544195e-24, 4.8546626325e-24, 5.49900855862e-24, 5.84487831163e-24, 6.03218150066e-24, 6.09898263655e-24, 5.3274179011e-24, 6.33249571968e-24, 5.79544868174e-24],
        "var": [1.18831367217e-05, 1.29250547616e-05, 3.87849559047e-06, 1.79599028343e-05, 6.50353513265e-07, 3.86272835939e-09, 5.95408300441e-09, 3.59296166152e-08, 1.33958115711e-08, 1.79690236024e-08, 4.3370285141e-09, 4.3791914095e-08, 1.824500373e-08, 5.62852591202e-08, 1.16483924728e-08, 5.4467157895e-08, 2.97918467673e-09, 3.82402776111e-09, 6.69522925989e-09, 1.29599024845e-08, 3.28354454737e-09, 1.53792700797e-09, 1.69478064915e-09, 1.1148614254e-09, 9.31701049645e-10, 1.43417566711e-09, 7.85551235172e-10, 4.36458952313e-10, 4.05202066345e-10, 5.05403607853e-10, 3.36056293904e-10, 2.69256145158e-10, 1.20749396593e-10, 9.48486636454e-11, 6.72521413558e-11, 6.21980245086e-11, 6.13521386472e-11, 5.49236281455e-11, 4.91286178406e-11, 2.10477919815e-11]
    },
    "mfcc": {
        "mean": [-606.361755371, 52.3885650635, -0.16058832407, 20.4631996155, 15.5760622025, 20.3839931488, 15.2044477463, 10.6914949417, 5.93436098099, 2.17476129532, -0.331989258528, 2.40859031677, 1.60036611557],
        "cov": [[5384.45410156, 352.428833008, -35.305480957, 34.8419570923, -3.30259561539, 18.1944465637, 3.91155385971, 12.1184139252, -6.49186468124, -7.08891439438, -11.2343244553, -8.69602012634, -17.0241718292], [352.428833008, 1366.78417969, 21.8738670349, -67.2639007568, 26.55194664, 25.3227882385, 73.4456634521, 51.6295585632, 20.8574104309, 25.2115707397, 91.2849807739, 101.698860168, 80.4960479736], [-35.305480957, 21.8738670349, 523.291137695, 235.153335571, 120.882736206, 72.6697235107, 22.612405777, -3.52632975578, 8.44160366058, -4.94870615005, -25.8101100922, -54.3545036316, -57.5434341431], [34.8419570923, -67.2639007568, 235.153335571, 261.422821045, 132.339080811, 85.4863967896, 53.6798782349, 31.7264652252, 34.008354187, 27.1921596527, 15.3350543976, 7.93331241608, 10.6432886124], [-3.30259561539, 26.55194664, 120.882736206, 132.339080811, 176.698135376, 110.164863586, 64.2237625122, 43.0255699158, 39.6539268494, 29.6358528137, 34.4613189697, 28.6661949158, 23.3590240479], [18.1944465637, 25.3227882385, 72.6697235107, 85.4863967896, 110.164863586, 153.14666748, 101.05165863, 59.3708229065, 49.4552078247, 38.1003379822, 36.9590301514, 38.3277244568, 30.0287322998], [3.91155385971, 73.4456634521, 22.612405777, 53.6798782349, 64.2237625122, 101.05165863, 137.720153809, 85.5744400024, 62.3099822998, 52.3892288208, 49.6359367371, 52.7983436584, 47.5236740112], [12.1184139252, 51.6295585632, -3.52632975578, 31.7264652252, 43.0255699158, 59.3708229065, 85.5744400024, 110.042289734, 78.4580841064, 54.0768432617, 52.4012908936, 50.2773628235, 46.9963569641], [-6.49186468124, 20.8574104309, 8.44160366058, 34.008354187, 39.6539268494, 49.4552078247, 62.3099822998, 78.4580841064, 113.613754272, 81.8801956177, 58.8636245728, 54.9900131226, 53.5010566711], [-7.08891439438, 25.2115707397, -4.94870615005, 27.1921596527, 29.6358528137, 38.1003379822, 52.3892288208, 54.0768432617, 81.8801956177, 123.721229553, 87.7410125732, 63.7101020813, 53.6792526245], [-11.2343244553, 91.2849807739, -25.8101100922, 15.3350543976, 34.4613189697, 36.9590301514, 49.6359367371, 52.4012908936, 58.8636245728, 87.7410125732, 122.086845398, 92.7647018433, 64.5205383301], [-8.69602012634, 101.698860168, -54.3545036316, 7.93331241608, 28.6661949158, 38.3277244568, 52.7983436584, 50.2773628235, 54.9900131226, 63.7101020813, 92.7647018433, 126.420921326, 95.7889099121], [-17.0241718292, 80.4960479736, -57.5434341431, 10.6432886124, 23.3590240479, 30.0287322998, 47.5236740112, 46.9963569641, 53.5010566711, 53.6792526245, 64.5205383301, 95.7889099121, 128.975723267]],
