{
"lowlevel": {
    "average_loudness": 0.926646709442,
    "barkbands_crest": {
        "dmean": 2.80105423927,
        "dmean2": 4.22727918625,
        "dvar": 9.7972240448,
        "dvar2": 20.1281490326,
        "max": 26.6762485504,
        "mean": 13.5861053467,
        "median": 13.2519207001,
        "min": 1.9621874094,
        "var": 36.1345863342
    },
    "barkbands_flatness_db": {
        "dmean": 0.0295981485397,
        "dmean2": 0.0414391979575,
        "dvar": 0.00130430620629,
        "dvar2": 0.00242609670386,
        "max": 0.530122458935,
        "mean": 0.135912716389,
        "median": 0.119455948472,
        "min": 0.0218951310962,
        "var": 0.00494360970333
    },
    "barkbands_kurtosis": {
        "dmean": 10.0308332443,
        "dmean2": 13.8185558319,
        "dvar": 1046.65087891,
        "dvar2": 1516.08276367,
        "max": 1902.13037109,
        "mean": 14.3323841095,
        "median": 3.91883039474,
        "min": -1.86032640934,
        "var": 2510.11621094
    },
    "barkbands_skewness": {
        "dmean": 0.976032674313,
        "dmean2": 1.3265542984,
        "dvar": 1.91312468052,
        "dvar2": 3.35846114159,
        "max": 41.2701187134,
        "mean": 2.67330026627,
        "median": 2.13143658638,
        "min": -2.66389036179,
        "var": 6.40287876129
    },
    "barkbands_spread": {
        "dmean": 9.37284088135,
        "dmean2": 14.3446702957,
        "dvar": 144.150588989,
        "dvar2": 348.719268799,
        "max": 105.23928833,
        "mean": 28.6888198853,
        "median": 25.7664432526,
        "min": 0.185908347368,
        "var": 342.021209717
    },
    "dissonance": {
        "dmean": 0.0115803517401,
        "dmean2": 0.0190336536616,
        "dvar": 0.00018951050879,
        "dvar2": 0.000504307856318,
        "max": 0.500000119209,
        "mean": 0.478590101004,
        "median": 0.486057579517,
        "min": 0.23406432569,
        "var": 0.00052799389232
    },
    "dynamic_complexity": 1.97477567196,
    "erbbands_crest": {
        "dmean": 2.26029348373,
        "dmean2": 3.44417023659,
        "dvar": 9.27362823486,
        "dvar2": 18.4232749939,
        "max": 30.5319805145,
        "mean": 6.69662427902,
        "median": 5.05278205872,
        "min": 2.20570755005,
        "var": 19.9925670624
    },
    "erbbands_flatness_db": {
        "dmean": 0.0149395745248,
        "dmean2": 0.0216030813754,
        "dvar": 0.000329074275214,
        "dvar2": 0.000704388774466,
        "max": 0.376306384802,
        "mean": 0.110004000366,
        "median": 0.0999012216926,
        "min": 0.044457770884,
        "var": 0.00130066939164
    },
    "erbbands_kurtosis": {
        "dmean": 0.87284964323,
        "dmean2": 1.34521651268,
        "dvar": 5.41684150696,
        "dvar2": 10.9196033478,
        "max": 119.358917236,
        "mean": 0.177588924766,
        "median": -0.261387586594,
        "min": -1.80884432793,
        "var": 12.3299369812
    },
    "erbbands_skewness": {
        "dmean": 0.365820467472,
        "dmean2": 0.527552425861,
        "dvar": 0.216341033578,
        "dvar2": 0.471137106419,
        "max": 8.97984886169,
        "mean": 0.0643614307046,
        "median": -0.100657239556,
        "min": -2.32236790657,
        "var": 0.712917685509
    },
    "erbbands_spread": {
        "dmean": 12.6697301865,
        "dmean2": 18.7029342651,
        "dvar": 219.829544067,
        "dvar2": 466.247772217,
        "max": 167.289276123,
        "mean": 58.4740371704,
        "median": 54.5489311218,
        "min": 2.35810637474,
        "var": 773.715148926
    },
    "hfc": {
        "dmean": 8.54741287231,
        "dmean2": 13.6446437836,
        "dvar": 189.92010498,
        "dvar2": 507.060821533,
        "max": 141.94102478,
        "mean": 32.6255836487,
        "median": 28.4021148682,
        "min": 1.17107307746e-16,
        "var": 435.999237061
    },
    "melbands_crest": {
        "dmean": 3.52260184288,
        "dmean2": 5.6843419075,
        "dvar": 15.3828144073,
        "dvar2": 36.561668396,
        "max": 37.4600257874,
        "mean": 20.7190494537,
        "median": 21.3657245636,
        "min": 2.07542133331,
        "var": 60.7629928589
    },
    "melbands_flatness_db": {
        "dmean": 0.0359308458865,
        "dmean2": 0.0502967536449,
        "dvar": 0.00202853302471,
        "dvar2": 0.00392615050077,
        "max": 0.686655640602,
        "mean": 0.205066785216,
        "median": 0.198085948825,
        "min": 0.00438262382522,
        "var": 0.00837199389935
    },
    "melbands_kurtosis": {
        "dmean": 33.7272186279,
        "dmean2": 46.4305152893,
        "dvar": 5290.84082031,
        "dvar2": 8938.02539062,
        "max": 1076.59655762,
        "mean": 59.3322257996,
        "median": 22.6614360809,
        "min": -1.72734296322,
        "var": 12013.1386719
    },
    "melbands_skewness": {
        "dmean": 1.50904536247,
        "dmean2": 2.12248206139,
        "dvar": 4.76950407028,
        "dvar2": 8.51844120026,
        "max": 24.0591506958,
        "mean": 5.2831530571,
        "median": 4.37639713287,
        "min": -0.760446727276,
        "var": 16.6040802002
    },
    "melbands_spread": {
        "dmean": 9.41400146484,
        "dmean2": 14.7579078674,
        "dvar": 241.447006226,
        "dvar2": 585.227355957,
        "max": 188.664932251,
        "mean": 23.7026481628,
        "median": 15.8947095871,
        "min": 0.279127061367,
        "var": 566.830749512
    },
    "pitch_salience": {
        "dmean": 0.0855745077133,
        "dmean2": 0.128509551287,
        "dvar": 0.0094562349841,
        "dvar2": 0.019799111411,
        "max": 0.99460041523,
        "mean": 0.453338831663,
        "median": 0.476662695408,
        "min": 0.0270391479135,
        "var": 0.0330361388624
    },
    "silence_rate_20dB": {
        "dmean": 0,
        "dmean2": 0,
        "dvar": 0,
        "dvar2": 0,
        "max": 1,
        "mean": 1,
        "median": 1,
        "min": 1,
        "var": 0
    },
    "silence_rate_30dB": {
        "dmean": 0.0805785134435,
        "dmean2": 0.161190330982,
        "dvar": 0.0740895569324,
        "dvar2": 0.167864739895,
        "max": 1,
        "mean": 0.88390827179,
        "median": 1,
        "min": 0,
        "var": 0.102616995573
    },
    "silence_rate_60dB": {
        "dmean": 0.00909090880305,
        "dmean2": 0.018185576424,
        "dvar": 0.00900809373707,
        "dvar2": 0.0203352272511,
        "max": 1,
        "mean": 0.0214831642807,
        "median": 0,
        "min": 0,
        "var": 0.0210212189704
    },
    "spectral_centroid": {
        "dmean": 364.785217285,
        "dmean2": 542.157958984,
        "dvar": 211787.359375,
        "dvar2": 456747.3125,
        "max": 11182.1298828,
        "mean": 1829.14001465,
        "median": 1884.15014648,
        "min": 95.0307998657,
        "var": 688255.6875
    },
    "spectral_complexity": {
        "dmean": 5.47272729874,
        "dmean2": 8.55961990356,
        "dvar": 43.8476905823,
        "dvar2": 98.5133056641,
        "max": 62,
        "mean": 24.6011161804,
        "median": 23,
        "min": 0,
        "var": 208.933410645
    },
    "spectral_decrease": {
        "dmean": 3.67056385286e-09,
        "dmean2": 5.14256193185e-09,
        "dvar": 2.24627066106e-17,
        "dvar2": 4.45841416615e-17,
        "max": 4.09645750561e-29,
        "mean": -1.44745637698e-08,
        "median": -1.35030484572e-08,
        "min": -5.05940498385e-08,
        "var": 9.81028596426e-17
    },
    "spectral_energy": {
        "dmean": 0.0137530351058,
        "dmean2": 0.0192597582936,
        "dvar": 0.000310697767418,
        "dvar2": 0.000621846411377,
        "max": 0.193015381694,
        "mean": 0.0575894750655,
        "median": 0.0549251288176,
        "min": 1.05675877545e-20,
        "var": 0.00140379322693
    },
    "spectral_energyband_high": {
        "dmean": 0.000878120365087,
        "dmean2": 0.00137058657128,
        "dvar": 1.83917143204e-06,
        "dvar2": 4.76498325952e-06,
        "max": 0.0126126511022,
        "mean": 0.00241841608658,
        "median": 0.00182138325181,
        "min": 7.60859952913e-21,
        "var": 4.40130179413e-06
    },
    "spectral_energyband_low": {
        "dmean": 0.01326103881,
        "dmean2": 0.01848324202,
        "dvar": 0.000381207180908,
        "dvar2": 0.000730186642613,
        "max": 0.191782698035,
        "mean": 0.0410766489804,
        "median": 0.032837048173,
        "min": 2.79795615555e-23,
        "var": 0.00146533770021
    },
    "spectral_energyband_middle_high": {
        "dmean": 0.00174243585207,
        "dmean2": 0.00262581813149,
        "dvar": 7.26062216927e-06,
        "dvar2": 1.5086179701e-05,
        "max": 0.0572906024754,
        "mean": 0.00539848348126,
        "median": 0.00341144879349,
        "min": 1.3368188866e-21,
        "var": 3.63928920706e-05
    },
    "spectral_energyband_middle_low": {
        "dmean": 0.00479620182887,
        "dmean2": 0.00702323997393,
        "dvar": 9.69799802988e-05,
        "dvar2": 0.000171659645275,
        "max": 0.119087517262,
        "mean": 0.00986913125962,
        "median": 0.00549186347052,
        "min": 2.39776834362e-22,
        "var": 0.000232435835642
    },
    "spectral_entropy": {
        "dmean": 0.165351822972,
        "dmean2": 0.237224236131,
        "dvar": 0.0485504232347,
        "dvar2": 0.106434121728,
        "max": 9.80341148376,
        "mean": 8.04095077515,
        "median": 8.12962722778,
        "min": 4.49991130829,
        "var": 0.159933567047
    },
    "spectral_flux": {
        "dmean": 0.0331508815289,
        "dmean2": 0.048530947417,
        "dvar": 0.00153023423627,
        "dvar2": 0.00296865357086,
        "max": 0.383517205715,
        "mean": 0.102431342006,
        "median": 0.0854525789618,
        "min": 6.68853097907e-11,
        "var": 0.00401292974129
    },
    "spectral_kurtosis": {
        "dmean": 0.766205072403,
        "dmean2": 1.14843070507,
        "dvar": 13.6388425827,
        "dvar2": 24.5257549286,
        "max": 217.656768799,
        "mean": 2.38623189926,
        "median": 1.88765001297,
        "min": -1.30638301373,
        "var": 29.4536743164
    },
    "spectral_rms": {
        "dmean": 0.000890071736649,
        "dmean2": 0.00122445914894,
        "dvar": 1.01769091998e-06,
        "dvar2": 1.90641424069e-06,
        "max": 0.0137225249782,
        "mean": 0.00699828611687,
        "median": 0.00732021126896,
        "min": 3.21089422411e-12,
        "var": 7.20882553651e-06
    },
    "spectral_rolloff": {
        "dmean": 780.241149902,
        "dmean2": 1291.58203125,
        "dvar": 2052798.875,
        "dvar2": 4705123,
        "max": 19078.4179688,
        "mean": 1634.43701172,
        "median": 667.529296875,
        "min": 43.06640625,
        "var": 4778510.5
    },
    "spectral_skewness": {
        "dmean": 0.13086566329,
        "dmean2": 0.195995017886,
        "dvar": 0.046162687242,
        "dvar2": 0.0852430835366,
        "max": 11.7725152969,
        "mean": 1.21450817585,
        "median": 1.18529105186,
        "min": -0.00231875712052,
        "var": 0.204505294561
    },
    "spectral_spread": {
        "dmean": 607110.375,
        "dmean2": 894358.5,
        "dvar": 935057620992,
        "dvar2": 1.66257111859e+12,
        "max": 49191532,
        "mean": 6358288,
        "median": 6240298,
        "min": 555027.6875,
        "var": 3.35116527206e+12
    },
    "spectral_strongpeak": {
        "dmean": 0.303800046444,
        "dmean2": 0.472000926733,
        "dvar": 0.265852719545,
        "dvar2": 0.643366158009,
        "max": 9.0153837204,
        "mean": 0.660318553448,
        "median": 0.488747507334,
        "min": 0,
        "var": 0.371964544058
    },
    "zerocrossingrate": {
        "dmean": 0.0157067161053,
        "dmean2": 0.0189144145697,
        "dvar": 0.000341437873431,
        "dvar2": 0.000468053651275,
        "max": 0.521484375,
        "mean": 0.0704805403948,
        "median": 0.05859375,
        "min": 0.00341796875,
        "var": 0.00258138193749
    },
    "barkbands": {
        "dmean": [0.00138364650775, 0.0113253844902, 0.00485824747011, 0.00181754957885, 0.00307076913305, 0.000712002627552, 0.000298319995636, 0.000356850592652, 0.000354362360667, 0.000441217824118, 0.000261319073616, 0.000445194717031, 0.000287321046926, 0.000250421988312, 0.000220366651774, 0.000197248984477, 0.000223262992222, 0.000240268098423, 0.00021062567248, 0.00017012724129, 0.000201428803848, 0.0001761749445, 0.0001638262911, 0.000199721966055, 0.000190462174942, 7.69633988966e-05, 2.7000908176e-06],
        "dmean2": [0.0021596273873, 0.0163268577307, 0.00787462666631, 0.00314325117506, 0.00411159312353, 0.00121129991021, 0.000481714610942, 0.000542516412679, 0.000556443061214, 0.000694899819791, 0.000412488647271, 0.000724347599316, 0.00046478852164, 0.000410498789279, 0.000368039618479, 0.00032556289807, 0.000371545029338, 0.000404529331718, 0.00035668653436, 0.000280571141047, 0.000333987583872, 0.000279222469544, 0.00026307272492, 0.000322175415931, 0.000317755504511, 0.000117942872748, 4.60604314867e-06],
        "dvar": [8.87130590854e-06, 0.000351317226887, 0.000158414623002, 2.1985557396e-05, 8.73515673447e-05, 4.53986422144e-06, 2.73182848787e-07, 5.2083510127e-07, 4.25521136549e-07, 7.30066858523e-07, 2.97887197576e-07, 8.83790505668e-07, 2.85583809045e-07, 3.48470223344e-07, 1.49290173113e-07, 8.3598742151e-08, 1.5283720245e-07, 1.83605948223e-07, 1.52835085032e-07, 7.0541830155e-08, 8.33676381262e-08, 5.53279768667e-08, 5.22931600244e-08, 9.79712808657e-08, 1.35015056912e-07, 1.64131108704e-08, 2.52954185376e-11],
        "dvar2": [1.99049700313e-05, 0.000731587177143, 0.00039914183435, 6.07824003964e-05, 0.000134839545353, 1.27490429804e-05, 6.88674106186e-07, 1.15954821922e-06, 1.06971015157e-06, 1.80526785698e-06, 6.34777393316e-07, 2.18768013838e-06, 6.86415773998e-07, 8.04687942946e-07, 3.96382915824e-07, 2.09049076716e-07, 3.96841727479e-07, 5.02242187395e-07, 4.2183009441e-07, 1.87080644309e-07, 2.21681617063e-07, 1.35530669354e-07, 1.30040007207e-07, 2.56941291354e-07, 3.6976993556e-07, 4.25052206765e-08, 6.92527216128e-11],
        "max": [0.0885453149676, 0.177377045155, 0.103175699711, 0.0404863618314, 0.115054741502, 0.0259392932057, 0.00921972468495, 0.011129738763, 0.0154388686642, 0.0204614084214, 0.0104323448613, 0.0222507752478, 0.0147267915308, 0.0235899202526, 0.00924807135016, 0.00507882842794, 0.00815053004771, 0.00590402353555, 0.00371372443624, 0.00567554589361, 0.00403813226148, 0.00361853837967, 0.00275654532015, 0.00334441638552, 0.0037498078309, 0.00165706640109, 5.73111319682e-05],
        "mean": [0.00437948200852, 0.0295956488699, 0.00601624138653, 0.00217327428982, 0.00497462088242, 0.000895626551937, 0.000470204045996, 0.000597306236159, 0.000615600845776, 0.000761003466323, 0.000544135342352, 0.000813409511466, 0.000556829094421, 0.000459248345578, 0.000414665031713, 0.00040726547013, 0.000446054968052, 0.000456244364614, 0.00040634299512, 0.000400493503548, 0.000492863589898, 0.000464648910565, 0.000382348662242, 0.000389509543311, 0.000312656222377, 0.000160412135301, 3.34286278303e-06],
        "median": [0.00141491601244, 0.0204679686576, 0.0016590601299, 0.000710744061507, 0.000875849684235, 0.000333061703714, 0.000189899961697, 0.000208235636819, 0.00030671391869, 0.000341300416039, 0.000141766984598, 0.000358458899427, 0.00027432871866, 0.000229250596021, 0.000205213364097, 0.000226315329201, 0.000227078475291, 0.000279544416117, 0.000262364337686, 0.000288065202767, 0.00035252442467, 0.000325673667248, 0.000266575487331, 0.000244761584327, 0.000172895553987, 9.47461012402e-05, 1.51225583522e-06],
        "min": [3.7155376246e-24, 2.36802601558e-23, 1.23389303781e-24, 7.53088873486e-25, 2.89992147626e-23, 3.31955887469e-23, 2.4025975292e-23, 2.96707815176e-23, 2.38478268338e-23, 3.92623866474e-23, 2.97165606936e-23, 3.97782070161e-23, 4.58466173483e-23, 3.80549593013e-23, 1.01141131458e-22, 1.012852595e-22, 1.17013808042e-22, 8.11679369548e-23, 1.4176692534e-22, 2.49799457313e-22, 2.38515363733e-22, 5.15982482777e-22, 5.52170220938e-22, 6.85164546006e-22, 1.12039927701e-21, 1.63380136421e-21, 2.41705971618e-21],
        "var": [7.25795835024e-05, 0.000970375433099, 0.000152144188178, 1.77464680746e-05, 0.000214864834561, 3.57404587703e-06, 5.43677231235e-07, 1.29382988234e-06, 7.26443033727e-07, 1.32879210923e-06, 1.19494984574e-06, 1.80654546966e-06, 6.82223230797e-07, 5.81257836529e-07, 2.91312943546e-07, 2.41553948399e-07, 3.36774604648e-07, 2.99819220118e-07, 2.08862573459e-07, 1.62161583717e-07, 2.04022938988e-07, 2.05906388828e-07, 1.38776982794e-07, 1.73391896396e-07, 1.37909296427e-07, 3.57783846994e-08, 2.90921349511e-11]
    },
    "erbbands": {
        "dmean": [0.376917183399, 2.52424693108, 5.30197191238, 5.90395450592, 5.53388118744, 15.758234024, 7.01829242706, 5.46068763733, 4.70006227493, 3.94330883026, 8.23793315887, 7.39445114136, 9.33563709259, 15.5951766968, 12.5843963623, 16.1199169159, 12.5710878372, 12.4048395157, 11.9414558411, 10.2350502014, 11.3670377731, 11.7255907059, 13.2258672714, 11.1876850128, 9.23419952393, 7.96370029449, 8.47536277771, 7.69133377075, 6.26214790344, 5.62170362473, 4.61474847794, 3.71621990204, 3.70147299767, 2.60920023918, 1.15393161774, 0.417559742928, 0.138253256679, 0.0190405398607, 0.000364509702194, 2.13426556002e-05],
        "dmean2": [0.562629282475, 3.53831791878, 8.16013145447, 9.88378238678, 8.47187519073, 20.2384929657, 11.2709369659, 9.15667247772, 7.79140424728, 5.87581968307, 12.8285531998, 11.6881866455, 14.4458665848, 24.6525382996, 20.0369682312, 26.1415939331, 20.1566791534, 19.6595039368, 19.6774749756, 16.8745002747, 18.94789505, 19.3106594086, 22.3974246979, 18.7948093414, 15.570186615, 13.0652227402, 14.1496143341, 12.431180954, 9.89641571045, 9.17774772644, 7.4024720192, 5.79837656021, 6.13445234299, 4.44906234741, 1.8816652298, 0.656843602657, 0.215723946691, 0.0297345370054, 0.000566872709896, 3.27720481437e-05],
        "dvar": [0.309753388166, 23.0007534027, 169.61605835, 212.608383179, 129.973648071, 3028.13623047, 373.243713379, 241.714096069, 83.9544830322, 62.4242973328, 307.871704102, 231.763504028, 261.757629395, 991.885314941, 542.252075195, 1425.45483398, 550.906311035, 855.740905762, 583.090576172, 268.805267334, 314.973052979, 421.832366943, 647.23651123, 409.773895264, 236.91960144, 145.372772217, 171.730041504, 113.131507874, 68.6282424927, 61.8205070496, 39.6155776978, 27.2166900635, 38.6701774597, 26.3941955566, 4.28448009491, 0.47220236063, 0.055742777884, 0.00102477846667, 3.81955317152e-07, 6.96418089863e-10],
        "dvar2": [0.726118862629, 44.8249549866, 387.647125244, 562.875976562, 286.072601318, 4590.26513672, 994.475097656, 667.385437012, 227.534973145, 131.576812744, 747.319152832, 587.202514648, 601.535766602, 2403.06591797, 1239.25427246, 3407.26000977, 1202.16247559, 1879.76281738, 1507.56311035, 675.252197266, 802.727722168, 1072.28796387, 1796.63256836, 1093.27868652, 629.48034668, 357.550567627, 465.198608398, 290.174072266, 162.926925659, 156.970626831, 98.3797836304, 67.3955307007, 103.841964722, 72.6589660645, 11.6324033737, 1.23090553284, 0.145152539015, 0.00263820611872, 9.85940346254e-07, 1.72874192739e-09],
        "max": [6.70485019684, 46.4121627808, 120.2862854, 130.393508911, 198.493026733, 670.778381348, 259.933502197, 255.486099243, 114.877990723, 210.68447876, 237.293075562, 328.92678833, 327.056182861, 539.028564453, 365.801177979, 883.914550781, 626.331787109, 1228.2935791, 945.862548828, 283.723754883, 264.467010498, 476.710205078, 397.108581543, 188.064498901, 219.113723755, 229.036621094, 212.497329712, 198.241409302, 158.709487915, 93.162979126, 71.2506866455, 76.0101013184, 52.4157905579, 50.1960372925, 23.3380908966, 10.860001564, 3.02016305923, 0.35061571002, 0.00646669929847, 0.000308936985675],
        "mean": [1.2188603878, 5.10062456131, 7.49328804016, 8.1593875885, 7.90158939362, 24.9555854797, 10.0087957382, 7.19426250458, 7.29391860962, 7.34656143188, 13.7063398361, 13.2867879868, 18.9316768646, 28.1011581421, 25.8409137726, 31.3812675476, 26.2821216583, 24.0149745941, 23.4726886749, 21.330034256, 23.3633079529, 25.2356491089, 25.049779892, 22.6069545746, 19.7803115845, 19.231388092, 19.4905204773, 19.0367088318, 16.5288162231, 13.6947479248, 10.6702346802, 8.25727558136, 6.32678985596, 4.0252366066, 1.97839796543, 0.814025640488, 0.275257825851, 0.0375666804612, 0.000755532586481, 9.76867886493e-05],
        "median": [0.898786365986, 2.51813077927, 2.54154276848, 2.86919140816, 2.67785906792, 2.61365556717, 2.81977939606, 3.01450753212, 3.16787815094, 3.24687075615, 5.73641586304, 6.35694169998, 9.47814178467, 11.84836483, 11.674612999, 13.9467430115, 13.1940317154, 11.4926948547, 12.6034555435, 10.825668335, 13.3270740509, 13.6032085419, 15.1150035858, 13.3762273788, 13.6748838425, 13.842543602, 14.2951469421, 13.0223684311, 11.603975296, 9.9571390152, 7.56565856934, 5.51681470871, 3.70480036736, 2.19284725189, 1.11543679237, 0.473715484142, 0.157224208117, 0.0208730977029, 0.000445422600023, 9.90638363874e-05],
        "min": [1.03308719277e-21, 1.60972366331e-21, 1.83618929663e-21, 8.41399798815e-21, 8.71828590844e-20, 5.38023279693e-20, 1.60508362032e-19, 2.97207984494e-19, 2.56983070185e-19, 3.10867502292e-19, 7.20459269186e-19, 4.78840380946e-19, 1.10068188503e-18, 2.22023175984e-18, 1.39437680762e-18, 2.04434524427e-18, 2.19182079414e-18, 2.78469257202e-18, 4.43061593449e-18, 8.99501840689e-18, 5.2706534153e-18, 6.56577671782e-18, 4.71788748942e-18, 1.00265225569e-17, 1.14495494888e-17, 1.23295836338e-17, 1.14286152019e-17, 1.1532867256e-17, 1.63603156448e-17, 1.74085073365e-17, 1.29799667981e-17, 1.2178870499e-17, 1.11370538883e-17, 1.22999920746e-17, 8.08417674718e-18, 5.47487975905e-18, 3.03148273495e-18, 1.18001264168e-18, 3.23610969261e-19, 3.27016678638e-20],
        "var": [1.74639129639, 49.9979705811, 203.200057983, 213.136474609, 234.086029053, 7293.03955078, 454.367950439, 203.480041504, 119.512832642, 171.288208008, 597.573791504, 380.718383789, 682.35949707, 2039.98510742, 1679.95385742, 3072.51855469, 1609.4942627, 1591.49951172, 1010.69500732, 778.770996094, 778.51550293, 1039.84472656, 910.953186035, 715.521362305, 421.242156982, 379.645690918, 356.782958984, 324.327423096, 254.975753784, 162.068328857, 108.744781494, 72.2455825806, 52.7551193237, 24.3429908752, 5.28190135956, 0.904348433018, 0.112948186696, 0.00216091633774, 7.93254741893e-07, 2.77324274656e-09]
    },
    "gfcc": {
        "mean": [42.3784599304, 46.3088722229, -95.2714080811, 48.0231933594, -51.5228004456, 33.6226348877, -29.919342041, 18.0441055298, -26.2208633423, 9.44690132141, -17.1803150177, 8.91925621033, -11.295176506],
        "cov": [[5830.10009766, -341.524383545, -376.601928711, 375.578552246, 209.671203613, 354.261169434, -29.4129581451, 176.665802002, -87.9560699463, 52.9442672729, -179.06489563, 29.5632553101, -76.2022247314], [-341.524383545, 958.260925293, 153.753463745, -10.481010437, 125.806755066, 10.0745420456, 159.680725098, 58.0660247803, 142.207199097, -1.18905472755, 99.9948425293, -35.3941802979, 31.9821510315], [-376.601928711, 153.753463745, 1000.45611572, 528.169311523, 218.964416504, 16.5369148254, -14.0092115402, -57.8887252808, 5.35614299774, -17.2772674561, -25.3044033051, -35.3705177307, 4.85192728043], [375.578552246, -10.481010437, 528.169311523, 593.452026367, 357.987091064, 131.585708618, 48.8388252258, 17.1107788086, 32.1676368713, -9.8013086319, -53.1314315796, -38.3886947632, 4.18420410156], [209.671203613, 125.806755066, 218.964416504, 357.987091064, 479.337280273, 233.855392456, 151.620666504, 87.0266571045, 80.0392074585, -10.4572124481, -21.3603038788, -36.3084831238, 10.1735754013], [354.261169434, 10.0745420456, 16.5369148254, 131.585708618, 233.855392456, 248.010818481, 163.674377441, 114.378395081, 63.1131591797, 7.31193256378, -9.89313220978, -20.0653457642, -11.5587253571], [-29.4129581451, 159.680725098, -14.0092115402, 48.8388252258, 151.620666504, 163.674377441, 243.240890503, 148.229797363, 114.448684692, 24.6149482727, 23.6436634064, -14.4895238876, -6.86915588379], [176.665802002, 58.0660247803, -57.8887252808, 17.1107788086, 87.0266571045, 114.378395081, 148.229797363, 193.455551147, 116.240997314, 33.9368629456, 13.0180959702, -15.458067894, -12.6711854935], [-87.9560699463, 142.207199097, 5.35614299774, 32.1676368713, 80.0392074585, 63.1131591797, 114.448684692, 116.240997314, 133.27532959, 51.9616928101, 35.6972961426, -8.10985088348, 1.85519599915], [52.9442672729, -1.18905472755, -17.2772674561, -9.8013086319, -10.4572124481, 7.31193256378, 24.6149482727, 33.9368629456, 51.9616928101, 80.8870773315, 46.3406181335, 24.2557697296, -2.18759489059], [-179.06489563, 99.9948425293, -25.3044033051, -53.1314315796, -21.3603038788, -9.89313220978, 23.6436634064, 13.0180959702, 35.6972961426, 46.3406181335, 94.3039245605, 39.4300041199, 20.163816452], [29.5632553101, -35.3941802979, -35.3705177307, -38.3886947632, -36.3084831238, -20.0653457642, -14.4895238876, -15.458067894, -8.10985088348, 24.2557697296, 39.4300041199, 68.7765884399, 36.2746238708], [-76.2022247314, 31.9821510315, 4.85192728043, 4.18420410156, 10.1735754013, -11.5587253571, -6.86915588379, -12.6711854935, 1.85519599915, -2.18759489059, 20.163816452, 36.2746238708, 69.8946762085]],
        "icov": [[0.000392778136302, -0.000474861793919, 0.000513601873536, -0.000884103938006, 0.00048714588047, -0.000993666821159, 0.000873085169587, -0.0010103849927, 0.00130657514092, -0.00115945981815, 0.00126151891891, -0.00113381247502, 0.000483716779854], [-0.000474861793919, 0.00269259139895, -0.00114818895236, 0.00198467634618, -0.00146266492084, 0.00238125724718, -0.00236487481743, 0.0023922836408, -0.00394139392301, 0.00348388822749, -0.00414551468566, 0.00347833777778, -0.00137654470745], [0.000513601873536, -0.00114818895236, 0.00302596017718, -0.0038826840464, 0.00150867248885, -0.00110516592395, 0.00117283395957, -0.000717644812539, 0.0016712808283, -0.00124627165496, 0.00122201337945, -0.00146102299914, 0.00101286894642], [-0.000884103938006, 0.00198467634618, -0.0038826840464, 0.00872519984841, -0.00532936817035, 0.00285578495823, -0.00171492237132, 0.00225379317999, -0.0032316732686, 0.00105165492278, -0.000933818111662, 0.00324154086411, -0.00193102913909], [0.00048714588047, -0.00146266492084, 0.00150867248885, -0.00532936817035, 0.00857086759061, -0.00696319714189, 0.00155132927466, 0.000220344081754, -0.000930206500925, 0.000701617391314, 0.00124220596626, -0.00107192387804, -0.000547354226001], [-0.000993666821159, 0.00238125724718, -0.00110516592395, 0.00285578495823, -0.00696319714189, 0.0164175406098, -0.00882572494447, -0.000829089956824, 0.00145211315248, 0.00125226692762, -0.00317290634848, 0.00354930851609, -0.000482370931422], [0.000873085169587, -0.00236487481743, 0.00117283395957, -0.00171492237132, 0.00155132927466, -0.00882572494447, 0.0153408898041, -0.00576646486297, -0.00228655012324, -0.000135323993163, 0.00219717784785, -0.00465706456453, 0.00267173349857], [-0.0010103849927, 0.0023922836408, -0.000717644812539, 0.00225379317999, 0.000220344081754, -0.000829089956824, -0.00576646486297, 0.019251383841, -0.0169032141566, 0.00607486348599, -0.00236451788805, 0.00249870447442, 0.000496978114825], [0.00130657514092, -0.00394139392301, 0.0016712808283, -0.0032316732686, -0.000930206500925, 0.00145211315248, -0.00228655012324, -0.0169032141566, 0.0373639427125, -0.0207225382328, 0.00334603548981, 0.00424204906449, -0.00441533792764], [-0.00115945981815, 0.00348388822749, -0.00124627165496, 0.00105165492278, 0.000701617391314, 0.00125226692762, -0.000135323993163, 0.00607486348599, -0.0207225382328, 0.0337189882994, -0.0139931272715, -0.0056632515043, 0.00693970825523], [0.00126151891891, -0.00414551468566, 0.00122201337945, -0.000933818111662, 0.00124220596626, -0.00317290634848, 0.00219717784785, -0.00236451788805, 0.00334603548981, -0.0139931272715, 0.028311336413, -0.0143872648478, 0.00109764386434], [-0.00113381247502, 0.00347833777778, -0.00146102299914, 0.00324154086411, -0.00107192387804, 0.00354930851609, -0.00465706456453, 0.00249870447442, 0.00424204906449, -0.0056632515043, -0.0143872648478, 0.0382580347359, -0.0181768983603], [0.000483716779854, -0.00137654470745, 0.00101286894642, -0.00193102913909, -0.000547354226001, -0.000482370931422, 0.00267173349857, 0.000496978114825, -0.00441533792764, 0.00693970825523, 0.00109764386434, -0.0181768983603, 0.0253137089312]]
    },
    "melbands": {
        "dmean": [0.00314888451248, 0.00271694082767, 0.00092680513626, 0.000788726494648, 0.000315755198244, 0.00012360731489, 6.7617977038e-05, 5.06930336996e-05, 6.44857645966e-05, 4.97569890285e-05, 4.83613621327e-05, 6.69165601721e-05, 3.91940302507e-05, 5.41075278306e-05, 3.29721951857e-05, 2.71326498478e-05, 2.36052674154e-05, 2.06727600016e-05, 1.58248276421e-05, 1.36077414936e-05, 1.44978848766e-05, 1.33563153213e-05, 1.20199592857e-05, 1.26595723486e-05, 9.42015049077e-06, 8.54749487189e-06, 6.42469285594e-06, 5.55554788662e-06, 5.79757534069e-06, 5.93389222558e-06, 4.76313016406e-06, 4.08606911151e-06, 3.46811316376e-06, 3.33915477313e-06, 2.98822556033e-06, 2.44137686423e-06, 2.44982129516e-06, 2.86918475467e-06, 2.25097619477e-06, 2.38195821112e-06],
        "dmean2": [0.00459643080831, 0.00384064693935, 0.00152293220162, 0.0010444840882, 0.000466069905087, 0.000208490266232, 0.00011094436195, 7.46259538573e-05, 0.000101176570752, 7.83269060776e-05, 7.48225793359e-05, 0.000106086721644, 6.14544551354e-05, 8.88058784767e-05, 5.22018817719e-05, 4.38309252786e-05, 3.78725635528e-05, 3.40068327205e-05, 2.62148805632e-05, 2.26409738389e-05, 2.44301936618e-05, 2.21297013923e-05, 2.00222493731e-05, 2.16054268094e-05, 1.58603488671e-05, 1.46903184941e-05, 1.07822479549e-05, 9.12686482479e-06, 9.61399473454e-06, 1.00355728136e-05, 7.68952213548e-06, 6.4764653871e-06, 5.73776515012e-06, 5.50309732716e-06, 4.89704825668e-06, 3.8879143176e-06, 3.92931497117e-06, 4.81383858641e-06, 3.81145082429e-06, 4.11819200963e-06],
        "dvar": [2.18285786104e-05, 3.25578585034e-05, 4.73937689094e-06, 5.74142632104e-06, 8.32287184949e-07, 1.29880987743e-07, 1.57378803323e-08, 9.37080990582e-09, 1.85827424559e-08, 9.32602173265e-09, 7.1099712784e-09, 1.80051245025e-08, 6.02086824841e-09, 1.27428867458e-08, 4.96250063264e-09, 2.62480948088e-09, 3.38277428291e-09, 1.88203519436e-09, 6.66327326648e-10, 4.28918928153e-10, 5.42171807449e-10, 5.54890022819e-10, 3.85238535516e-10, 5.93947557803e-10, 2.69965105826e-10, 2.58419702304e-10, 1.26344795737e-10, 7.89540308133e-11, 8.4259980937e-11, 9.71763156055e-11, 5.07728893651e-11, 3.13203039892e-11, 2.16255346963e-11, 2.27453594154e-11, 1.75689254811e-11, 1.03976540919e-11, 1.2331548109e-11, 2.27867915509e-11, 1.56221632852e-11, 2.34328442067e-11],
        "dvar2": [4.69351180072e-05, 6.41027872916e-05, 1.2036724911e-05, 8.47907449497e-06, 1.79419453161e-06, 3.61879330057e-07, 4.21133314887e-08, 1.91294482477e-08, 4.61321327805e-08, 2.34442616431e-08, 1.63622395633e-08, 4.39606111513e-08, 1.3006827615e-08, 3.32788125945e-08, 1.10964304412e-08, 5.7519784491e-09, 7.78260744738e-09, 4.93192509055e-09, 1.71555825101e-09, 1.07074094036e-09, 1.39551981082e-09, 1.41068345894e-09, 1.026245533e-09, 1.639653191e-09, 7.14045100825e-10, 7.1686373504e-10, 3.520093661e-10, 1.92383206588e-10, 2.28609312036e-10, 2.65741179062e-10, 1.32289040833e-10, 7.53732701253e-11, 5.68685619429e-11, 5.83124104558e-11, 4.50143707031e-11, 2.42764020691e-11, 3.18716476821e-11, 6.06532463143e-11, 4.26634109985e-11, 6.4807534339e-11],
        "max": [0.044195804745, 0.0573531650007, 0.0194658599794, 0.0302061885595, 0.0112775731832, 0.00512199150398, 0.00165711669251, 0.00217672111467, 0.00197640899569, 0.0022173137404, 0.00179748446681, 0.00247331778519, 0.00143585761543, 0.00251718447544, 0.00159314507619, 0.00160875730217, 0.00241203396581, 0.00178692233749, 0.000424222496804, 0.000409425440012, 0.00031622275128, 0.000434216926806, 0.000351155118551, 0.000337385281455, 0.000164782541106, 0.000158564711455, 0.000322212261381, 0.000190883351024, 0.000196723762201, 0.000105551647721, 0.000154672641656, 9.08213187358e-05, 7.93441067799e-05, 6.48657223792e-05, 5.20641806361e-05, 4.30194086221e-05, 4.743315003e-05, 4.05506762036e-05, 3.49603215e-05, 5.33235070179e-05],
        "mean": [0.0094872508198, 0.00499003054574, 0.00132745353039, 0.00122510630172, 0.000506038195454, 0.000158995433594, 0.000108466025267, 9.45292049437e-05, 0.00010494714661, 8.70133371791e-05, 9.61068071774e-05, 0.000115485658171, 8.0907404481e-05, 9.5155890449e-05, 6.58082353766e-05, 5.39388674952e-05, 4.27458653576e-05, 3.81001082133e-05, 3.04183158732e-05, 2.68459916697e-05, 2.74182839348e-05, 2.64543632511e-05, 2.32179736486e-05, 2.20112870011e-05, 1.78228074219e-05, 1.53668970597e-05, 1.3392319488e-05, 1.23427298604e-05, 1.2237138435e-05, 1.17825702546e-05, 1.07232954178e-05, 9.87491512205e-06, 8.051806617e-06, 7.29224075258e-06, 6.24461608822e-06, 5.4567940424e-06, 4.89940930493e-06, 4.64815047962e-06, 3.67021243619e-06, 3.35612298841e-06],
        "median": [0.00702740810812, 0.00238328753039, 0.000496318913065, 0.000185371973203, 0.0001076954577, 6.18643753114e-05, 4.57542701042e-05, 3.83816877729e-05, 4.64556069346e-05, 4.10112079408e-05, 4.76002678624e-05, 4.90575184813e-05, 3.04834939016e-05, 4.14206151618e-05, 2.83665958705e-05, 2.54638071056e-05, 2.01142393053e-05, 1.94827698579e-05, 1.45517487908e-05, 1.37940533023e-05, 1.44678397191e-05, 1.29054360514e-05, 1.28290002976e-05, 1.27725961647e-05, 1.01907971839e-05, 9.71918689174e-06, 8.96311303222e-06, 8.62639626575e-06, 8.51483673614e-06, 7.80513892096e-06, 7.07961953594e-06, 6.41506858301e-06, 5.94748371441e-06, 5.0846015256e-06, 4.36262462244e-06, 3.6713092868e-06, 3.20187382385e-06, 2.65283711087e-06, 2.16697230826e-06, 1.78276309271e-06],
        "min": [8.83366520553e-24, 1.1118501421e-24, 3.05250555579e-24, 6.94925241893e-24, 4.87093604412e-24, 7.09338992809e-24, 4.36969303608e-24, 4.46831169329e-24, 5.66984940385e-24, 3.02154907615e-24, 5.42057724641e-24, 8.32095610423e-24, 4.29749254173e-24, 4.07922774546e-24, 7.54047684613e-24, 3.81777951995e-24, 4.73516243271e-24, 7.22149305049e-24, 8.85803864091e-24, 1.14169282903e-23, 3.98845076008e-24, 6.53340202616e-24, 5.18543161563e-24, 4.10878518029e-24, 7.73449403032e-24, 5.87886875032e-24, 7.64536852525e-24, 8.32289512434e-24, 6.53739721222e-24, 6.42073020636e-24, 7.13723876151e-24, 8.35602018261e-24, 9.70977964889e-24, 9.59969410957e-24, 7.60101560972e-24, 6.36541882956e-24, 7.47336844892e-24, 6.85059352982e-24, 6.86326658027e-24, 9.96026034124e-24],
        "var": [9.14337433642e-05, 5.88590810366e-05, 5.04273157276e-06, 1.42061799124e-05, 1.59896217156e-06, 1.04484783492e-07, 2.55726231302e-08, 2.84490084823e-08, 3.23004059055e-08, 1.58222146496e-08, 1.79164540981e-08, 3.41687744765e-08, 2.07306722899e-08, 2.38394477492e-08, 1.30014745636e-08, 6.81168721428e-09, 5.5043001268e-09, 2.96168534142e-09, 1.6380542478e-09, 1.19593801529e-09, 1.22185783713e-09, 1.30996391512e-09, 7.97325150348e-10, 7.71957331391e-10, 4.88594831261e-10, 3.20347692817e-10, 2.07986364242e-10, 1.91594851096e-10, 1.9081128344e-10, 1.46901893427e-10, 1.34592822998e-10, 1.07565054086e-10, 5.51905326995e-11, 5.06474584494e-11, 3.90621562874e-11, 3.38374606113e-11, 2.62345301733e-11, 3.08821024309e-11, 1.77103175875e-11, 1.97026873983e-11]
    },
    "mfcc": {
        "mean": [-603.832702637, 77.1037368774, 17.3374767303, 24.3689136505, 10.0095500946, 17.1105957031, 11.9484224319, 12.4196166992, 5.72221946716, 3.45256590843, 3.08699083328, 3.18541550636, 0.454676389694],
        "cov": [[4073.45654297, -302.936065674, -579.34185791, -22.7345790863, 180.768371582, 166.89213562, 142.218795776, 154.467895508, 147.763336182, 83.5925979614, 5.4575138092, 3.80520606041, -6.83142614365], [-302.936065674, 816.297729492, 59.4611167908, -20.0554332733, -35.2314071655, -25.0595531464, 33.1305389404, 60.3436546326, 32.213684082, 53.8544616699, 80.3997268677, 64.0111236572, 55.6212310791], [-579.34185791, 59.4611167908, 731.525512695, 369.911712646, 164.712783813, 75.7599639893, 0.627952039242, -35.5703620911, -12.9080314636, -31.7540035248, -1.63299131393, -11.0166683197, -29.3993701935], [-22.7345790863, -20.0554332733, 369.911712646, 473.29385376, 302.977905273, 175.137817383, 71.6183013916, 41.715763092, 64.5994186401, 32.4282684326, 4.11714029312, -12.9029941559, -19.727186203], [180.768371582, -35.2314071655, 164.712783813, 302.977905273, 381.50012207, 208.383071899, 118.02520752, 82.4196243286, 88.8673324585, 54.7097816467, 4.27369070053, -15.2054014206, -19.1037025452], [166.89213562, -25.0595531464, 75.7599639893, 175.137817383, 208.383071899, 228.348632812, 129.154281616, 84.9722671509, 74.4343490601, 46.8431854248, 16.3971996307, 5.8877620697, -7.96309900284], [142.218795776, 33.1305389404, 0.627952039242, 71.6183013916, 118.02520752, 129.154281616, 156.626296997, 125.344398499, 86.720199585, 66.8756027222, 43.1320762634, 27.6423683167, 10.3063335419], [154.467895508, 60.3436546326, -35.5703620911, 41.715763092, 82.4196243286, 84.9722671509, 125.344398499, 170.269317627, 126.926429749, 90.2194442749, 56.8214149475, 38.5014610291, 19.2536067963], [147.763336182, 32.213684082, -12.9080314636, 64.5994186401, 88.8673324585, 74.4343490601, 86.720199585, 126.926429749, 162.054336548, 97.1032562256, 56.9437561035, 34.9659004211, 17.3562297821], [83.5925979614, 53.8544616699, -31.7540035248, 32.4282684326, 54.7097816467, 46.8431854248, 66.8756027222, 90.2194442749, 97.1032562256, 114.989486694, 68.4504394531, 36.2293243408, 19.7059440613], [5.4575138092, 80.3997268677, -1.63299131393, 4.11714029312, 4.27369070053, 16.3971996307, 43.1320762634, 56.8214149475, 56.9437561035, 68.4504394531, 108.378265381, 71.0738296509, 23.4330654144], [3.80520606041, 64.0111236572, -11.0166683197, -12.9029941559, -15.2054014206, 5.8877620697, 27.6423683167, 38.5014610291, 34.9659004211, 36.2293243408, 71.0738296509, 85.0286636353, 43.6683044434], [-6.83142614365, 55.6212310791, -29.3993701935, -19.727186203, -19.1037025452, -7.96309900284, 10.3063335419, 19.2536067963, 17.3562297821, 19.7059440613, 23.4330654144, 43.6683044434, 68.4662475586]],
