{
"lowlevel": {
    "average_loudness": 0.365222960711,
    "barkbands_crest": {
        "dmean": 2.16104459763,
        "dmean2": 3.44553017616,
        "dvar": 4.79371023178,
        "dvar2": 11.9867544174,
        "max": 26.4813346863,
        "mean": 11.2258787155,
        "median": 10.7167520523,
        "min": 2.28181195259,
        "var": 29.147605896
    },
    "barkbands_flatness_db": {
        "dmean": 0.0190133303404,
        "dmean2": 0.0289504472166,
        "dvar": 0.000478861358715,
        "dvar2": 0.00107833871152,
        "max": 0.418901383877,
        "mean": 0.13718046248,
        "median": 0.1256904006,
        "min": 0.0120489709079,
        "var": 0.00454119965434
    },
    "barkbands_kurtosis": {
        "dmean": 4.84076547623,
        "dmean2": 7.25478839874,
        "dvar": 130.322387695,
        "dvar2": 282.7918396,
        "max": 281.153503418,
        "mean": 12.2233610153,
        "median": 1.79364490509,
        "min": -1.95709621906,
        "var": 935.283752441
    },
    "barkbands_skewness": {
        "dmean": 0.601573228836,
        "dmean2": 0.895843148232,
        "dvar": 0.551722168922,
        "dvar2": 1.14688050747,
        "max": 15.5020132065,
        "mean": 2.29472398758,
        "median": 1.58423757553,
        "min": -4.51069307327,
        "var": 5.78984260559
    },
    "barkbands_spread": {
        "dmean": 5.65588283539,
        "dmean2": 8.88301944733,
        "dvar": 55.3874397278,
        "dvar2": 135.563186646,
        "max": 104.838775635,
        "mean": 25.2581233978,
        "median": 22.448184967,
        "min": 0.463370412588,
        "var": 245.366088867
    },
    "dissonance": {
        "dmean": 0.0103482548147,
        "dmean2": 0.0177182424814,
        "dvar": 0.00011730955157,
        "dvar2": 0.000322652282193,
        "max": 0.500000059605,
        "mean": 0.482534557581,
        "median": 0.486519664526,
        "min": 0.292559117079,
        "var": 0.000226008545724
    },
    "dynamic_complexity": 5.81857872009,
    "erbbands_crest": {
        "dmean": 1.94345676899,
        "dmean2": 3.20040774345,
        "dvar": 3.91809773445,
        "dvar2": 10.0553798676,
        "max": 30.2990169525,
        "mean": 6.59512901306,
        "median": 5.70010375977,
        "min": 2.22926568985,
        "var": 9.67371749878
    },
    "erbbands_flatness_db": {
        "dmean": 0.011969037354,
        "dmean2": 0.0180839281529,
        "dvar": 0.000144638950587,
        "dvar2": 0.000316904624924,
        "max": 0.352644324303,
        "mean": 0.128532975912,
        "median": 0.121496863663,
        "min": 0.0466499961913,
        "var": 0.0018176517915
    },
    "erbbands_kurtosis": {
        "dmean": 0.70771330595,
        "dmean2": 1.09303283691,
        "dvar": 2.0234246254,
        "dvar2": 4.1064043045,
        "max": 63.6473846436,
        "mean": 0.39250510931,
        "median": -0.0928223133087,
        "min": -1.86107075214,
        "var": 6.36942005157
    },
    "erbbands_skewness": {
        "dmean": 0.285292506218,
        "dmean2": 0.436241596937,
        "dvar": 0.0879642963409,
        "dvar2": 0.192911371589,
        "max": 5.08514785767,
        "mean": -0.268502473831,
        "median": -0.287073612213,
        "min": -5.56369686127,
        "var": 0.434894412756
    },
    "erbbands_spread": {
        "dmean": 7.28729629517,
        "dmean2": 11.1020565033,
        "dvar": 71.0029754639,
        "dvar2": 152.826278687,
        "max": 146.047027588,
        "mean": 41.6902389526,
        "median": 37.8391342163,
        "min": 1.91638851166,
        "var": 363.093841553
    },
    "hfc": {
        "dmean": 5.89188098907,
        "dmean2": 9.03485584259,
        "dvar": 191.030395508,
        "dvar2": 456.384765625,
        "max": 325.755462646,
        "mean": 24.2102870941,
        "median": 16.4285011292,
        "min": 1.12680012115e-16,
        "var": 789.447143555
    },
    "melbands_crest": {
        "dmean": 3.05874204636,
        "dmean2": 4.7729268074,
        "dvar": 10.9103307724,
        "dvar2": 26.4967594147,
        "max": 39.1780891418,
        "mean": 21.1939220428,
        "median": 19.8917961121,
        "min": 1.6873831749,
        "var": 109.171684265
    },
    "melbands_flatness_db": {
        "dmean": 0.0237741675228,
        "dmean2": 0.0362228415906,
        "dvar": 0.000736015033908,
        "dvar2": 0.00168752286118,
        "max": 0.522387385368,
        "mean": 0.208161026239,
        "median": 0.200805142522,
        "min": 0.00420148996636,
        "var": 0.00735299894586
    },
    "melbands_kurtosis": {
        "dmean": 17.6833877563,
        "dmean2": 26.6032943726,
        "dvar": 1965.10302734,
        "dvar2": 4475.21533203,
        "max": 1760.66931152,
        "mean": 48.8197288513,
        "median": 10.209192276,
        "min": -1.91855764389,
        "var": 17503.6308594
    },
    "melbands_skewness": {
        "dmean": 0.993393063545,
        "dmean2": 1.47107541561,
        "dvar": 1.70547568798,
        "dvar2": 3.61250567436,
        "max": 37.5358581543,
        "mean": 4.48335075378,
        "median": 3.02347230911,
        "min": -2.46859192848,
        "var": 20.3064785004
    },
    "melbands_spread": {
        "dmean": 6.81143522263,
        "dmean2": 10.6273784637,
        "dvar": 88.1913223267,
        "dvar2": 202.24609375,
        "max": 240.448791504,
        "mean": 25.5950546265,
        "median": 20.3589668274,
        "min": 0.239306569099,
        "var": 519.555847168
    },
    "pitch_salience": {
        "dmean": 0.0652502477169,
        "dmean2": 0.102528333664,
        "dvar": 0.00433434033766,
        "dvar2": 0.0103602204472,
        "max": 0.908996641636,
        "mean": 0.452951163054,
        "median": 0.492013812065,
        "min": 0.0210913587362,
        "var": 0.0402605012059
    },
    "silence_rate_20dB": {
        "dmean": 0.012461851351,
        "dmean2": 0.024926872924,
        "dvar": 0.0123059004545,
        "dvar2": 0.0314285717905,
        "max": 1,
        "mean": 0.990209817886,
        "median": 1,
        "min": 0,
        "var": 0.0096950661391
    },
    "silence_rate_30dB": {
        "dmean": 0.0658697858453,
        "dmean2": 0.131756320596,
        "dvar": 0.0615276582539,
        "dvar2": 0.146185144782,
        "max": 1,
        "mean": 0.821869015694,
        "median": 1,
        "min": 0,
        "var": 0.14640159905
    },
    "silence_rate_60dB": {
        "dmean": 0.00762970512733,
        "dmean2": 0.0152613501996,
        "dvar": 0.00757159944624,
        "dvar2": 0.0185893662274,
        "max": 1,
        "mean": 0.111379526556,
        "median": 0,
        "min": 0,
        "var": 0.0989799946547
    },
    "spectral_centroid": {
        "dmean": 251.968811035,
        "dmean2": 385.212005615,
        "dvar": 95358.65625,
        "dvar2": 207339.6875,
        "max": 11570.2539062,
        "mean": 1923.65454102,
        "median": 1849.46203613,
        "min": 164.654006958,
        "var": 647720.375
    },
    "spectral_complexity": {
        "dmean": 3.55951166153,
        "dmean2": 5.74004840851,
        "dvar": 15.5797262192,
        "dvar2": 38.0132827759,
        "max": 58,
        "mean": 21.9050216675,
        "median": 22,
        "min": 0,
        "var": 151.15612793
    },
    "spectral_decrease": {
        "dmean": 3.83344156418e-09,
        "dmean2": 5.51158940709e-09,
        "dvar": 5.92136248879e-17,
        "dvar2": 1.27637978689e-16,
        "max": 2.20975761067e-28,
        "mean": -1.45398928453e-08,
        "median": -6.52258957956e-09,
        "min": -1.25450767996e-07,
        "var": 3.45779469028e-16
    },
    "spectral_energy": {
        "dmean": 0.0146018164232,
        "dmean2": 0.0209966376424,
        "dvar": 0.00084131170297,
        "dvar2": 0.0018176920712,
        "max": 0.477191865444,
        "mean": 0.0570729039609,
        "median": 0.0267576724291,
        "min": 1.03143905155e-20,
        "var": 0.00506632775068
    },
    "spectral_energyband_high": {
        "dmean": 0.000532676640432,
        "dmean2": 0.000814708822872,
        "dvar": 2.28012072512e-06,
        "dvar2": 5.08426319357e-06,
        "max": 0.0512813851237,
        "mean": 0.00154679233674,
        "median": 0.000549713789951,
        "min": 7.40158788732e-21,
        "var": 8.66856953508e-06
    },
    "spectral_energyband_low": {
        "dmean": 0.0134362047538,
        "dmean2": 0.0192457474768,
        "dvar": 0.000884543114807,
        "dvar2": 0.00189665518701,
        "max": 0.455353796482,
        "mean": 0.0441092774272,
        "median": 0.0117503767833,
        "min": 1.95193864899e-23,
        "var": 0.00460593309253
    },
    "spectral_energyband_middle_high": {
        "dmean": 0.00148012244608,
        "dmean2": 0.00226229871623,
        "dvar": 7.7795539255e-06,
        "dvar2": 1.60243362188e-05,
        "max": 0.098710514605,
        "mean": 0.00485227443278,
        "median": 0.00358020025305,
        "min": 1.07540164124e-21,
        "var": 3.00428855553e-05
    },
    "spectral_energyband_middle_low": {
        "dmean": 0.00298587209545,
        "dmean2": 0.0044679408893,
        "dvar": 5.87170943618e-05,
        "dvar2": 0.000122600788018,
        "max": 0.13867521286,
        "mean": 0.00654546450824,
        "median": 0.00361281097867,
        "min": 1.88330708759e-22,
        "var": 0.000119010226626
    },
    "spectral_entropy": {
        "dmean": 0.0944182127714,
        "dmean2": 0.147811114788,
        "dvar": 0.0144831743091,
        "dvar2": 0.0342966988683,
        "max": 9.8172454834,
        "mean": 7.91435146332,
        "median": 7.99254512787,
        "min": 5.05682897568,
        "var": 0.11427911371
    },
    "spectral_flux": {
        "dmean": 0.0221577081829,
        "dmean2": 0.0337846502662,
        "dvar": 0.00133529235609,
        "dvar2": 0.00266127940267,
        "max": 0.586110472679,
        "mean": 0.0850431993604,
        "median": 0.072991117835,
        "min": 6.50016290793e-11,
        "var": 0.00473243976012
    },
    "spectral_kurtosis": {
        "dmean": 1.02213978767,
        "dmean2": 1.73538446426,
        "dvar": 1.76731014252,
        "dvar2": 4.96593666077,
        "max": 53.0573043823,
        "mean": 3.90989804268,
        "median": 3.27013492584,
        "min": -1.26459205151,
        "var": 6.08693218231
    },
    "spectral_rms": {
        "dmean": 0.000792610109784,
        "dmean2": 0.00116169638932,
        "dvar": 1.33148876102e-06,
        "dvar2": 2.87283228317e-06,
        "max": 0.0215766783804,
        "mean": 0.00616993568838,
        "median": 0.00510930968449,
        "min": 3.17219492861e-12,
        "var": 1.7612845113e-05
    },
    "spectral_rolloff": {
        "dmean": 413.365142822,
        "dmean2": 682.405273438,
        "dvar": 537788.75,
        "dvar2": 1240573.625,
        "max": 19207.6171875,
        "mean": 1433.91516113,
        "median": 1012.06054688,
        "min": 43.06640625,
        "var": 2854070.75
    },
    "spectral_skewness": {
        "dmean": 0.143118277192,
        "dmean2": 0.233377635479,
        "dvar": 0.0215178392828,
        "dvar2": 0.0559816546738,
        "max": 6.40939474106,
        "mean": 1.37865805626,
        "median": 1.36652052402,
        "min": -0.159680396318,
        "var": 0.132242411375
    },
    "spectral_spread": {
        "dmean": 373385.3125,
        "dmean2": 565948.3125,
        "dvar": 416344834048,
        "dvar2": 692453179392,
        "max": 42134012,
        "mean": 4696986.5,
        "median": 4665791.5,
        "min": 1228724.875,
        "var": 3.67305084109e+12
    },
    "spectral_strongpeak": {
        "dmean": 0.268432199955,
        "dmean2": 0.452014833689,
        "dvar": 0.622555971146,
        "dvar2": 1.5616890192,
        "max": 25.7033596039,
        "mean": 0.543873548508,
        "median": 0.316371947527,
        "min": 0,
        "var": 1.05822587013
    },
    "zerocrossingrate": {
        "dmean": 0.00902283377945,
        "dmean2": 0.0111088799313,
        "dvar": 0.000136414455483,
        "dvar2": 0.000167220277945,
        "max": 0.7626953125,
        "mean": 0.0597295537591,
        "median": 0.04931640625,
        "min": 0.00146484375,
        "var": 0.0021330344025
    },
    "barkbands": {
        "dmean": [0.00337390950881, 0.0107266809791, 0.00278772762977, 0.00119583879132, 0.0015475389082, 0.000615803292021, 0.000374215189368, 0.000390053202864, 0.00038575954386, 0.000371542904759, 0.000266727205599, 0.000372300943127, 0.000283952074824, 0.000261890410911, 0.000257470266661, 0.000224953997531, 0.000267560069915, 0.000203107454581, 0.00023436328047, 0.000176714922418, 0.000174600136233, 0.000132003653562, 0.000100866927824, 8.19107808638e-05, 6.2864201027e-05, 5.48337266082e-05, 2.443772064e-05],
        "dmean2": [0.0050398777239, 0.0153986243531, 0.00469541642815, 0.00206985254772, 0.00230489880778, 0.00103989511263, 0.000615562079474, 0.000570740317926, 0.000615701370407, 0.000593392178416, 0.000428514264058, 0.000608010625001, 0.000461819552584, 0.000432420172729, 0.000409214815591, 0.000365114537999, 0.000438626739196, 0.000326078938087, 0.000379768083803, 0.000281413056655, 0.000276151462458, 0.00020591217617, 0.000156979294843, 0.000136849033879, 0.000104741520772, 8.8785229309e-05, 4.20750693593e-05],
        "dvar": [6.36618860881e-05, 0.00069948687451, 0.000145269164932, 1.95965403691e-05, 3.89239139622e-05, 7.89725072536e-06, 1.57034423864e-06, 1.09303709905e-06, 7.96870551767e-07, 1.09171560325e-06, 5.48655009425e-07, 7.43338944176e-07, 6.74988029914e-07, 2.41631795461e-07, 7.87616215803e-07, 1.53629258648e-07, 6.88431441631e-07, 4.26974054335e-07, 4.34885691902e-07, 2.57694779293e-07, 2.92168863325e-07, 2.42488795266e-07, 1.27211791323e-07, 6.37307095985e-08, 4.27619291088e-08, 3.1107443732e-08, 8.75362804464e-09],
        "dvar2": [0.000148228224134, 0.00138363975566, 0.000398988195229, 5.63614594284e-05, 8.1629572378e-05, 2.22577109525e-05, 4.32301931141e-06, 2.09544350582e-06, 1.76433616161e-06, 2.26834981731e-06, 1.09169320694e-06, 1.72343948179e-06, 1.60747345035e-06, 5.94567495682e-07, 1.75467482677e-06, 3.64619808124e-07, 1.55136103785e-06, 9.61865339377e-07, 8.92196453606e-07, 5.64394611047e-07, 6.66190658194e-07, 4.1926429617e-07, 2.53582044252e-07, 1.70593082771e-07, 1.09695861283e-07, 8.36125337855e-08, 2.40699851162e-08],
        "max": [0.228808224201, 0.411395013332, 0.216481640935, 0.0707427486777, 0.130870580673, 0.0498938448727, 0.0262461826205, 0.0323542766273, 0.0568400770426, 0.0486487708986, 0.0353536978364, 0.0382731854916, 0.0376930497587, 0.0139062218368, 0.0612259060144, 0.0105390092358, 0.0496085695922, 0.0288269296288, 0.0250030886382, 0.0179680846632, 0.0225859750062, 0.0258226282895, 0.0261355470866, 0.00753294071183, 0.006875179708, 0.00344588235021, 0.00256387912668],
        "mean": [0.0102332346141, 0.0307237822562, 0.00324515369721, 0.00139337033033, 0.00230551720597, 0.000872712873388, 0.000519131193869, 0.000696584349498, 0.000646744098049, 0.000591435062233, 0.000420896016294, 0.000605346693192, 0.000493697007187, 0.00044550729217, 0.000445966084953, 0.00042760182987, 0.000458495720522, 0.000379160250304, 0.000447579514002, 0.000362633349141, 0.000376337760827, 0.000301717227558, 0.000236968888203, 0.000186068355106, 0.000135061884066, 9.4788709248e-05, 2.73851856036e-05],
        "median": [0.000958801945671, 0.00612259376794, 0.000861395266838, 0.000429035339039, 0.000706769118551, 0.000264393049292, 0.000184238626389, 0.000164493336342, 0.000229457305977, 0.000208870711504, 0.000178725385922, 0.000266146176727, 0.000242476002313, 0.000272678764304, 0.000244671449764, 0.000265653128736, 0.000232568097999, 0.00021893857047, 0.000236139792833, 0.000147626677062, 0.000135105336085, 9.1078436526e-05, 6.50288056931e-05, 4.80526177853e-05, 3.0663824873e-05, 1.69188515429e-05, 1.29561510676e-06],
        "min": [2.33385997645e-24, 1.15079817715e-24, 5.57993582674e-24, 7.39295433482e-24, 2.48692171126e-23, 2.84260031854e-23, 1.23469313999e-23, 1.24596146581e-23, 2.63002281496e-23, 2.96640541118e-23, 1.34614979845e-23, 4.76575927066e-23, 5.03668755322e-23, 5.78689679844e-23, 7.2242827782e-23, 5.77268720473e-23, 1.02345255054e-22, 1.15067770231e-22, 1.42046800568e-22, 2.42620797832e-22, 3.69960315497e-22, 4.26605122817e-22, 5.56818012687e-22, 6.82604597706e-22, 9.76162283028e-22, 1.44716045862e-21, 2.14117721043e-21],
        "var": [0.000312409305479, 0.00295331282541, 0.000110303924885, 1.39145522553e-05, 6.31805232842e-05, 7.9774954429e-06, 1.58586908583e-06, 3.7713623442e-06, 3.50757250089e-06, 2.6966315545e-06, 1.37127130984e-06, 1.45381454786e-06, 1.26274233025e-06, 5.11575251494e-07, 1.33158357585e-06, 3.53476565351e-07, 1.04747266505e-06, 6.35381240954e-07, 8.29035514016e-07, 6.65010134071e-07, 7.29077271444e-07, 7.92505034042e-07, 4.26897685202e-07, 1.45991435829e-07, 7.67488472775e-08, 4.34204707744e-08, 7.4620150059e-09]
    },
    "erbbands": {
        "dmean": [0.588409900665, 1.59641265869, 2.89451098442, 3.77959537506, 4.28198575974, 6.13556480408, 5.96504878998, 4.90685224533, 5.64266109467, 5.67139911652, 7.94131565094, 8.45961380005, 10.654045105, 9.41604709625, 12.6535720825, 11.8053884506, 12.5418844223, 10.2961025238, 13.0029830933, 13.1118297577, 12.9701738358, 14.4327173233, 11.0742731094, 11.7712287903, 10.0642356873, 8.26550579071, 8.33636760712, 6.05815410614, 5.06830978394, 3.87291574478, 2.75686478615, 2.02142381668, 1.32097291946, 0.746780335903, 0.465482920408, 0.225600078702, 0.105700105429, 0.0371466614306, 0.00382696092129, 6.11016585026e-05],
        "dmean2": [0.841925978661, 2.33995914459, 4.65492677689, 6.45268154144, 6.92593717575, 9.28366470337, 10.1248416901, 8.14830303192, 9.30538749695, 8.76957416534, 11.819984436, 13.4580507278, 17.1888790131, 14.7615070343, 20.3573665619, 19.1943683624, 20.1193580627, 16.7049121857, 21.0347576141, 21.1032848358, 21.2113761902, 23.6860408783, 17.7382392883, 18.9930477142, 16.2497062683, 13.1493110657, 13.5507087708, 9.47146034241, 7.89786863327, 6.04518842697, 4.34728002548, 3.32707548141, 2.20615887642, 1.24868202209, 0.774576842785, 0.373765915632, 0.170150518417, 0.062073096633, 0.00657129893079, 0.000102284335298],
        "dvar": [2.0670273304, 24.9343967438, 133.581512451, 232.487243652, 139.329681396, 1015.15643311, 1137.05749512, 444.988922119, 332.77947998, 328.728515625, 375.917572021, 441.32244873, 894.322753906, 1120.90661621, 1070.74108887, 650.895446777, 1006.3604126, 824.743347168, 1184.91064453, 1113.75744629, 544.799865723, 1434.09411621, 1293.23254395, 1247.4666748, 1226.15136719, 565.105163574, 887.559753418, 382.827514648, 420.660400391, 264.681884766, 119.751922607, 40.9371376038, 16.2773551941, 5.90222454071, 2.64560627937, 0.607227504253, 0.105741649866, 0.0170220751315, 0.000234564009588, 4.28828208499e-08],
        "dvar2": [4.44442749023, 45.7845420837, 341.23336792, 657.093200684, 338.93170166, 2359.40600586, 3112.17773438, 1238.46740723, 891.786010742, 838.775512695, 739.05291748, 872.924133301, 2006.36352539, 2049.79589844, 2285.12597656, 1586.65795898, 2161.97485352, 2141.99389648, 2510.01635742, 2578.14086914, 1339.76611328, 3225.90942383, 2567.67114258, 2626.09399414, 2368.75634766, 1243.47802734, 2297.85571289, 764.423583984, 827.618713379, 577.791137695, 227.989730835, 104.006500244, 44.1666679382, 14.2563924789, 7.11209821701, 1.64210391045, 0.278966128826, 0.046602960676, 0.000646366213914, 1.18755842493e-07],
        "max": [23.0875663757, 84.784866333, 196.269104004, 218.370635986, 187.83493042, 733.773803711, 611.477783203, 428.616516113, 515.837585449, 551.741699219, 587.638549805, 1633.25952148, 1778.37463379, 1771.31115723, 1674.86804199, 681.974731445, 1442.92468262, 1465.08007812, 2384.84228516, 1468.70703125, 454.615142822, 1764.45080566, 1841.04199219, 1809.67919922, 2134.83227539, 934.347412109, 1557.43847656, 946.466125488, 1175.95031738, 894.52557373, 880.073486328, 238.619216919, 120.60710907, 114.932510376, 42.9954414368, 18.08086586, 6.86253643036, 3.68305301666, 0.412363767624, 0.00585014326498],
        "mean": [1.78565299511, 3.35805654526, 3.85590481758, 4.57338094711, 6.06441068649, 7.83738327026, 7.06111431122, 7.31805324554, 7.81486606598, 9.16276931763, 15.0260887146, 14.9999828339, 17.1993484497, 17.4966888428, 21.4120101929, 21.4223041534, 23.2678623199, 18.9949550629, 23.955121994, 24.5894393921, 25.4007511139, 26.5407447815, 21.6873207092, 23.0620441437, 20.1896839142, 17.310749054, 17.3508625031, 12.7371177673, 11.1188726425, 8.71792030334, 6.46741247177, 4.44076061249, 2.84302330017, 1.64483296871, 0.893353700638, 0.413784712553, 0.168817341328, 0.0517466925085, 0.00425839656964, 0.000130592467031],
        "median": [0.245943307877, 0.898205578327, 1.23703455925, 1.56904995441, 2.13484358788, 1.97042453289, 2.00743818283, 2.36402702332, 2.97454738617, 3.00143790245, 4.99501752853, 5.58387184143, 7.18615198135, 8.23082828522, 10.3789014816, 11.5435476303, 11.6192998886, 12.1829547882, 14.7546787262, 14.7943325043, 15.6480369568, 14.2025785446, 12.9861946106, 12.8249921799, 9.69303226471, 7.06288814545, 6.24485969543, 4.37207889557, 3.39842224121, 2.49127435684, 1.76702964306, 1.12973427773, 0.733370184898, 0.378004461527, 0.190720543265, 0.0820182785392, 0.0280263349414, 0.00609962223098, 0.000208389887121, 5.15226638527e-05],
        "min": [1.38481565795e-22, 3.44548164866e-22, 5.14690841059e-21, 2.49933203694e-20, 5.54085059238e-20, 6.78714811167e-20, 1.67550447855e-19, 2.13904822202e-19, 1.23964918437e-19, 2.16727524343e-19, 4.44108101001e-19, 5.23466413102e-19, 6.04280924973e-19, 1.36607213462e-18, 1.49960803681e-18, 2.15759412834e-18, 2.77863678275e-18, 3.33392705707e-18, 2.90827604387e-18, 3.64428480931e-18, 4.24854314191e-18, 6.23699806693e-18, 7.26073829972e-18, 7.1660939484e-18, 7.90765309574e-18, 1.12349664302e-17, 1.28943403698e-17, 1.63646236014e-17, 1.42091629786e-17, 1.26301016591e-17, 1.5125599688e-17, 1.3109498319e-17, 9.68031438333e-18, 1.02274836052e-17, 6.68655129111e-18, 5.24695386357e-18, 2.59162406755e-18, 1.03264658984e-18, 2.62750276813e-19, 3.17298340416e-20],
        "var": [9.33713626862, 61.1012916565, 126.753639221, 164.636947632, 187.525436401, 1293.95788574, 803.818359375, 507.50479126, 383.93258667, 501.38104248, 1304.65087891, 2602.14135742, 1739.06494141, 3210.26269531, 2029.55432129, 1227.69287109, 2534.55932617, 1101.34936523, 2634.64282227, 2187.96875, 1197.16430664, 2614.0078125, 2174.4152832, 2116.52954102, 2479.43457031, 1430.4934082, 1666.87585449, 1081.65820312, 1138.65466309, 603.729858398, 361.586242676, 97.0829772949, 32.9788093567, 11.6215333939, 3.83270335197, 0.811561107635, 0.14619076252, 0.0178166795522, 0.000196775159566, 5.07756610091e-08]
    },
    "gfcc": {
        "mean": [-17.0954399109, 68.961265564, -115.320297241, 42.8074378967, -39.4498100281, 24.8802700043, -25.7484798431, 15.2521781921, -19.1470375061, 5.36591243744, -13.7508230209, 4.15317964554, -9.56984138489],
        "cov": [[22846.9882812, -771.210021973, 529.393859863, -111.889274597, 57.5766334534, 135.716217041, 110.946601868, 325.76083374, 41.388420105, 631.901855469, 43.7592201233, 382.009643555, -70.4069290161], [-771.210021973, 2025.21813965, -483.886749268, -286.745574951, -31.1488380432, -337.001098633, -147.194046021, -184.600067139, 23.9758663177, -229.199035645, 1.49179947376, -192.440246582, 18.8868618011], [529.393859863, -483.886749268, 1025.69494629, 203.326858521, 244.967681885, 190.741790771, 139.480560303, 80.097114563, 42.7234458923, 139.317428589, 21.8707180023, 98.9550704956, -6.52619028091], [-111.889274597, -286.745574951, 203.326858521, 411.309387207, 99.6071777344, 172.18460083, 86.3612289429, 41.6059761047, 16.8584499359, 42.8214683533, 21.743812561, 10.040517807, 23.6696681976], [57.5766334534, -31.1488380432, 244.967681885, 99.6071777344, 318.183105469, 127.955543518, 121.394477844, 50.1402053833, 57.5758705139, 48.1651878357, 31.4593963623, 22.194519043, 11.7885885239], [135.716217041, -337.001098633, 190.741790771, 172.18460083, 127.955543518, 308.689544678, 152.312210083, 105.89756012, 62.3037986755, 75.7932128906, 49.9538803101, 41.002986908, 29.6161136627], [110.946601868, -147.194046021, 139.480560303, 86.3612289429, 121.394477844, 152.312210083, 204.038650513, 98.2015762329, 81.5354690552, 64.0561904907, 46.9642562866, 26.0591030121, 25.4053134918], [325.76083374, -184.600067139, 80.097114563, 41.6059761047, 50.1402053833, 105.89756012, 98.2015762329, 140.596405029, 80.7256546021, 66.4130401611, 39.7745246887, 36.5573387146, 14.7938528061], [41.388420105, 23.9758663177, 42.7234458923, 16.8584499359, 57.5758705139, 62.3037986755, 81.5354690552, 80.7256546021, 137.760070801, 63.6688652039, 61.0779495239, 17.7927913666, 27.1240119934], [631.901855469, -229.199035645, 139.317428589, 42.8214683533, 48.1651878357, 75.7932128906, 64.0561904907, 66.4130401611, 63.6688652039, 128.534378052, 50.9404449463, 54.9529914856, 12.2977876663], [43.7592201233, 1.49179947376, 21.8707180023, 21.743812561, 31.4593963623, 49.9538803101, 46.9642562866, 39.7745246887, 61.0779495239, 50.9404449463, 103.40460968, 42.8544006348, 42.7215042114], [382.009643555, -192.440246582, 98.9550704956, 10.040517807, 22.194519043, 41.002986908, 26.0591030121, 36.5573387146, 17.7927913666, 54.9529914856, 42.8544006348, 90.3949356079, 30.7377300262], [-70.4069290161, 18.8868618011, -6.52619028091, 23.6696681976, 11.7885885239, 29.6161136627, 25.4053134918, 14.7938528061, 27.1240119934, 12.2977876663, 42.7215042114, 30.7377300262, 71.2014770508]],
        "icov": [[5.84232948313e-05, -5.88256480114e-05, 1.69365630427e-05, 4.63741844214e-06, 1.55981015268e-05, -8.61561147758e-06, 1.00737725006e-05, -0.000137593538966, 0.000185416822205, -0.000414017849835, 0.000171048974153, -0.000238460197579, 0.000100568213384], [-5.88256480114e-05, 0.00118039536756, 2.87925122393e-05, 0.000432582222857, -0.000540301960427, 0.000757916073781, 0.000103899968963, 0.000891407544259, -0.00128250871785, 0.00176883500535, -0.00132088782266, 0.00220179045573, -0.000935439369641], [1.69365630427e-05, 2.87925122393e-05, 0.00156895222608, -0.00042879753164, -0.000846676004585, -0.000112629451905, -0.000242868205532, 0.000315642682835, 6.97777213645e-05, -0.00102643691935, 0.000808485026937, -0.0015346793225, 0.000831694458611], [4.63741844214e-06, 0.000432582222857, -0.00042879753164, 0.0036462850403, -0.000390995613998, -0.00143050902989, 3.75054551114e-05, 0.000414727750467, 0.000469155755127, -8.21725043352e-05, -0.000577823200729, 0.00231382087804, -0.00161811546423], [1.55981015268e-05, -0.000540301960427, -0.000846676004585, -0.000390995613998, 0.00507333921269, -0.00107490678784, -0.0019924887456, 0.000727628648747, -0.00060958560789, -0.000145210782648, 0.000346759945387, -0.0009672055603, 0.000844788562972], [-8.61561147758e-06, 0.000757916073781, -0.000112629451905, -0.00143050902989, -0.00107490678784, 0.00739813875407, -0.00263399165124, -0.00209122733213, 0.000525852316059, 0.000311290903483, -0.0014010356972, 0.00122938607819, -0.00121345813386], [1.00737725006e-05, 0.000103899968963, -0.000242868205532, 3.75054551114e-05, -0.0019924887456, -0.00263399165124, 0.0109519213438, -0.0036607994698, -0.00177356298082, -0.000424287572969, -0.000528199365363, 0.00181175570469, -0.00149025162682], [-0.000137593538966, 0.000891407544259, 0.000315642682835, 0.000414727750467, 0.000727628648747, -0.00209122733213, -0.0036607994698, 0.0166843440384, -0.00768743734807, 0.000394684990169, 0.000582881621085, -0.00240027648397, 0.00165435124654], [0.000185416822205, -0.00128250871785, 6.97777213645e-05, 0.000469155755127, -0.00060958560789, 0.000525852316059, -0.00177356298082, -0.00768743734807, 0.0180656742305, -0.00722506921738, -0.00411482714117, 0.00340710114688, -0.00214983103797], [-0.000414017849835, 0.00176883500535, -0.00102643691935, -8.21725043352e-05, -0.000145210782648, 0.000311290903483, -0.000424287572969, 0.000394684990169, -0.00722506921738, 0.0208049602807, -0.00557323917747, -0.00304225063883, 0.00283489283174], [0.000171048974153, -0.00132088782266, 0.000808485026937, -0.000577823200729, 0.000346759945387, -0.0014010356972, -0.000528199365363, 0.000582881621085, -0.00411482714117, -0.00557323917747, 0.0206653419882, -0.00773624703288, -0.0051510958001], [-0.000238460197579, 0.00220179045573, -0.0015346793225, 0.00231382087804, -0.0009672055603, 0.00122938607819, 0.00181175570469, -0.00240027648397, 0.00340710114688, -0.00304225063883, -0.00773624703288, 0.0264853350818, -0.00979305431247], [0.000100568213384, -0.000935439369641, 0.000831694458611, -0.00161811546423, 0.000844788562972, -0.00121345813386, -0.00149025162682, 0.00165435124654, -0.00214983103797, 0.00283489283174, -0.0051510958001, -0.00979305431247, 0.0232069529593]]
    },
    "melbands": {
        "dmean": [0.00393670285121, 0.00149341463111, 0.000631123431958, 0.000368080887711, 0.000225171970669, 0.000112373847514, 8.1781327026e-05, 7.25519930711e-05, 6.2715887907e-05, 5.48533644178e-05, 5.60527805646e-05, 4.14503556385e-05, 4.10085485782e-05, 4.53696738987e-05, 3.09284114337e-05, 2.4852108254e-05, 2.06177519431e-05, 2.43204394792e-05, 1.97530971491e-05, 1.5552759578e-05, 1.6189624148e-05, 1.64165630849e-05, 1.32434870466e-05, 9.80183358479e-06, 1.04899927464e-05, 9.03968884813e-06, 7.01004410075e-06, 5.74863906877e-06, 6.1885298237e-06, 4.03189187637e-06, 3.77000674234e-06, 3.2317127534e-06, 2.80068979919e-06, 2.26721317631e-06, 1.77850552063e-06, 1.45007049923e-06, 1.30743239879e-06, 1.02592002804e-06, 7.87240423961e-07, 6.38118137886e-07],
        "dmean2": [0.00560901686549, 0.00217054085806, 0.00107080547605, 0.000542088295333, 0.000371725938749, 0.000187158948393, 0.000135021240567, 0.000108921631181, 9.4480907137e-05, 8.73471799423e-05, 9.06059649424e-05, 6.51624068269e-05, 6.53609240544e-05, 7.4519230111e-05, 5.06171527377e-05, 4.01998731832e-05, 3.36460725521e-05, 4.00966819143e-05, 3.17967642331e-05, 2.52883601206e-05, 2.67338546109e-05, 2.73041150649e-05, 2.15857107833e-05, 1.57547347044e-05, 1.71566643985e-05, 1.47484270201e-05, 1.12531179184e-05, 9.2399714049e-06, 1.00389961517e-05, 6.52904373055e-06, 5.94335915594e-06, 5.15971441928e-06, 4.46935973741e-06, 3.57760518455e-06, 2.83979215965e-06, 2.37277026827e-06, 2.19661819756e-06, 1.73297019046e-06, 1.30904152229e-06, 1.07303571895e-06],
        "dvar": [8.86790876393e-05, 2.3619073545e-05, 5.67038478039e-06, 1.87576165445e-06, 1.72253476194e-06, 2.34870611848e-07, 7.49955546553e-08, 4.2518230714e-08, 1.96372855754e-08, 1.90969053904e-08, 2.35555503991e-08, 1.90921802812e-08, 1.19989422842e-08, 1.21554446508e-08, 4.71232564081e-09, 5.62675950277e-09, 2.71425348863e-09, 3.16528581124e-09, 5.97288218884e-09, 7.88942355889e-10, 9.27735277489e-10, 1.51732915121e-09, 4.50732384749e-09, 8.32543756157e-10, 1.05321118493e-09, 5.2412973961e-10, 8.06561817335e-10, 2.74228750818e-10, 4.61748028702e-10, 1.43588446688e-10, 1.86709245287e-10, 2.08718306527e-10, 1.38111383441e-10, 8.60586324425e-11, 5.5190629844e-11, 2.10428254682e-11, 1.79492202351e-11, 9.27123568889e-12, 5.56203911053e-12, 4.52219381733e-12],
        "dvar2": [0.000185062846867, 4.94353371323e-05, 1.58501952683e-05, 3.71329974769e-06, 4.55036752101e-06, 6.57480256905e-07, 2.03410223776e-07, 9.86628023725e-08, 4.01152320251e-08, 3.89535870227e-08, 5.28947516898e-08, 3.53699149969e-08, 2.45962645806e-08, 2.84635781611e-08, 1.08826938572e-08, 1.39052316328e-08, 6.95340318657e-09, 6.94988555594e-09, 1.45956668973e-08, 1.78072767643e-09, 2.32548980073e-09, 3.90287757668e-09, 8.22773582598e-09, 1.80531289917e-09, 2.28352337039e-09, 1.08692910228e-09, 1.63567337452e-09, 6.07942363118e-10, 1.18538689975e-09, 3.2906896652e-10, 3.74369063527e-10, 4.88251050701e-10, 2.98737673488e-10, 1.90611443296e-10, 1.02911339173e-10, 4.96392614513e-11, 4.75959896495e-11, 2.53089701974e-11, 1.39113460335e-11, 1.08563288567e-11],
        "max": [0.14501310885, 0.0797517672181, 0.0341821461916, 0.0352664813399, 0.0238739699125, 0.00963574275374, 0.00681666890159, 0.00642703659832, 0.00386042753235, 0.0105899926275, 0.00899346731603, 0.00723335659131, 0.00571312522516, 0.00458332104608, 0.00281727849506, 0.0038754530251, 0.00244323932566, 0.00321674137376, 0.00444903271273, 0.000924590567593, 0.000681204081047, 0.000987609033473, 0.00444721616805, 0.00103407609276, 0.00175849883817, 0.00099538534414, 0.00192434352357, 0.000694456219207, 0.00102256075479, 0.000425940903369, 0.00081152934581, 0.000830240314826, 0.000526275194716, 0.000479019217892, 0.000570705393329, 0.000276613631286, 0.000110357461381, 7.2009221185e-05, 9.32008624659e-05, 0.000106707440864],
        "mean": [0.0120733259246, 0.00266937399283, 0.000826510018669, 0.000536233128514, 0.000269071781076, 0.000167723526829, 0.000112254441774, 0.00012153636635, 0.000116330433229, 9.32325710892e-05, 8.7531770987e-05, 7.40357427276e-05, 6.76954296068e-05, 7.16117283446e-05, 5.41436311323e-05, 4.29567990068e-05, 3.51333073922e-05, 4.09742460761e-05, 3.30960356223e-05, 2.96728867397e-05, 2.86019858322e-05, 2.76100672636e-05, 2.31970971072e-05, 1.75901332113e-05, 1.88831527339e-05, 1.64993634826e-05, 1.27745870486e-05, 1.09215197881e-05, 1.15850598377e-05, 8.19349406811e-06, 7.11767461326e-06, 6.3040997702e-06, 5.69880194234e-06, 4.55640474684e-06, 3.8154230424e-06, 3.09566235046e-06, 2.58539853348e-06, 2.07644757211e-06, 1.60659453741e-06, 1.30052842451e-06],
        "median": [0.00199524522759, 0.000990834552795, 0.00032325804932, 0.000156915513799, 7.70875412854e-05, 5.54472353542e-05, 4.20324831794e-05, 3.24567408825e-05, 4.23020101152e-05, 3.13243363053e-05, 3.3748565329e-05, 3.24342472595e-05, 3.09039387503e-05, 2.84951638605e-05, 2.52568370342e-05, 2.31535650528e-05, 2.17332999455e-05, 2.33816936088e-05, 1.84367218026e-05, 1.86514062079e-05, 1.67117068486e-05, 1.38496407089e-05, 1.22635910884e-05, 9.72357520368e-06, 1.00931974885e-05, 8.40644315758e-06, 4.92192975798e-06, 4.38259257862e-06, 4.20199694418e-06, 2.74164358416e-06, 2.32570823755e-06, 1.9158055693e-06, 1.52831375999e-06, 1.25960445985e-06, 1.0124426808e-06, 8.09595292139e-07, 6.04457000009e-07, 5.21729589309e-07, 3.87355157727e-07, 2.80513773987e-07],
        "min": [2.22758641024e-24, 1.80768028634e-24, 5.9055527593e-24, 4.21836387648e-24, 5.08733084561e-24, 4.78003994074e-24, 2.17960493176e-24, 2.27666894133e-24, 4.37425462426e-24, 3.1930442815e-24, 2.50490750324e-24, 5.46596672518e-24, 5.09534409469e-24, 5.54874189996e-24, 6.36444734736e-24, 4.78115262905e-24, 5.80140458157e-24, 3.80467811803e-24, 6.68539264563e-24, 2.48166351945e-24, 4.07563961163e-24, 6.81543636586e-24, 5.90905490728e-24, 5.28093821657e-24, 5.14330920431e-24, 5.85382754417e-24, 6.13022823371e-24, 5.7083040064e-24, 5.42603182514e-24, 9.2384518241e-24, 8.81115979276e-24, 7.33501250134e-24, 8.18547161034e-24, 6.11098633851e-24, 7.60797809606e-24, 6.29085688009e-24, 7.46916934232e-24, 5.66559192155e-24, 7.03205362613e-24, 7.89106477621e-24],
        "var": [0.000412535679061, 4.01381948905e-05, 4.2232445594e-06, 3.35394838658e-06, 1.31791637159e-06, 2.64103817926e-07, 8.15210086103e-08, 9.43285485278e-08, 6.28620568932e-08, 1.09195049447e-07, 4.53028619063e-08, 5.51824541617e-08, 2.61175987504e-08, 2.35001564874e-08, 1.1664551991e-08, 8.2679250113e-09, 3.85042442375e-09, 7.37300620557e-09, 7.56848539396e-09, 1.97872584984e-09, 1.75607606234e-09, 2.65529509491e-09, 6.45512265862e-09, 1.37477318418e-09, 1.60778212965e-09, 1.0768880232e-09, 1.57609503226e-09, 6.13627926249e-10, 8.20423895487e-10, 3.49166529023e-10, 4.84034201609e-10, 4.1683226315e-10, 3.1480243412e-10, 1.7620624404e-10, 1.55796528456e-10, 5.4120721793e-11, 3.54872416175e-11, 1.82454797798e-11, 1.09628590927e-11, 7.9437498246e-12]
    },
    "mfcc": {
        "mean": [-654.251403809, 98.1285476685, -7.07505941391, 26.5458526611, 12.5166110992, 15.1443386078, 10.0135602951, 12.5601034164, 5.91635131836, 6.64523506165, 3.04409337044, 3.36713838577, 1.64653229713],
        "cov": [[14973.7822266, 691.131408691, 87.3325119019, 369.430023193, -14.6750593185, 198.475692749, 62.0661735535, 5.57703638077, 61.323059082, 148.580413818, 57.3760452271, 144.595596313, 141.404785156], [691.131408691, 1915.69250488, -388.834472656, -36.487159729, -62.4040336609, -206.29510498, -207.955352783, -88.8502883911, -101.331581116, -85.7144699097, -102.621772766, -56.7810401917, -32.0296211243], [87.3325119019, -388.834472656, 633.991882324, 134.690719604, 130.478820801, 147.203567505, 117.133514404, 48.1218948364, 60.0536956787, 48.0746650696, 69.8993453979, 46.7392883301, 24.396938324], [369.430023193, -36.487159729, 134.690719604, 249.439682007, 88.5432815552, 81.5896224976, 52.987537384, 16.0231227875, 21.6357402802, 20.0030403137, 17.2821979523, 7.21327924728, 2.89671301842], [-14.6750593185, -62.4040336609, 130.478820801, 88.5432815552, 206.088150024, 114.499916077, 83.0391693115, 50.5243034363, 40.1131973267, 38.2537384033, 38.9538192749, 25.7269020081, 15.3844547272], [198.475692749, -206.29510498, 147.203567505, 81.5896224976, 114.499916077, 205.237792969, 134.364715576, 67.8696517944, 65.6491622925, 57.0813369751, 50.9645004272, 37.8678321838, 22.0013923645], [62.0661735535, -207.955352783, 117.133514404, 52.987537384, 83.0391693115, 134.364715576, 170.350891113, 88.013092041, 66.3068313599, 58.2771110535, 49.72057724, 38.0002555847, 24.5301399231], [5.57703638077, -88.8502883911, 48.1218948364, 16.0231227875, 50.5243034363, 67.8696517944, 88.013092041, 119.437919617, 69.1896286011, 53.8681526184, 43.9295692444, 33.4656677246, 24.1715316772], [61.323059082, -101.331581116, 60.0536956787, 21.6357402802, 40.1131973267, 65.6491622925, 66.3068313599, 69.1896286011, 102.732910156, 68.3328323364, 50.7941246033, 37.0929641724, 23.9394264221], [148.580413818, -85.7144699097, 48.0746650696, 20.0030403137, 38.2537384033, 57.0813369751, 58.2771110535, 53.8681526184, 68.3328323364, 101.873100281, 64.7904663086, 41.801940918, 27.9714832306], [57.3760452271, -102.621772766, 69.8993453979, 17.2821979523, 38.9538192749, 50.9645004272, 49.72057724, 43.9295692444, 50.7941246033, 64.7904663086, 95.6767654419, 55.1358604431, 30.354139328], [144.595596313, -56.7810401917, 46.7392883301, 7.21327924728, 25.7269020081, 37.8678321838, 38.0002555847, 33.4656677246, 37.0929641724, 41.801940918, 55.1358604431, 82.6370925903, 47.4197425842], [141.404785156, -32.0296211243, 24.396938324, 2.89671301842, 15.3844547272, 22.0013923645, 24.5301399231, 24.1715316772, 23.9394264221, 27.9714832306, 30.354139328, 47.4197425842, 67.1157150269]],
